Time (sec),S:Load (lbs),S:HL1 (DIM),S:LVDT (in),S:Position (in),Ch:Position (mm),Ch:Load (N),Ch:Stress (MPa),Ch:Strain (mm/mm),Ch:HL1 (DIM),Set Point (),Cycles ()
0.200000,-0.604355,-547.693970,-0.012262,-0.316756,-8.045600,-2.688305,-0.136949,-80.455994,-547.693970,-8.045600,0.000000
0.300000,-0.603241,-547.649475,-0.012202,-0.316756,-8.045600,-2.683350,-0.136696,-80.455994,-547.649475,-8.045600,0.000000
0.400000,-0.612167,-547.693970,-0.012430,-0.316659,-8.043144,-2.723056,-0.138719,-80.431450,-547.693970,-8.030665,0.000000
0.500000,-0.598770,-547.738403,-0.012219,-0.313291,-7.957593,-2.663463,-0.135683,-79.575935,-547.738403,-7.945981,0.000000
0.600000,-0.587219,-547.782898,-0.012335,-0.309949,-7.872692,-2.612082,-0.133066,-78.726921,-547.782898,-7.861296,0.000000
0.700000,-0.525787,-547.604980,-0.012314,-0.306610,-7.787903,-2.338819,-0.119145,-77.879036,-547.604980,-7.776612,0.000000
0.800000,-0.524658,-547.738403,-0.012279,-0.303275,-7.703184,-2.333796,-0.118889,-77.031837,-547.738403,-7.691927,0.000000
0.900000,-0.530258,-547.738403,-0.012240,-0.299940,-7.618464,-2.358706,-0.120158,-76.184647,-547.738403,-7.607243,0.000000
1.000000,-0.498978,-547.738403,-0.012275,-0.296602,-7.533701,-2.219563,-0.113070,-75.337013,-547.738403,-7.522558,0.000000
1.100000,-0.516098,-547.738403,-0.012232,-0.293269,-7.449035,-2.295719,-0.116949,-74.490349,-547.738403,-7.437873,0.000000
1.200000,-0.469559,-547.738403,-0.012236,-0.289933,-7.364307,-2.088701,-0.106404,-73.643074,-547.738403,-7.353189,0.000000
1.300000,-0.468445,-547.738403,-0.012219,-0.286598,-7.279578,-2.083747,-0.106151,-72.795784,-547.738403,-7.268322,0.000000
1.400000,-0.472534,-547.738403,-0.012258,-0.283264,-7.194894,-2.101937,-0.107078,-71.948944,-547.738403,-7.183638,0.000000
1.500000,-0.439026,-547.738403,-0.012327,-0.279927,-7.110140,-1.952885,-0.099485,-71.101402,-547.738403,-7.098953,0.000000
1.600000,-0.468811,-547.782898,-0.012206,-0.276593,-7.025465,-2.085376,-0.106234,-70.254646,-547.782898,-7.014269,0.000000
1.700000,-0.443481,-547.782898,-0.012344,-0.273258,-6.940762,-1.972704,-0.100494,-69.407623,-547.782898,-6.929584,0.000000
1.800000,-0.439392,-547.782898,-0.012197,-0.269924,-6.856061,-1.954514,-0.099568,-68.560608,-547.782898,-6.844899,0.000000
1.900000,-0.449814,-547.782898,-0.012331,-0.266590,-6.771384,-2.000872,-0.101929,-67.713844,-547.782898,-6.760214,0.000000
2.000000,-0.394714,-547.738403,-0.012322,-0.263253,-6.686631,-1.755777,-0.089444,-66.866310,-547.738403,-6.675530,0.000000
2.100000,-0.426727,-547.782898,-0.012266,-0.259919,-6.601938,-1.898178,-0.096698,-66.019379,-547.782898,-6.590663,0.000000
2.200000,-0.417053,-547.782898,-0.012249,-0.256585,-6.517253,-1.855145,-0.094506,-65.172531,-547.782898,-6.505979,0.000000
2.300000,-0.382797,-547.827393,-0.012331,-0.253248,-6.432490,-1.702767,-0.086743,-64.324905,-547.827393,-6.421295,0.000000
2.400000,-0.408859,-547.738403,-0.012301,-0.249915,-6.347832,-1.818697,-0.092649,-63.478321,-547.738403,-6.336610,0.000000
2.500000,-0.388000,-547.827393,-0.012284,-0.246579,-6.263095,-1.725912,-0.087922,-62.630955,-547.827393,-6.251925,0.000000
2.600000,-0.401413,-547.782898,-0.012288,-0.243244,-6.178385,-1.785574,-0.090961,-61.783848,-547.782898,-6.167241,0.000000
2.700000,-0.407364,-547.782898,-0.012335,-0.239909,-6.093700,-1.812045,-0.092310,-60.937000,-547.782898,-6.082556,0.000000
2.800000,-0.370499,-547.782898,-0.012301,-0.236573,-6.008955,-1.648060,-0.083956,-60.089550,-547.782898,-5.997871,0.000000
2.900000,-0.404022,-547.827393,-0.012262,-0.233238,-5.924253,-1.797181,-0.091553,-59.242531,-547.827393,-5.913187,0.000000
3.000000,-0.372360,-547.827393,-0.012284,-0.229904,-5.839551,-1.656341,-0.084378,-58.395508,-547.827393,-5.828321,0.000000
3.100000,-0.383530,-547.738403,-0.012227,-0.226567,-5.754814,-1.706025,-0.086909,-57.548141,-547.738403,-5.743636,0.000000
3.200000,-0.398056,-547.827393,-0.012344,-0.223234,-5.670147,-1.770642,-0.090201,-56.701469,-547.827393,-5.658951,0.000000
3.300000,-0.363800,-547.782898,-0.012314,-0.219898,-5.585410,-1.618263,-0.082438,-55.854103,-547.782898,-5.574266,0.000000
3.400000,-0.377579,-547.827393,-0.012296,-0.216564,-5.500735,-1.679554,-0.085561,-55.007347,-547.827393,-5.489582,0.000000
3.500000,-0.376083,-547.827393,-0.012240,-0.213229,-5.416015,-1.672902,-0.085222,-54.160152,-547.827393,-5.404897,0.000000
3.600000,-0.346298,-547.871887,-0.012331,-0.209893,-5.331278,-1.540411,-0.078472,-53.312786,-547.871887,-5.320213,0.000000
3.700000,-0.376465,-547.871887,-0.012245,-0.206559,-5.246603,-1.674599,-0.085308,-52.466030,-547.871887,-5.235528,0.000000
3.800000,-0.338852,-547.827393,-0.012245,-0.203224,-5.161883,-1.507289,-0.076785,-51.618835,-547.827393,-5.150661,0.000000
3.900000,-0.369019,-547.871887,-0.012240,-0.199889,-5.077173,-1.641477,-0.083621,-50.771729,-547.871887,-5.065977,0.000000
4.000000,-0.360077,-547.827393,-0.012352,-0.196554,-4.992480,-1.601702,-0.081595,-49.924797,-547.827393,-4.981292,0.000000
4.100000,-0.339218,-547.871887,-0.012335,-0.193218,-4.907734,-1.508918,-0.076868,-49.077343,-547.871887,-4.896608,0.000000
4.200000,-0.373856,-547.871887,-0.012210,-0.189884,-4.823050,-1.662993,-0.084717,-48.230495,-547.871887,-4.811923,0.000000
4.300000,-0.381668,-547.916382,-0.012197,-0.186549,-4.738357,-1.697744,-0.086487,-47.383564,-547.916382,-4.727239,0.000000
4.400000,-0.382050,-547.916382,-0.012309,-0.183214,-4.653637,-1.699441,-0.086574,-46.536373,-547.916382,-4.642554,0.000000
4.500000,-0.391357,-547.871887,-0.012262,-0.179880,-4.568953,-1.740845,-0.088683,-45.689526,-547.871887,-4.557869,0.000000
4.600000,-0.345551,-547.916382,-0.012227,-0.176544,-4.484207,-1.537086,-0.078303,-44.842072,-547.916382,-4.473185,0.000000
4.700000,-0.384659,-547.827393,-0.012236,-0.173210,-4.399522,-1.711048,-0.087165,-43.995224,-547.827393,-4.388318,0.000000
4.800000,-0.369019,-547.916382,-0.012232,-0.169875,-4.314821,-1.641477,-0.083621,-43.148209,-547.916382,-4.303634,0.000000
4.900000,-0.354492,-547.827393,-0.012202,-0.166539,-4.230093,-1.576860,-0.080329,-42.300930,-547.827393,-4.218949,0.000000
5.000000,-0.389130,-547.871887,-0.012344,-0.163205,-4.145417,-1.730935,-0.088178,-41.454166,-547.871887,-4.134264,0.000000
5.100000,-0.361191,-547.960815,-0.012197,-0.159870,-4.060689,-1.606657,-0.081847,-40.606888,-547.960815,-4.049580,0.000000
5.200000,-0.352631,-547.960815,-0.012240,-0.156535,-3.975978,-1.568579,-0.079907,-39.759785,-547.960815,-3.964895,0.000000
5.300000,-0.368271,-547.916382,-0.012210,-0.153201,-3.891311,-1.638151,-0.083451,-38.913109,-547.916382,-3.880211,0.000000
5.400000,-0.335876,-547.916382,-0.012322,-0.149865,-3.806566,-1.494053,-0.076111,-38.065659,-547.916382,-3.795526,0.000000
5.500000,-0.380554,-547.916382,-0.012210,-0.146531,-3.721881,-1.692790,-0.086235,-37.218815,-547.916382,-3.710841,0.000000
5.600000,-0.352264,-547.960815,-0.012262,-0.143196,-3.637171,-1.566950,-0.079824,-36.371704,-547.960815,-3.625975,0.000000
5.700000,-0.355240,-547.871887,-0.012223,-0.139860,-3.552434,-1.580186,-0.080499,-35.524338,-547.871887,-3.541290,0.000000
5.800000,-0.377579,-547.916382,-0.012361,-0.136526,-3.467749,-1.679554,-0.085561,-34.677494,-547.916382,-3.456606,0.000000
5.900000,-0.347046,-547.916382,-0.012219,-0.133190,-3.383030,-1.543737,-0.078642,-33.830299,-547.916382,-3.371921,0.000000
6.000000,-0.370499,-548.005310,-0.012249,-0.129855,-3.298328,-1.648060,-0.083956,-32.983280,-548.005310,-3.287236,0.000000
6.100000,-0.365662,-547.916382,-0.012314,-0.126521,-3.213626,-1.626544,-0.082860,-32.136265,-547.916382,-3.202552,0.000000
6.200000,-0.344437,-547.916382,-0.012206,-0.123185,-3.128890,-1.532131,-0.078050,-31.288897,-547.916382,-3.117867,0.000000
6.300000,-0.361572,-548.005310,-0.012266,-0.119851,-3.044222,-1.608354,-0.081933,-30.442225,-548.005310,-3.033183,0.000000
6.400000,-0.332153,-547.960815,-0.012292,-0.116516,-2.959512,-1.477492,-0.075267,-29.595118,-547.960815,-2.948316,0.000000
6.500000,-0.374222,-547.960815,-0.012223,-0.113181,-2.874801,-1.664622,-0.084800,-28.748013,-547.960815,-2.863631,0.000000
6.600000,-0.383163,-547.960815,-0.012223,-0.109847,-2.790117,-1.704396,-0.086826,-27.901165,-547.960815,-2.778947,0.000000
6.700000,-0.348160,-547.916382,-0.012309,-0.106511,-2.705389,-1.548692,-0.078894,-27.053886,-547.916382,-2.694262,0.000000
6.800000,-0.391724,-547.960815,-0.012335,-0.103177,-2.620695,-1.742474,-0.088766,-26.206953,-547.960815,-2.609577,0.000000
6.900000,-0.361191,-547.916382,-0.012318,-0.099842,-2.535985,-1.606657,-0.081847,-25.359848,-547.916382,-2.524893,0.000000
7.000000,-0.376831,-547.960815,-0.012210,-0.096506,-2.451257,-1.676228,-0.085391,-24.512568,-547.960815,-2.440208,0.000000
7.100000,-0.379807,-548.049805,-0.012288,-0.093172,-2.366581,-1.689464,-0.086065,-23.665810,-548.049805,-2.355524,0.000000
7.200000,-0.348907,-547.960815,-0.012344,-0.089837,-2.281853,-1.552018,-0.079064,-22.818529,-547.960815,-2.270839,0.000000
7.300000,-0.377945,-548.049805,-0.012365,-0.086502,-2.197160,-1.681183,-0.085644,-21.971598,-548.049805,-2.185972,0.000000
7.400001,-0.364548,-548.005310,-0.012305,-0.083168,-2.112466,-1.621589,-0.082608,-21.124664,-548.005310,-2.101288,0.000000
7.500000,-0.347412,-548.005310,-0.012288,-0.079832,-2.027739,-1.545366,-0.078725,-20.277386,-548.005310,-2.016603,0.000000
7.600000,-0.379440,-548.005310,-0.012202,-0.076499,-1.943071,-1.687835,-0.085982,-19.430712,-548.005310,-1.931919,0.000000
7.700000,-0.331406,-548.005310,-0.012271,-0.073163,-1.858352,-1.474166,-0.075098,-18.583521,-548.005310,-1.847234,0.000000
7.800000,-0.358582,-548.005310,-0.012262,-0.069827,-1.773615,-1.595050,-0.081256,-17.736155,-548.005310,-1.762550,0.000000
7.900001,-0.368271,-548.049805,-0.012219,-0.066494,-1.688957,-1.638151,-0.083451,-16.889568,-548.049805,-1.677865,0.000000
8.000000,-0.341827,-548.005310,-0.012236,-0.063157,-1.604194,-1.520524,-0.077459,-16.041941,-548.005310,-1.593180,0.000000
8.100000,-0.377945,-548.005310,-0.012301,-0.059824,-1.519536,-1.681183,-0.085644,-15.195356,-548.005310,-1.508314,0.000000
8.200001,-0.361572,-548.049805,-0.012206,-0.056489,-1.434816,-1.608354,-0.081933,-14.348163,-548.049805,-1.423629,0.000000
8.300000,-0.358963,-548.049805,-0.012365,-0.053153,-1.350088,-1.596747,-0.081342,-13.500883,-548.049805,-1.338944,0.000000
8.400001,-0.377945,-548.005310,-0.012223,-0.049820,-1.265421,-1.681183,-0.085644,-12.654211,-548.005310,-1.254260,0.000000
8.500000,-0.333633,-548.049805,-0.012232,-0.046483,-1.180658,-1.484076,-0.075602,-11.806584,-548.049805,-1.169575,0.000000
8.600000,-0.368271,-548.005310,-0.012245,-0.043149,-1.095974,-1.638151,-0.083451,-10.959739,-548.005310,-1.084891,0.000000
8.700001,-0.359711,-548.049805,-0.012344,-0.039815,-1.011289,-1.600073,-0.081512,-10.112893,-548.049805,-1.000206,0.000000
8.800000,-0.340347,-548.094299,-0.012258,-0.039392,-1.000544,-1.513940,-0.077124,-10.005444,-548.094299,-0.999894,0.000000
8.900001,-0.311295,-548.005310,-0.012215,-0.039372,-1.000050,-1.384707,-0.070540,-10.000501,-548.005310,-0.999894,0.000000
8.910001,-0.308685,-547.960815,-0.012197,-0.039372,-1.000050,-1.373101,-0.069949,-10.000501,-547.960815,-0.999894,0.000000
8.920000,-0.316513,-548.094299,-0.012202,-0.039372,-1.000050,-1.407920,-0.071723,-10.000501,-548.094299,-0.999894,0.000000
8.930000,-0.309799,-548.005310,-0.012215,-0.039372,-1.000050,-1.378056,-0.070202,-10.000501,-548.005310,-0.999894,0.000000
8.940001,-0.311676,-547.960815,-0.012206,-0.039372,-1.000050,-1.386404,-0.070627,-10.000501,-547.960815,-0.999894,0.000000
8.950001,-0.311295,-548.049805,-0.012206,-0.039372,-1.000050,-1.384707,-0.070540,-10.000501,-548.049805,-0.999894,0.000000
8.960000,-0.305344,-547.960815,-0.012215,-0.039372,-1.000050,-1.358236,-0.069192,-10.000501,-547.960815,-0.999894,0.000000
8.970000,-0.311295,-548.049805,-0.012227,-0.039372,-1.000050,-1.384707,-0.070540,-10.000501,-548.049805,-0.999894,0.000000
8.980000,-0.312408,-548.005310,-0.012275,-0.039372,-1.000050,-1.389662,-0.070793,-10.000501,-548.005310,-0.999894,0.000000
8.990001,-0.309433,-548.005310,-0.012292,-0.039372,-1.000050,-1.376427,-0.070119,-10.000501,-548.005310,-0.999894,0.000000
9.000000,-0.311676,-548.049805,-0.012314,-0.039372,-1.000050,-1.386404,-0.070627,-10.000501,-548.049805,-0.999894,0.000000
9.010000,-0.306824,-547.916382,-0.012327,-0.039372,-1.000050,-1.364820,-0.069527,-10.000501,-547.916382,-0.999894,0.000000
9.020000,-0.310928,-548.005310,-0.012296,-0.039372,-1.000050,-1.383078,-0.070457,-10.000501,-548.005310,-0.999894,0.000000
9.030001,-0.311676,-547.960815,-0.012322,-0.039372,-1.000050,-1.386404,-0.070627,-10.000501,-547.960815,-0.999894,0.000000
9.040000,-0.316879,-547.871887,-0.012327,-0.039372,-1.000050,-1.409549,-0.071806,-10.000501,-547.871887,-0.999894,0.000000
9.050000,-0.314270,-548.049805,-0.012309,-0.039372,-1.000050,-1.397943,-0.071215,-10.000501,-548.049805,-0.999894,0.000000
9.060000,-0.314270,-547.960815,-0.012305,-0.039372,-1.000050,-1.397943,-0.071215,-10.000501,-547.960815,-0.999894,0.000000
9.070001,-0.310547,-547.960815,-0.012284,-0.039372,-1.000050,-1.381382,-0.070371,-10.000501,-547.960815,-0.999894,0.000000
9.080001,-0.314270,-548.005310,-0.012249,-0.039372,-1.000050,-1.397943,-0.071215,-10.000501,-548.005310,-0.999894,0.000000
9.090000,-0.310547,-547.916382,-0.012227,-0.039372,-1.000050,-1.381382,-0.070371,-10.000501,-547.916382,-0.999894,0.000000
9.100000,-0.310547,-548.049805,-0.012189,-0.039372,-1.000050,-1.381382,-0.070371,-10.000501,-548.049805,-0.999894,0.000000
9.110001,-0.304596,-547.916382,-0.012197,-0.039372,-1.000050,-1.354910,-0.069022,-10.000501,-547.916382,-0.999894,0.000000
9.120001,-0.310928,-548.005310,-0.012193,-0.039372,-1.000041,-1.383078,-0.070457,-10.000414,-548.005310,-0.999738,0.000000
9.130000,-0.334763,-548.049805,-0.012245,-0.039371,-1.000033,-1.489098,-0.075858,-10.000326,-548.049805,-0.999582,0.000000
9.140000,-0.318741,-547.916382,-0.012223,-0.039371,-1.000024,-1.417830,-0.072228,-10.000240,-547.916382,-0.999408,0.000000
9.150001,-0.328430,-548.005310,-0.012301,-0.039370,-0.999998,-1.460930,-0.074423,-9.999980,-548.005310,-0.999252,0.000000
9.160001,-0.328796,-547.916382,-0.012331,-0.039368,-0.999937,-1.462559,-0.074506,-9.999372,-547.916382,-0.999079,0.000000
9.170000,-0.320602,-548.005310,-0.012314,-0.039365,-0.999859,-1.426111,-0.072650,-9.998592,-548.005310,-0.998905,0.000000
9.180000,-0.328049,-547.960815,-0.012309,-0.039359,-0.999720,-1.459234,-0.074337,-9.997205,-547.960815,-0.998749,0.000000
9.190001,-0.346664,-547.960815,-0.012279,-0.039350,-0.999495,-1.542040,-0.078555,-9.994950,-547.960815,-0.998576,0.000000
9.200001,-0.332153,-548.094299,-0.012184,-0.039340,-0.999235,-1.477492,-0.075267,-9.992348,-548.094299,-0.998420,0.000000
9.210000,-0.331406,-547.916382,-0.012180,-0.039330,-0.998983,-1.474166,-0.075098,-9.989833,-547.916382,-0.998246,0.000000
9.220000,-0.343323,-548.049805,-0.012215,-0.039322,-0.998775,-1.527176,-0.077798,-9.987752,-548.049805,-0.998073,0.000000
9.230000,-0.322098,-548.005310,-0.012219,-0.039315,-0.998610,-1.432763,-0.072988,-9.986104,-548.005310,-0.997917,0.000000
9.240001,-0.319122,-548.005310,-0.012284,-0.039310,-0.998472,-1.419527,-0.072314,-9.984716,-548.005310,-0.997743,0.000000
9.250000,-0.329544,-548.049805,-0.012318,-0.039305,-0.998350,-1.465885,-0.074676,-9.983502,-548.049805,-0.997570,0.000000
9.260000,-0.338104,-547.960815,-0.012309,-0.039300,-0.998211,-1.503963,-0.076616,-9.982115,-547.960815,-0.997414,0.000000
9.270000,-0.349655,-548.005310,-0.012322,-0.039294,-0.998055,-1.555344,-0.079233,-9.980555,-548.005310,-0.997240,0.000000
9.280001,-0.356354,-548.005310,-0.012301,-0.039288,-0.997908,-1.585141,-0.080751,-9.979080,-548.005310,-0.997084,0.000000
9.290001,-0.362686,-548.005310,-0.012284,-0.039282,-0.997769,-1.613309,-0.082186,-9.977692,-548.005310,-0.996911,0.000000
9.300000,-0.352264,-548.138733,-0.012284,-0.039277,-0.997630,-1.566950,-0.079824,-9.976305,-548.138733,-0.996737,0.000000
9.310000,-0.346298,-547.960815,-0.012271,-0.039271,-0.997492,-1.540411,-0.078472,-9.974916,-547.960815,-0.996581,0.000000
9.320001,-0.351883,-548.005310,-0.012245,-0.039266,-0.997362,-1.565253,-0.079738,-9.973617,-548.005310,-0.996408,0.000000
9.330001,-0.349274,-548.005310,-0.012223,-0.039261,-0.997232,-1.553647,-0.079147,-9.972316,-548.005310,-0.996252,0.000000
9.340000,-0.359329,-547.960815,-0.012197,-0.039255,-0.997084,-1.598376,-0.081425,-9.970841,-547.960815,-0.996078,0.000000
9.350000,-0.364166,-548.094299,-0.012206,-0.039250,-0.996945,-1.619892,-0.082521,-9.969453,-548.094299,-0.995905,0.000000
9.360001,-0.354858,-547.916382,-0.012219,-0.039244,-0.996798,-1.578489,-0.080412,-9.967978,-547.916382,-0.995749,0.000000
9.370001,-0.342941,-548.005310,-0.012202,-0.039238,-0.996633,-1.525479,-0.077712,-9.966331,-548.005310,-0.995575,0.000000
9.380000,-0.345184,-547.960815,-0.012193,-0.039230,-0.996442,-1.535457,-0.078220,-9.964424,-547.960815,-0.995419,0.000000
9.390000,-0.344803,-547.960815,-0.012193,-0.039223,-0.996252,-1.533760,-0.078133,-9.962515,-547.960815,-0.995246,0.000000
9.400001,-0.342941,-548.049805,-0.012184,-0.039215,-0.996069,-1.525479,-0.077712,-9.960695,-548.049805,-0.995072,0.000000
9.410001,-0.336624,-547.916382,-0.012227,-0.039210,-0.995939,-1.497379,-0.076280,-9.959394,-547.916382,-0.994916,0.000000
9.420000,-0.346664,-548.049805,-0.012232,-0.039205,-0.995818,-1.542040,-0.078555,-9.958179,-548.049805,-0.994743,0.000000
9.430000,-0.353378,-547.960815,-0.012296,-0.039201,-0.995697,-1.571905,-0.080077,-9.956965,-547.960815,-0.994586,0.000000
9.440001,-0.360077,-547.916382,-0.012296,-0.039196,-0.995575,-1.601702,-0.081595,-9.955750,-547.916382,-0.994413,0.000000
9.450001,-0.345932,-548.094299,-0.012322,-0.039191,-0.995445,-1.538782,-0.078389,-9.954451,-548.094299,-0.994240,0.000000
9.460000,-0.351883,-548.005310,-0.012309,-0.039185,-0.995306,-1.565253,-0.079738,-9.953063,-548.005310,-0.994083,0.000000
9.470000,-0.364548,-548.005310,-0.012301,-0.039178,-0.995115,-1.621589,-0.082608,-9.951155,-548.005310,-0.993910,0.000000
9.480000,-0.368637,-548.005310,-0.012275,-0.039170,-0.994907,-1.639780,-0.083534,-9.949073,-548.005310,-0.993754,0.000000
9.490001,-0.362305,-547.960815,-0.012344,-0.039162,-0.994717,-1.611612,-0.082099,-9.947165,-547.960815,-0.993581,0.000000
9.500000,-0.372742,-548.094299,-0.012305,-0.039156,-0.994552,-1.658038,-0.084464,-9.945518,-548.094299,-0.993407,0.000000
9.510000,-0.379807,-547.960815,-0.012284,-0.039151,-0.994430,-1.689464,-0.086065,-9.944304,-547.960815,-0.993251,0.000000
9.520000,-0.381668,-548.005310,-0.012249,-0.039148,-0.994361,-1.697744,-0.086487,-9.943610,-548.005310,-0.993078,0.000000
9.530001,-0.394714,-548.049805,-0.012284,-0.039146,-0.994300,-1.755777,-0.089444,-9.943004,-548.049805,-0.992921,0.000000
9.540001,-0.389130,-547.960815,-0.012296,-0.039143,-0.994231,-1.730935,-0.088178,-9.942309,-547.960815,-0.992748,0.000000
9.550000,-0.403641,-548.138733,-0.012288,-0.039139,-0.994118,-1.795484,-0.091466,-9.941182,-548.138733,-0.992575,0.000000
9.560000,-0.411469,-547.960815,-0.012318,-0.039132,-0.993945,-1.830303,-0.093240,-9.939447,-547.960815,-0.992418,0.000000
9.570001,-0.389130,-548.049805,-0.012284,-0.039123,-0.993728,-1.730935,-0.088178,-9.937280,-548.049805,-0.992245,0.000000
9.580001,-0.380554,-548.049805,-0.012279,-0.039114,-0.993485,-1.692790,-0.086235,-9.934852,-548.049805,-0.992089,0.000000
9.590000,-0.361572,-547.960815,-0.012301,-0.039104,-0.993234,-1.608354,-0.081933,-9.932337,-547.960815,-0.991915,0.000000
9.600000,-0.364914,-548.049805,-0.012258,-0.039094,-0.992999,-1.623218,-0.082691,-9.929995,-548.049805,-0.991742,0.000000
9.610001,-0.356720,-547.960815,-0.012176,-0.039087,-0.992800,-1.586770,-0.080834,-9.927999,-547.960815,-0.991586,0.000000
9.620001,-0.343689,-548.049805,-0.012184,-0.039081,-0.992670,-1.528805,-0.077881,-9.926699,-548.049805,-0.991412,0.000000
9.630000,-0.366409,-547.960815,-0.012184,-0.039079,-0.992609,-1.629870,-0.083030,-9.926092,-547.960815,-0.991239,0.000000
9.640000,-0.365295,-547.960815,-0.012176,-0.039077,-0.992557,-1.624915,-0.082777,-9.925572,-547.960815,-0.991083,0.000000
9.650001,-0.374969,-548.094299,-0.012210,-0.039075,-0.992505,-1.667948,-0.084969,-9.925052,-548.094299,-0.990909,0.000000
9.660001,-0.376831,-547.916382,-0.012180,-0.039071,-0.992401,-1.676228,-0.085391,-9.924010,-547.916382,-0.990753,0.000000
9.670000,-0.388748,-548.049805,-0.012167,-0.039063,-0.992193,-1.729238,-0.088092,-9.921930,-548.049805,-0.990580,0.000000
9.680000,-0.384277,-548.005310,-0.012189,-0.039051,-0.991907,-1.709351,-0.087078,-9.919067,-548.005310,-0.990406,0.000000
9.690001,-0.373108,-548.005310,-0.012180,-0.039040,-0.991612,-1.659667,-0.084547,-9.916120,-548.005310,-0.990250,0.000000
9.700001,-0.386887,-548.094299,-0.012206,-0.039031,-0.991378,-1.720958,-0.087670,-9.913777,-548.094299,-0.990077,0.000000
9.710000,-0.402161,-547.960815,-0.012193,-0.039024,-0.991204,-1.788900,-0.091131,-9.912043,-547.960815,-0.989921,0.000000
9.720000,-0.404755,-548.094299,-0.012266,-0.039019,-0.991074,-1.800439,-0.091719,-9.910742,-548.094299,-0.989747,0.000000
9.730000,-0.400299,-548.005310,-0.012249,-0.039016,-0.990996,-1.780619,-0.090709,-9.909962,-548.005310,-0.989574,0.000000
9.740001,-0.399170,-548.049805,-0.012193,-0.039013,-0.990927,-1.775596,-0.090453,-9.909267,-548.049805,-0.989418,0.000000
9.750000,-0.409607,-548.094299,-0.012210,-0.039009,-0.990823,-1.822023,-0.092818,-9.908228,-548.094299,-0.989244,0.000000
9.760000,-0.399918,-547.960815,-0.012184,-0.039002,-0.990658,-1.778922,-0.090623,-9.906579,-547.960815,-0.989088,0.000000
9.770000,-0.392471,-548.049805,-0.012184,-0.038995,-0.990484,-1.745800,-0.088935,-9.904845,-548.049805,-0.988915,0.000000
9.780001,-0.386887,-547.916382,-0.012171,-0.038986,-0.990250,-1.720958,-0.087670,-9.902504,-547.916382,-0.988741,0.000000
9.790001,-0.375351,-548.094299,-0.012197,-0.038976,-0.989999,-1.669644,-0.085056,-9.899989,-548.094299,-0.988585,0.000000
9.800000,-0.357468,-548.094299,-0.012275,-0.038967,-0.989773,-1.590096,-0.081003,-9.897734,-548.094299,-0.988412,0.000000
9.810000,-0.349655,-547.916382,-0.012322,-0.038959,-0.989557,-1.555344,-0.079233,-9.895566,-547.916382,-0.988256,0.000000
9.820001,-0.351883,-548.049805,-0.012271,-0.038952,-0.989392,-1.565253,-0.079738,-9.893918,-548.049805,-0.988082,0.000000
9.830001,-0.362305,-548.005310,-0.012309,-0.038947,-0.989244,-1.611612,-0.082099,-9.892444,-548.005310,-0.987909,0.000000
9.840000,-0.374603,-547.960815,-0.012331,-0.038940,-0.989088,-1.666319,-0.084886,-9.890882,-547.960815,-0.987753,0.000000
9.850000,-0.381668,-548.138733,-0.012279,-0.038934,-0.988923,-1.697744,-0.086487,-9.889235,-548.138733,-0.987579,0.000000
9.860001,-0.373489,-547.960815,-0.012236,-0.038927,-0.988741,-1.661364,-0.084634,-9.887414,-547.960815,-0.987423,0.000000
9.870001,-0.376465,-548.049805,-0.012189,-0.038920,-0.988577,-1.674599,-0.085308,-9.885766,-548.049805,-0.987250,0.000000
9.880000,-0.379807,-548.049805,-0.012163,-0.038914,-0.988403,-1.689464,-0.086065,-9.884031,-548.049805,-0.987076,0.000000
9.890000,-0.384659,-548.005310,-0.012202,-0.038906,-0.988204,-1.711048,-0.087165,-9.882037,-548.005310,-0.986920,0.000000
9.900001,-0.398056,-548.094299,-0.012197,-0.038898,-0.988013,-1.770642,-0.090201,-9.880130,-548.094299,-0.986747,0.000000
9.910001,-0.394714,-547.960815,-0.012227,-0.038892,-0.987866,-1.755777,-0.089444,-9.878655,-547.960815,-0.986591,0.000000
9.920000,-0.406998,-548.094299,-0.012284,-0.038886,-0.987701,-1.810416,-0.092227,-9.877007,-548.094299,-0.986417,0.000000
9.930000,-0.396194,-548.049805,-0.012288,-0.038878,-0.987510,-1.762361,-0.089779,-9.875099,-548.049805,-0.986244,0.000000
9.940001,-0.398437,-548.005310,-0.012296,-0.038870,-0.987302,-1.772339,-0.090287,-9.873017,-548.005310,-0.986088,0.000000
9.950001,-0.390610,-548.049805,-0.012314,-0.038862,-0.987094,-1.737519,-0.088513,-9.870937,-548.049805,-0.985914,0.000000
9.960000,-0.343689,-547.960815,-0.012284,-0.038856,-0.986955,-1.528805,-0.077881,-9.869549,-547.960815,-0.985758,0.000000
9.970000,-0.347794,-548.094299,-0.012262,-0.038852,-0.986851,-1.547063,-0.078811,-9.868508,-548.094299,-0.985585,0.000000
9.980000,-0.358582,-548.049805,-0.012266,-0.038848,-0.986747,-1.595050,-0.081256,-9.867468,-548.049805,-0.985411,0.000000
9.990001,-0.355240,-548.005310,-0.012202,-0.038844,-0.986643,-1.580186,-0.080499,-9.866427,-548.005310,-0.985255,0.000000
10.000000,-0.340347,-548.094299,-0.012262,-0.038837,-0.986461,-1.513940,-0.077124,-9.864606,-548.094299,-0.985082,0.000000
10.010000,-0.325821,-547.960815,-0.012288,-0.038829,-0.986261,-1.449324,-0.073832,-9.862611,-547.960815,-0.984908,0.000000
10.020000,-0.334015,-548.049805,-0.012314,-0.038820,-0.986036,-1.485772,-0.075689,-9.860356,-548.049805,-0.984752,0.000000
10.030001,-0.349655,-547.960815,-0.012271,-0.038812,-0.985828,-1.555344,-0.079233,-9.858275,-547.960815,-0.984579,0.000000
10.040001,-0.344437,-548.049805,-0.012262,-0.038807,-0.985689,-1.532131,-0.078050,-9.856888,-548.049805,-0.984423,0.000000
10.050000,-0.349274,-548.138733,-0.012271,-0.038803,-0.985593,-1.553647,-0.079147,-9.855933,-548.138733,-0.984249,0.000000
10.060000,-0.337357,-548.005310,-0.012253,-0.038799,-0.985498,-1.500637,-0.076446,-9.854980,-548.005310,-0.984076,0.000000
10.070001,-0.343689,-548.049805,-0.012271,-0.038795,-0.985385,-1.528805,-0.077881,-9.853852,-548.049805,-0.983920,0.000000
10.080001,-0.348526,-548.005310,-0.012309,-0.038787,-0.985177,-1.550321,-0.078977,-9.851771,-548.005310,-0.983746,0.000000
10.090000,-0.360825,-548.005310,-0.012288,-0.038777,-0.984926,-1.605028,-0.081764,-9.849257,-548.005310,-0.983590,0.000000
10.100000,-0.367157,-548.094299,-0.012275,-0.038768,-0.984709,-1.633196,-0.083199,-9.847088,-548.094299,-0.983417,0.000000
10.110001,-0.368637,-547.916382,-0.012258,-0.038761,-0.984535,-1.639780,-0.083534,-9.845353,-547.916382,-0.983243,0.000000
10.120001,-0.374603,-548.094299,-0.012215,-0.038755,-0.984379,-1.666319,-0.084886,-9.843793,-548.094299,-0.983087,0.000000
10.130000,-0.367157,-548.005310,-0.012215,-0.038749,-0.984223,-1.633196,-0.083199,-9.842232,-548.005310,-0.982914,0.000000
10.140000,-0.360825,-547.960815,-0.012197,-0.038742,-0.984050,-1.605028,-0.081764,-9.840497,-547.960815,-0.982758,0.000000
10.150001,-0.367889,-548.094299,-0.012206,-0.038734,-0.983841,-1.636454,-0.083365,-9.838415,-548.094299,-0.982584,0.000000
10.160001,-0.355988,-547.960815,-0.012184,-0.038727,-0.983668,-1.583512,-0.080668,-9.836680,-547.960815,-0.982411,0.000000
10.170000,-0.347794,-548.049805,-0.012141,-0.038721,-0.983521,-1.547063,-0.078811,-9.835207,-548.049805,-0.982255,0.000000
10.180000,-0.346664,-548.094299,-0.012180,-0.038717,-0.983417,-1.542040,-0.078555,-9.834166,-548.094299,-0.982081,0.000000
10.190001,-0.341080,-548.005310,-0.012262,-0.038712,-0.983278,-1.517198,-0.077290,-9.832779,-548.005310,-0.981925,0.000000
10.200001,-0.338486,-548.094299,-0.012258,-0.038705,-0.983104,-1.505660,-0.076702,-9.831044,-548.094299,-0.981752,0.000000
10.210000,-0.342575,-548.049805,-0.012275,-0.038696,-0.982879,-1.523850,-0.077629,-9.828790,-548.049805,-0.981578,0.000000
10.220000,-0.359329,-548.094299,-0.012288,-0.038687,-0.982645,-1.598376,-0.081425,-9.826447,-548.094299,-0.981422,0.000000
10.230000,-0.344070,-548.049805,-0.012206,-0.038680,-0.982480,-1.530502,-0.077967,-9.824800,-548.049805,-0.981249,0.000000
10.240001,-0.336243,-547.960815,-0.012193,-0.038675,-0.982341,-1.495682,-0.076194,-9.823413,-547.960815,-0.981092,0.000000
10.250001,-0.351135,-548.005310,-0.012189,-0.038668,-0.982176,-1.561928,-0.079568,-9.821765,-548.005310,-0.980919,0.000000
10.260000,-0.355240,-547.960815,-0.012184,-0.038661,-0.981977,-1.580186,-0.080499,-9.819770,-547.960815,-0.980746,0.000000
10.270000,-0.360825,-548.094299,-0.012197,-0.038653,-0.981795,-1.605028,-0.081764,-9.817949,-548.094299,-0.980589,0.000000
10.280001,-0.369385,-548.005310,-0.012240,-0.038647,-0.981630,-1.643106,-0.083704,-9.816301,-548.005310,-0.980416,0.000000
10.290001,-0.377945,-548.005310,-0.012232,-0.038641,-0.981474,-1.681183,-0.085644,-9.814741,-548.005310,-0.980260,0.000000
10.300000,-0.374603,-548.138733,-0.012215,-0.038635,-0.981327,-1.666319,-0.084886,-9.813267,-548.138733,-0.980086,0.000000
10.310000,-0.375717,-548.005310,-0.012206,-0.038630,-0.981214,-1.671273,-0.085139,-9.812139,-548.005310,-0.979913,0.000000
10.320001,-0.383911,-548.049805,-0.012180,-0.038626,-0.981092,-1.707722,-0.086996,-9.810925,-548.049805,-0.979757,0.000000
10.330001,-0.374603,-548.005310,-0.012171,-0.038622,-0.980988,-1.666319,-0.084886,-9.809884,-548.005310,-0.979584,0.000000
10.340000,-0.357849,-548.005310,-0.012180,-0.038619,-0.980910,-1.591792,-0.081090,-9.809103,-548.005310,-0.979427,0.000000
10.350000,-0.356354,-548.049805,-0.012206,-0.038613,-0.980763,-1.585141,-0.080751,-9.807629,-548.049805,-0.979254,0.000000
10.360001,-0.354858,-548.049805,-0.012236,-0.038604,-0.980537,-1.578489,-0.080412,-9.805374,-548.049805,-0.979080,0.000000
10.370001,-0.349655,-548.094299,-0.012305,-0.038593,-0.980260,-1.555344,-0.079233,-9.802599,-548.094299,-0.978924,0.000000
10.380000,-0.334381,-548.049805,-0.012314,-0.038583,-0.980017,-1.487401,-0.075772,-9.800171,-548.049805,-0.978751,0.000000
10.390000,-0.333267,-548.005310,-0.012288,-0.038575,-0.979800,-1.482447,-0.075519,-9.798003,-548.005310,-0.978577,0.000000
10.400001,-0.329910,-548.094299,-0.012314,-0.038565,-0.979540,-1.467514,-0.074759,-9.795401,-548.094299,-0.978421,0.000000
10.410001,-0.318375,-548.005310,-0.012327,-0.038557,-0.979341,-1.416201,-0.072145,-9.793406,-548.005310,-0.978248,0.000000
10.420000,-0.329163,-548.094299,-0.012284,-0.038551,-0.979193,-1.464188,-0.074589,-9.791932,-548.094299,-0.978092,0.000000
10.430000,-0.336990,-548.094299,-0.012288,-0.038544,-0.979020,-1.499008,-0.076363,-9.790197,-548.094299,-0.977918,0.000000
10.440001,-0.334763,-548.005310,-0.012202,-0.038537,-0.978838,-1.489098,-0.075858,-9.788377,-548.005310,-0.977745,0.000000
10.450001,-0.333633,-548.094299,-0.012210,-0.038530,-0.978664,-1.484076,-0.075602,-9.786643,-548.094299,-0.977589,0.000000
10.460000,-0.357101,-548.049805,-0.012189,-0.038524,-0.978508,-1.588467,-0.080920,-9.785081,-548.049805,-0.977415,0.000000
10.470000,-0.367157,-548.049805,-0.012227,-0.038518,-0.978369,-1.633196,-0.083199,-9.783693,-548.049805,-0.977259,0.000000
10.480000,-0.371246,-548.049805,-0.012206,-0.038512,-0.978213,-1.651386,-0.084126,-9.782133,-548.049805,-0.977086,0.000000
10.490001,-0.356720,-548.005310,-0.012197,-0.038507,-0.978074,-1.586770,-0.080834,-9.780745,-548.005310,-0.976912,0.000000
10.500001,-0.356354,-548.138733,-0.012193,-0.038501,-0.977936,-1.585141,-0.080751,-9.779358,-548.138733,-0.976756,0.000000
10.510000,-0.356720,-547.960815,-0.012184,-0.038497,-0.977814,-1.586770,-0.080834,-9.778144,-547.960815,-0.976583,0.000000
10.520000,-0.342575,-548.049805,-0.012163,-0.038491,-0.977667,-1.523850,-0.077629,-9.776670,-548.049805,-0.976427,0.000000
10.530001,-0.347412,-548.049805,-0.012154,-0.038483,-0.977476,-1.545366,-0.078725,-9.774761,-548.049805,-0.976253,0.000000
10.540001,-0.339218,-548.049805,-0.012210,-0.038475,-0.977277,-1.508918,-0.076868,-9.772766,-548.049805,-0.976080,0.000000
10.550000,-0.331406,-548.094299,-0.012180,-0.038469,-0.977112,-1.474166,-0.075098,-9.771119,-548.094299,-0.975924,0.000000
10.560000,-0.329910,-547.960815,-0.012184,-0.038463,-0.976964,-1.467514,-0.074759,-9.769645,-547.960815,-0.975750,0.000000
10.570001,-0.313904,-548.094299,-0.012193,-0.038458,-0.976843,-1.396314,-0.071132,-9.768431,-548.094299,-0.975594,0.000000
10.580001,-0.310181,-548.049805,-0.012189,-0.038453,-0.976713,-1.379753,-0.070288,-9.767130,-548.049805,-0.975421,0.000000
10.590000,-0.318741,-548.094299,-0.012236,-0.038447,-0.976548,-1.417830,-0.072228,-9.765482,-548.094299,-0.975247,0.000000
10.600000,-0.323578,-548.094299,-0.012236,-0.038440,-0.976366,-1.439346,-0.073324,-9.763660,-548.094299,-0.975091,0.000000
10.610001,-0.325073,-548.005310,-0.012309,-0.038431,-0.976149,-1.445998,-0.073663,-9.761493,-548.005310,-0.974918,0.000000
10.620001,-0.319855,-548.094299,-0.012305,-0.038424,-0.975958,-1.422785,-0.072480,-9.759584,-548.094299,-0.974762,0.000000
10.630000,-0.319855,-548.049805,-0.012327,-0.038417,-0.975802,-1.422785,-0.072480,-9.758024,-548.049805,-0.974588,0.000000
10.640000,-0.318375,-548.049805,-0.012292,-0.038411,-0.975629,-1.416201,-0.072145,-9.756289,-548.049805,-0.974415,0.000000
10.650001,-0.316132,-548.094299,-0.012206,-0.038403,-0.975447,-1.406224,-0.071636,-9.754468,-548.094299,-0.974259,0.000000
10.660001,-0.342575,-547.960815,-0.012193,-0.038397,-0.975273,-1.523850,-0.077629,-9.752734,-547.960815,-0.974085,0.000000
10.670000,-0.353745,-548.094299,-0.012227,-0.038391,-0.975143,-1.573534,-0.080160,-9.751432,-548.094299,-0.973929,0.000000
10.680000,-0.352997,-548.049805,-0.012193,-0.038388,-0.975048,-1.570208,-0.079990,-9.750479,-548.049805,-0.973756,0.000000
10.690001,-0.355606,-547.960815,-0.012258,-0.038384,-0.974944,-1.581815,-0.080581,-9.749438,-547.960815,-0.973582,0.000000
10.700001,-0.358963,-548.138733,-0.012275,-0.038379,-0.974831,-1.596747,-0.081342,-9.748311,-548.138733,-0.973426,0.000000
10.710000,-0.349655,-548.005310,-0.012275,-0.038374,-0.974701,-1.555344,-0.079233,-9.747010,-548.005310,-0.973253,0.000000
10.720000,-0.352264,-548.094299,-0.012240,-0.038368,-0.974536,-1.566950,-0.079824,-9.745362,-548.094299,-0.973097,0.000000
10.730000,-0.353378,-548.005310,-0.012232,-0.038359,-0.974311,-1.571905,-0.080077,-9.743108,-548.005310,-0.972923,0.000000
10.740001,-0.339218,-548.005310,-0.012258,-0.038350,-0.974085,-1.508918,-0.076868,-9.740853,-548.005310,-0.972750,0.000000
10.750001,-0.348526,-548.094299,-0.012232,-0.038342,-0.973877,-1.550321,-0.078977,-9.738771,-548.094299,-0.972594,0.000000
10.760000,-0.346298,-547.960815,-0.012219,-0.038336,-0.973730,-1.540411,-0.078472,-9.737297,-547.960815,-0.972420,0.000000
10.770000,-0.331039,-548.094299,-0.012180,-0.038331,-0.973608,-1.472537,-0.075015,-9.736083,-548.094299,-0.972247,0.000000
10.780001,-0.332153,-548.005310,-0.012167,-0.038326,-0.973469,-1.477492,-0.075267,-9.734694,-548.005310,-0.972091,0.000000
10.790001,-0.316879,-548.005310,-0.012193,-0.038320,-0.973339,-1.409549,-0.071806,-9.733395,-548.005310,-0.971917,0.000000
10.800000,-0.317627,-548.138733,-0.012215,-0.038316,-0.973235,-1.412875,-0.071975,-9.732354,-548.138733,-0.971761,0.000000
10.810000,-0.329910,-547.960815,-0.012171,-0.038311,-0.973105,-1.467514,-0.074759,-9.731053,-547.960815,-0.971588,0.000000
10.820001,-0.336243,-548.094299,-0.012232,-0.038304,-0.972915,-1.495682,-0.076194,-9.729145,-548.094299,-0.971414,0.000000
10.830001,-0.328049,-548.049805,-0.012232,-0.038294,-0.972672,-1.459234,-0.074337,-9.726717,-548.049805,-0.971258,0.000000
10.840000,-0.325821,-548.049805,-0.012176,-0.038283,-0.972394,-1.449324,-0.073832,-9.723942,-548.049805,-0.971085,0.000000
10.850000,-0.325821,-548.138733,-0.012184,-0.038275,-0.972195,-1.449324,-0.073832,-9.721948,-548.138733,-0.970929,0.000000
10.860001,-0.352631,-547.960815,-0.012206,-0.038270,-0.972047,-1.568579,-0.079907,-9.720473,-547.960815,-0.970755,0.000000
10.870001,-0.357849,-548.094299,-0.012150,-0.038263,-0.971891,-1.591792,-0.081090,-9.718912,-548.094299,-0.970582,0.000000
10.880000,-0.363800,-548.049805,-0.012219,-0.038256,-0.971709,-1.618263,-0.082438,-9.717091,-548.049805,-0.970426,0.000000
10.890000,-0.363434,-548.049805,-0.012275,-0.038250,-0.971544,-1.616634,-0.082355,-9.715443,-548.049805,-0.970252,0.000000
10.900001,-0.355988,-548.094299,-0.012309,-0.038245,-0.971423,-1.583512,-0.080668,-9.714229,-548.094299,-0.970096,0.000000
10.910001,-0.348526,-548.005310,-0.012271,-0.038240,-0.971293,-1.550321,-0.078977,-9.712928,-548.005310,-0.969923,0.000000
10.920000,-0.353745,-548.094299,-0.012180,-0.038234,-0.971145,-1.573534,-0.080160,-9.711453,-548.094299,-0.969749,0.000000
10.930000,-0.342941,-548.049805,-0.012236,-0.038228,-0.970981,-1.525479,-0.077712,-9.709806,-548.049805,-0.969593,0.000000
10.940001,-0.334015,-548.094299,-0.012232,-0.038220,-0.970781,-1.485772,-0.075689,-9.707811,-548.094299,-0.969420,0.000000
10.950001,-0.341827,-548.094299,-0.012206,-0.038213,-0.970608,-1.520524,-0.077459,-9.706078,-548.094299,-0.969263,0.000000
10.960001,-0.336243,-548.049805,-0.012193,-0.038207,-0.970460,-1.495682,-0.076194,-9.704603,-548.049805,-0.969090,0.000000
10.970000,-0.336624,-548.138733,-0.012215,-0.038201,-0.970295,-1.497379,-0.076280,-9.702955,-548.138733,-0.968917,0.000000
10.980000,-0.329544,-548.049805,-0.012240,-0.038194,-0.970139,-1.465885,-0.074676,-9.701393,-548.049805,-0.968760,0.000000
10.990001,-0.332901,-548.094299,-0.012258,-0.038189,-0.969992,-1.480818,-0.075436,-9.699920,-548.094299,-0.968587,0.000000
11.000001,-0.330292,-548.138733,-0.012296,-0.038185,-0.969905,-1.469211,-0.074845,-9.699053,-548.138733,-0.968431,0.000000
11.010000,-0.340714,-548.005310,-0.012327,-0.038180,-0.969775,-1.515569,-0.077207,-9.697752,-548.005310,-0.968257,0.000000
11.020000,-0.350769,-548.138733,-0.012322,-0.038174,-0.969619,-1.560299,-0.079485,-9.696190,-548.138733,-0.968084,0.000000
11.030001,-0.350021,-548.049805,-0.012305,-0.038166,-0.969428,-1.556973,-0.079316,-9.694283,-548.049805,-0.967928,0.000000
11.040001,-0.349274,-548.005310,-0.012284,-0.038156,-0.969151,-1.553647,-0.079147,-9.691507,-548.005310,-0.967754,0.000000
11.050000,-0.356720,-548.138733,-0.012223,-0.038143,-0.968839,-1.586770,-0.080834,-9.688386,-548.138733,-0.967598,0.000000
11.060000,-0.376465,-548.049805,-0.012245,-0.038134,-0.968596,-1.674599,-0.085308,-9.685958,-548.049805,-0.967425,0.000000
11.070001,-0.376465,-548.094299,-0.012219,-0.038128,-0.968457,-1.674599,-0.085308,-9.684569,-548.094299,-0.967252,0.000000
11.080001,-0.369385,-548.049805,-0.012202,-0.038125,-0.968370,-1.643106,-0.083704,-9.683703,-548.049805,-0.967095,0.000000
11.090000,-0.386887,-548.049805,-0.012197,-0.038122,-0.968310,-1.720958,-0.087670,-9.683096,-548.049805,-0.966922,0.000000
11.100000,-0.380936,-548.094299,-0.012206,-0.038119,-0.968231,-1.694486,-0.086321,-9.682315,-548.094299,-0.966766,0.000000
11.110001,-0.382050,-548.005310,-0.012189,-0.038114,-0.968084,-1.699441,-0.086574,-9.680840,-548.005310,-0.966592,0.000000
11.120001,-0.381668,-548.138733,-0.012176,-0.038105,-0.967876,-1.697744,-0.086487,-9.678759,-548.138733,-0.966419,0.000000
11.130000,-0.371628,-548.049805,-0.012197,-0.038097,-0.967668,-1.653083,-0.084212,-9.676679,-548.049805,-0.966263,0.000000
11.140000,-0.355240,-548.049805,-0.012197,-0.038092,-0.967529,-1.580186,-0.080499,-9.675290,-548.049805,-0.966089,0.000000
11.150001,-0.360077,-548.183228,-0.012210,-0.038086,-0.967390,-1.601702,-0.081595,-9.673903,-548.183228,-0.965916,0.000000
11.160001,-0.358582,-548.005310,-0.012206,-0.038080,-0.967243,-1.595050,-0.081256,-9.672429,-548.005310,-0.965760,0.000000
11.170000,-0.348907,-548.138733,-0.012206,-0.038074,-0.967078,-1.552018,-0.079064,-9.670781,-548.138733,-0.965586,0.000000
11.180000,-0.352631,-548.005310,-0.012202,-0.038068,-0.966922,-1.568579,-0.079907,-9.669220,-548.005310,-0.965430,0.000000
11.190001,-0.354858,-548.049805,-0.012258,-0.038062,-0.966783,-1.578489,-0.080412,-9.667832,-548.049805,-0.965257,0.000000
11.200001,-0.366409,-548.183228,-0.012305,-0.038058,-0.966679,-1.629870,-0.083030,-9.666792,-548.183228,-0.965083,0.000000
11.210001,-0.354126,-548.005310,-0.012275,-0.038053,-0.966558,-1.575231,-0.080246,-9.665577,-548.005310,-0.964927,0.000000
11.220000,-0.364914,-548.183228,-0.012309,-0.038046,-0.966358,-1.623218,-0.082691,-9.663583,-548.183228,-0.964754,0.000000
11.230000,-0.359329,-548.049805,-0.012305,-0.038035,-0.966098,-1.598376,-0.081425,-9.660981,-548.049805,-0.964598,0.000000
11.240001,-0.356720,-548.005310,-0.012301,-0.038025,-0.965838,-1.586770,-0.080834,-9.658380,-548.005310,-0.964424,0.000000
11.250001,-0.356720,-548.138733,-0.012284,-0.038016,-0.965612,-1.586770,-0.080834,-9.656124,-548.138733,-0.964251,0.000000
11.260000,-0.373108,-548.005310,-0.012314,-0.038009,-0.965430,-1.659667,-0.084547,-9.654304,-548.005310,-0.964095,0.000000
11.270000,-0.370880,-548.138733,-0.012296,-0.038005,-0.965326,-1.649757,-0.084043,-9.653263,-548.138733,-0.963921,0.000000
11.280001,-0.369019,-548.005310,-0.012288,-0.038002,-0.965240,-1.641477,-0.083621,-9.652395,-548.005310,-0.963765,0.000000
11.290001,-0.377579,-548.005310,-0.012271,-0.037998,-0.965153,-1.679554,-0.085561,-9.651528,-548.005310,-0.963592,0.000000
11.300000,-0.385391,-548.138733,-0.012327,-0.037994,-0.965049,-1.714306,-0.087331,-9.650488,-548.138733,-0.963418,0.000000
11.310000,-0.363434,-548.049805,-0.012240,-0.037989,-0.964927,-1.616634,-0.082355,-9.649274,-548.049805,-0.963262,0.000000
11.320001,-0.357101,-548.094299,-0.012223,-0.037983,-0.964771,-1.588467,-0.080920,-9.647713,-548.094299,-0.963089,0.000000
11.330001,-0.351883,-548.049805,-0.012163,-0.037977,-0.964624,-1.565253,-0.079738,-9.646238,-548.049805,-0.962933,0.000000
11.340000,-0.352264,-548.094299,-0.012167,-0.037970,-0.964450,-1.566950,-0.079824,-9.644504,-548.094299,-0.962759,0.000000
11.350000,-0.356720,-548.183228,-0.012189,-0.037961,-0.964208,-1.586770,-0.080834,-9.642076,-548.183228,-0.962586,0.000000
11.360001,-0.362686,-548.005310,-0.012202,-0.037950,-0.963921,-1.613309,-0.082186,-9.639214,-548.005310,-0.962430,0.000000
11.370001,-0.350403,-548.094299,-0.012197,-0.037938,-0.963627,-1.558670,-0.079402,-9.636265,-548.094299,-0.962256,0.000000
11.380000,-0.339218,-548.049805,-0.012193,-0.037928,-0.963384,-1.508918,-0.076868,-9.633837,-548.049805,-0.962100,0.000000
11.390000,-0.353745,-548.049805,-0.012219,-0.037922,-0.963210,-1.573534,-0.080160,-9.632103,-548.049805,-0.961927,0.000000
11.400001,-0.354858,-548.138733,-0.012240,-0.037916,-0.963054,-1.578489,-0.080412,-9.630541,-548.138733,-0.961753,0.000000
11.410001,-0.366409,-547.960815,-0.012288,-0.037909,-0.962881,-1.629870,-0.083030,-9.628807,-547.960815,-0.961597,0.000000
11.420000,-0.368637,-548.138733,-0.012309,-0.037901,-0.962690,-1.639780,-0.083534,-9.626900,-548.138733,-0.961424,0.000000
11.430000,-0.359329,-548.005310,-0.012275,-0.037894,-0.962499,-1.598376,-0.081425,-9.624991,-548.005310,-0.961268,0.000000
11.440001,-0.384659,-548.049805,-0.012305,-0.037887,-0.962334,-1.711048,-0.087165,-9.623343,-548.049805,-0.961094,0.000000
11.450001,-0.393967,-548.138733,-0.012296,-0.037882,-0.962196,-1.752451,-0.089274,-9.621956,-548.138733,-0.960921,0.000000
11.460001,-0.391724,-548.049805,-0.012344,-0.037877,-0.962066,-1.742474,-0.088766,-9.620655,-548.049805,-0.960765,0.000000
11.470000,-0.385773,-548.094299,-0.012335,-0.037872,-0.961953,-1.716003,-0.087417,-9.619528,-548.094299,-0.960591,0.000000
11.480000,-0.374969,-548.049805,-0.012309,-0.037869,-0.961883,-1.667948,-0.084969,-9.618834,-548.049805,-0.960435,0.000000
11.490001,-0.384659,-548.049805,-0.012322,-0.037868,-0.961840,-1.711048,-0.087165,-9.618401,-548.049805,-0.960262,0.000000
11.500001,-0.393585,-548.138733,-0.012314,-0.037863,-0.961727,-1.750754,-0.089188,-9.617273,-548.138733,-0.960088,0.000000
11.510000,-0.377579,-548.094299,-0.012215,-0.037856,-0.961554,-1.679554,-0.085561,-9.615539,-548.094299,-0.959932,0.000000
11.520000,-0.372742,-548.138733,-0.012223,-0.037849,-0.961372,-1.658038,-0.084464,-9.613717,-548.138733,-0.959759,0.000000
11.530001,-0.356720,-548.094299,-0.012176,-0.037841,-0.961155,-1.586770,-0.080834,-9.611549,-548.094299,-0.959585,0.000000
11.540001,-0.362305,-548.049805,-0.012180,-0.037831,-0.960912,-1.611612,-0.082099,-9.609121,-548.049805,-0.959429,0.000000
11.550000,-0.362305,-548.183228,-0.012184,-0.037821,-0.960661,-1.611612,-0.082099,-9.606606,-548.183228,-0.959256,0.000000
11.560000,-0.339600,-548.005310,-0.012215,-0.037813,-0.960461,-1.510615,-0.076954,-9.604612,-548.005310,-0.959100,0.000000
11.570001,-0.342575,-548.138733,-0.012184,-0.037807,-0.960305,-1.523850,-0.077629,-9.603050,-548.138733,-0.958926,0.000000
11.580001,-0.350769,-548.094299,-0.012249,-0.037802,-0.960166,-1.560299,-0.079485,-9.601664,-548.094299,-0.958753,0.000000
11.590000,-0.360077,-548.138733,-0.012275,-0.037796,-0.960028,-1.601702,-0.081595,-9.600275,-548.138733,-0.958597,0.000000
11.600000,-0.355240,-548.183228,-0.012271,-0.037791,-0.959897,-1.580186,-0.080499,-9.598974,-548.183228,-0.958423,0.000000
11.610001,-0.370499,-548.049805,-0.012219,-0.037786,-0.959759,-1.648060,-0.083956,-9.597588,-548.049805,-0.958267,0.000000
11.620001,-0.370499,-548.138733,-0.012258,-0.037778,-0.959559,-1.648060,-0.083956,-9.595592,-548.138733,-0.958094,0.000000
11.630000,-0.363052,-548.094299,-0.012301,-0.037769,-0.959342,-1.614938,-0.082269,-9.593425,-548.094299,-0.957920,0.000000
11.640000,-0.363052,-548.049805,-0.012279,-0.037762,-0.959152,-1.614938,-0.082269,-9.591516,-548.049805,-0.957764,0.000000
11.650001,-0.385773,-548.138733,-0.012275,-0.037755,-0.958978,-1.716003,-0.087417,-9.589782,-548.138733,-0.957591,0.000000
11.660001,-0.385391,-548.094299,-0.012236,-0.037751,-0.958883,-1.714306,-0.087331,-9.588828,-548.094299,-0.957434,0.000000
11.670001,-0.395447,-548.138733,-0.012189,-0.037748,-0.958787,-1.759035,-0.089610,-9.587874,-548.138733,-0.957261,0.000000
11.680000,-0.406998,-548.049805,-0.012210,-0.037742,-0.958657,-1.810416,-0.092227,-9.586573,-548.049805,-0.957088,0.000000
11.690001,-0.407745,-548.049805,-0.012189,-0.037736,-0.958484,-1.813742,-0.092396,-9.584839,-548.049805,-0.956932,0.000000
11.700001,-0.395081,-548.138733,-0.012206,-0.037728,-0.958284,-1.757406,-0.089527,-9.582844,-548.138733,-0.956758,0.000000
11.710001,-0.380188,-548.005310,-0.012266,-0.037719,-0.958059,-1.691161,-0.086152,-9.580589,-548.005310,-0.956602,0.000000
11.720000,-0.368637,-548.138733,-0.012236,-0.037710,-0.957842,-1.639780,-0.083534,-9.578422,-548.138733,-0.956429,0.000000
11.730000,-0.366028,-548.049805,-0.012223,-0.037702,-0.957643,-1.628173,-0.082943,-9.576427,-548.049805,-0.956255,0.000000
11.740001,-0.363052,-548.049805,-0.012236,-0.037694,-0.957426,-1.614938,-0.082269,-9.574259,-548.049805,-0.956099,0.000000
11.750001,-0.354858,-548.183228,-0.012258,-0.037687,-0.957252,-1.578489,-0.080412,-9.572524,-548.183228,-0.955926,0.000000
11.760000,-0.342941,-548.005310,-0.012232,-0.037683,-0.957140,-1.525479,-0.077712,-9.571397,-548.005310,-0.955769,0.000000
11.770000,-0.343689,-548.094299,-0.012210,-0.037679,-0.957044,-1.528805,-0.077881,-9.570443,-548.094299,-0.955596,0.000000
11.780001,-0.355240,-548.049805,-0.012193,-0.037675,-0.956958,-1.580186,-0.080499,-9.569576,-548.049805,-0.955423,0.000000
11.790001,-0.376831,-548.049805,-0.012163,-0.037670,-0.956810,-1.676228,-0.085391,-9.568101,-548.049805,-0.955266,0.000000
11.800000,-0.382416,-548.138733,-0.012279,-0.037663,-0.956628,-1.701070,-0.086657,-9.566280,-548.138733,-0.955093,0.000000
11.810000,-0.389496,-548.094299,-0.012314,-0.037653,-0.956394,-1.732564,-0.088261,-9.563938,-548.094299,-0.954937,0.000000
11.820001,-0.370499,-548.183228,-0.012301,-0.037644,-0.956168,-1.648060,-0.083956,-9.561684,-548.183228,-0.954763,0.000000
11.830001,-0.373856,-548.094299,-0.012288,-0.037637,-0.955969,-1.662993,-0.084717,-9.559689,-548.094299,-0.954590,0.000000
11.840000,-0.385773,-548.005310,-0.012305,-0.037630,-0.955813,-1.716003,-0.087417,-9.558128,-548.005310,-0.954434,0.000000
11.850000,-0.393967,-548.183228,-0.012305,-0.037625,-0.955683,-1.752451,-0.089274,-9.556828,-548.183228,-0.954260,0.000000
11.860001,-0.394714,-547.960815,-0.012340,-0.037620,-0.955553,-1.755777,-0.089444,-9.555527,-547.960815,-0.954104,0.000000
11.870001,-0.393219,-548.138733,-0.012309,-0.037616,-0.955457,-1.749125,-0.089105,-9.554573,-548.138733,-0.953931,0.000000
11.880000,-0.392853,-548.049805,-0.012288,-0.037613,-0.955362,-1.747496,-0.089022,-9.553619,-548.049805,-0.953757,0.000000
11.890000,-0.402527,-548.049805,-0.012258,-0.037607,-0.955206,-1.790529,-0.091214,-9.552057,-548.049805,-0.953601,0.000000
11.900001,-0.391357,-548.183228,-0.012223,-0.037599,-0.955024,-1.740845,-0.088683,-9.550236,-548.183228,-0.953428,0.000000
11.910001,-0.373489,-548.005310,-0.012301,-0.037590,-0.954781,-1.661364,-0.084634,-9.547809,-548.005310,-0.953254,0.000000
11.920001,-0.375351,-548.138733,-0.012284,-0.037580,-0.954529,-1.669644,-0.085056,-9.545293,-548.138733,-0.953098,0.000000
11.930000,-0.364166,-548.094299,-0.012305,-0.037572,-0.954330,-1.619892,-0.082521,-9.543299,-548.094299,-0.952925,0.000000
11.940001,-0.349655,-548.094299,-0.012288,-0.037564,-0.954122,-1.555344,-0.079233,-9.541218,-548.094299,-0.952769,0.000000
11.950001,-0.351135,-548.138733,-0.012279,-0.037557,-0.953957,-1.561928,-0.079568,-9.539570,-548.138733,-0.952595,0.000000
11.960001,-0.355606,-548.005310,-0.012275,-0.037552,-0.953818,-1.581815,-0.080581,-9.538182,-548.005310,-0.952422,0.000000
11.970000,-0.364548,-548.138733,-0.012296,-0.037546,-0.953679,-1.621589,-0.082608,-9.536794,-548.138733,-0.952266,0.000000
11.980000,-0.364166,-548.049805,-0.012279,-0.037539,-0.953497,-1.619892,-0.082521,-9.534973,-548.049805,-0.952092,0.000000
11.990001,-0.348160,-548.094299,-0.012335,-0.037532,-0.953324,-1.548692,-0.078894,-9.533239,-548.094299,-0.951936,0.000000
12.000001,-0.366409,-548.138733,-0.012331,-0.037526,-0.953159,-1.629870,-0.083030,-9.531590,-548.138733,-0.951763,0.000000
12.010000,-0.355988,-548.049805,-0.012309,-0.037520,-0.953012,-1.583512,-0.080668,-9.530117,-548.049805,-0.951589,0.000000
12.020000,-0.362686,-548.138733,-0.012288,-0.037513,-0.952830,-1.613309,-0.082186,-9.528296,-548.138733,-0.951433,0.000000
12.030001,-0.383163,-548.094299,-0.012318,-0.037505,-0.952621,-1.704396,-0.086826,-9.526215,-548.094299,-0.951260,0.000000
12.040001,-0.378693,-548.094299,-0.012296,-0.037498,-0.952439,-1.684509,-0.085813,-9.524393,-548.094299,-0.951104,0.000000
12.050000,-0.380554,-548.138733,-0.012292,-0.037492,-0.952292,-1.692790,-0.086235,-9.522919,-548.138733,-0.950930,0.000000
12.060000,-0.375351,-548.049805,-0.012227,-0.037486,-0.952153,-1.669644,-0.085056,-9.521531,-548.049805,-0.950757,0.000000
12.070001,-0.388748,-548.183228,-0.012197,-0.037480,-0.951988,-1.729238,-0.088092,-9.519883,-548.183228,-0.950601,0.000000
12.080001,-0.394333,-548.049805,-0.012184,-0.037470,-0.951746,-1.754080,-0.089357,-9.517455,-548.049805,-0.950427,0.000000
12.090000,-0.383530,-548.138733,-0.012189,-0.037460,-0.951494,-1.706025,-0.086909,-9.514940,-548.138733,-0.950271,0.000000
12.100000,-0.351517,-548.183228,-0.012223,-0.037454,-0.951338,-1.563625,-0.079655,-9.513380,-548.183228,-0.950098,0.000000
12.110001,-0.339600,-548.049805,-0.012227,-0.037450,-0.951243,-1.510615,-0.076954,-9.512425,-548.049805,-0.949924,0.000000
12.120001,-0.342209,-548.138733,-0.012245,-0.037447,-0.951156,-1.522221,-0.077546,-9.511559,-548.138733,-0.949768,0.000000
12.130000,-0.339218,-548.049805,-0.012305,-0.037441,-0.951008,-1.508918,-0.076868,-9.510084,-548.049805,-0.949595,0.000000
12.140000,-0.337357,-548.005310,-0.012305,-0.037433,-0.950809,-1.500637,-0.076446,-9.508089,-548.005310,-0.949439,0.000000
12.150001,-0.334015,-548.183228,-0.012309,-0.037425,-0.950601,-1.485772,-0.075689,-9.506008,-548.183228,-0.949265,0.000000
12.160001,-0.336990,-548.138733,-0.012275,-0.037417,-0.950384,-1.499008,-0.076363,-9.503840,-548.138733,-0.949092,0.000000
12.170001,-0.344437,-548.094299,-0.012245,-0.037411,-0.950237,-1.532131,-0.078050,-9.502366,-548.094299,-0.948936,0.000000
12.180000,-0.345551,-548.094299,-0.012210,-0.037406,-0.950124,-1.537086,-0.078303,-9.501238,-548.094299,-0.948762,0.000000
12.190001,-0.347046,-548.049805,-0.012184,-0.037403,-0.950028,-1.543737,-0.078642,-9.500284,-548.049805,-0.948606,0.000000
12.200001,-0.354126,-548.183228,-0.012189,-0.037398,-0.949907,-1.575231,-0.080246,-9.499070,-548.183228,-0.948433,0.000000
12.210001,-0.347412,-548.094299,-0.012197,-0.037391,-0.949725,-1.545366,-0.078725,-9.497249,-548.094299,-0.948259,0.000000
12.220000,-0.348160,-548.094299,-0.012176,-0.037381,-0.949482,-1.548692,-0.078894,-9.494821,-548.094299,-0.948103,0.000000
12.230000,-0.353378,-548.094299,-0.012189,-0.037373,-0.949265,-1.571905,-0.080077,-9.492653,-548.094299,-0.947930,0.000000
12.240001,-0.370132,-548.138733,-0.012189,-0.037366,-0.949092,-1.646431,-0.083873,-9.490918,-548.138733,-0.947774,0.000000
12.250001,-0.369766,-548.183228,-0.012236,-0.037360,-0.948944,-1.644802,-0.083790,-9.489444,-548.183228,-0.947600,0.000000
12.260000,-0.359711,-548.049805,-0.012275,-0.037354,-0.948788,-1.600073,-0.081512,-9.487883,-548.049805,-0.947427,0.000000
12.270000,-0.361938,-548.138733,-0.012253,-0.037347,-0.948615,-1.609983,-0.082016,-9.486149,-548.138733,-0.947271,0.000000
12.280001,-0.351517,-548.094299,-0.012296,-0.037340,-0.948433,-1.563625,-0.079655,-9.484327,-548.094299,-0.947097,0.000000
12.290001,-0.359329,-548.138733,-0.012271,-0.037332,-0.948242,-1.598376,-0.081425,-9.482419,-548.138733,-0.946924,0.000000
12.300000,-0.341080,-548.227722,-0.012309,-0.037327,-0.948094,-1.517198,-0.077290,-9.480946,-548.227722,-0.946768,0.000000
12.310000,-0.350403,-548.005310,-0.012314,-0.037321,-0.947947,-1.558670,-0.079402,-9.479471,-548.005310,-0.946594,0.000000
12.320001,-0.343323,-548.138733,-0.012322,-0.037315,-0.947800,-1.527176,-0.077798,-9.477997,-548.138733,-0.946438,0.000000
12.330001,-0.335495,-548.094299,-0.012305,-0.037308,-0.947618,-1.492356,-0.076024,-9.476175,-548.094299,-0.946265,0.000000
12.340000,-0.338104,-548.094299,-0.012284,-0.037299,-0.947401,-1.503963,-0.076616,-9.474008,-548.094299,-0.946091,0.000000
12.350000,-0.342209,-548.183228,-0.012318,-0.037290,-0.947158,-1.522221,-0.077546,-9.471580,-548.183228,-0.945935,0.000000
12.360001,-0.329910,-548.049805,-0.012296,-0.037283,-0.946984,-1.467514,-0.074759,-9.469845,-548.049805,-0.945762,0.000000
12.370001,-0.338486,-548.183228,-0.012305,-0.037277,-0.946837,-1.505660,-0.076702,-9.468370,-548.183228,-0.945606,0.000000
12.380000,-0.348907,-548.094299,-0.012331,-0.037271,-0.946672,-1.552018,-0.079064,-9.466722,-548.094299,-0.945432,0.000000
12.390000,-0.355606,-548.049805,-0.012309,-0.037263,-0.946490,-1.581815,-0.080581,-9.464902,-548.049805,-0.945259,0.000000
12.400001,-0.350769,-548.138733,-0.012318,-0.037257,-0.946317,-1.560299,-0.079485,-9.463166,-548.138733,-0.945103,0.000000
12.410001,-0.364914,-548.138733,-0.012318,-0.037250,-0.946152,-1.623218,-0.082691,-9.461519,-548.138733,-0.944929,0.000000
12.420001,-0.364914,-548.183228,-0.012284,-0.037244,-0.946005,-1.623218,-0.082691,-9.460045,-548.183228,-0.944773,0.000000
12.430000,-0.372742,-548.094299,-0.012292,-0.037238,-0.945848,-1.658038,-0.084464,-9.458484,-548.094299,-0.944600,0.000000
12.440001,-0.379074,-548.094299,-0.012301,-0.037233,-0.945718,-1.686206,-0.085899,-9.457184,-548.094299,-0.944426,0.000000
12.450001,-0.372360,-548.183228,-0.012292,-0.037228,-0.945588,-1.656341,-0.084378,-9.455883,-548.183228,-0.944270,0.000000
12.460001,-0.361572,-548.005310,-0.012240,-0.037224,-0.945501,-1.608354,-0.081933,-9.455015,-548.005310,-0.944097,0.000000
12.470000,-0.347412,-548.138733,-0.012197,-0.037222,-0.945432,-1.545366,-0.078725,-9.454321,-548.138733,-0.943940,0.000000
12.480000,-0.360443,-548.094299,-0.012171,-0.037218,-0.945337,-1.603331,-0.081678,-9.453367,-548.094299,-0.943767,0.000000
12.490001,-0.364548,-548.094299,-0.012240,-0.037210,-0.945146,-1.621589,-0.082608,-9.451460,-548.094299,-0.943594,0.000000
12.500001,-0.352264,-548.183228,-0.012318,-0.037200,-0.944868,-1.566950,-0.079824,-9.448685,-548.183228,-0.943437,0.000000
12.510000,-0.337738,-548.094299,-0.012314,-0.037189,-0.944591,-1.502334,-0.076533,-9.445910,-548.094299,-0.943264,0.000000
12.520000,-0.328796,-548.183228,-0.012279,-0.037180,-0.944374,-1.462559,-0.074506,-9.443742,-548.183228,-0.943108,0.000000
12.530001,-0.336990,-548.138733,-0.012331,-0.037170,-0.944123,-1.499008,-0.076363,-9.441227,-548.138733,-0.942935,0.000000
12.540001,-0.328430,-548.094299,-0.012292,-0.037161,-0.943888,-1.460930,-0.074423,-9.438885,-548.094299,-0.942761,0.000000
12.550000,-0.322845,-548.183228,-0.012292,-0.037154,-0.943724,-1.436088,-0.073158,-9.437237,-548.183228,-0.942605,0.000000
12.560000,-0.323578,-548.049805,-0.012309,-0.037148,-0.943559,-1.439346,-0.073324,-9.435589,-548.049805,-0.942432,0.000000
12.570001,-0.322098,-548.183228,-0.012305,-0.037141,-0.943377,-1.432763,-0.072988,-9.433768,-548.183228,-0.942275,0.000000
12.580001,-0.318375,-548.138733,-0.012301,-0.037134,-0.943203,-1.416201,-0.072145,-9.432034,-548.138733,-0.942102,0.000000
12.590000,-0.346664,-548.094299,-0.012279,-0.037128,-0.943039,-1.542040,-0.078555,-9.430386,-548.094299,-0.941929,0.000000
12.600000,-0.360077,-548.138733,-0.012275,-0.037121,-0.942883,-1.601702,-0.081595,-9.428825,-548.138733,-0.941772,0.000000
12.610001,-0.346664,-548.138733,-0.012305,-0.037115,-0.942726,-1.542040,-0.078555,-9.427264,-548.138733,-0.941599,0.000000
12.620001,-0.353745,-548.138733,-0.012288,-0.037109,-0.942579,-1.573534,-0.080160,-9.425790,-548.138733,-0.941443,0.000000
12.630001,-0.347794,-548.094299,-0.012296,-0.037104,-0.942449,-1.547063,-0.078811,-9.424489,-548.094299,-0.941269,0.000000
12.640000,-0.348526,-548.138733,-0.012318,-0.037100,-0.942327,-1.550321,-0.078977,-9.423275,-548.138733,-0.941096,0.000000
12.650001,-0.350021,-548.183228,-0.012322,-0.037094,-0.942197,-1.556973,-0.079316,-9.421973,-548.183228,-0.940940,0.000000
12.660001,-0.351517,-548.005310,-0.012318,-0.037087,-0.942007,-1.563625,-0.079655,-9.420066,-548.005310,-0.940766,0.000000
12.670001,-0.337357,-548.138733,-0.012322,-0.037079,-0.941807,-1.500637,-0.076446,-9.418072,-548.138733,-0.940593,0.000000
12.680000,-0.336990,-548.138733,-0.012318,-0.037073,-0.941642,-1.499008,-0.076363,-9.416423,-548.138733,-0.940437,0.000000
12.690001,-0.334015,-548.138733,-0.012284,-0.037066,-0.941486,-1.485772,-0.075689,-9.414863,-548.138733,-0.940263,0.000000
12.700001,-0.322098,-548.183228,-0.012301,-0.037062,-0.941365,-1.432763,-0.072988,-9.413649,-548.183228,-0.940107,0.000000
12.710001,-0.310181,-548.094299,-0.012309,-0.037057,-0.941252,-1.379753,-0.070288,-9.412521,-548.094299,-0.939934,0.000000
12.720000,-0.305710,-548.183228,-0.012314,-0.037051,-0.941096,-1.359865,-0.069275,-9.410959,-548.183228,-0.939760,0.000000
12.730000,-0.311295,-548.138733,-0.012271,-0.037045,-0.940931,-1.384707,-0.070540,-9.409312,-548.138733,-0.939604,0.000000
12.740001,-0.311676,-548.094299,-0.012271,-0.037036,-0.940714,-1.386404,-0.070627,-9.407145,-548.094299,-0.939431,0.000000
12.750001,-0.323212,-548.183228,-0.012227,-0.037028,-0.940506,-1.437717,-0.073241,-9.405063,-548.183228,-0.939275,0.000000
12.760000,-0.317627,-548.005310,-0.012193,-0.037022,-0.940350,-1.412875,-0.071975,-9.403502,-548.005310,-0.939101,0.000000
12.770000,-0.319122,-548.183228,-0.012184,-0.037015,-0.940185,-1.419527,-0.072314,-9.401855,-548.183228,-0.938928,0.000000
12.780001,-0.322464,-548.094299,-0.012223,-0.037008,-0.939995,-1.434391,-0.073071,-9.399946,-548.094299,-0.938772,0.000000
12.790001,-0.331039,-548.183228,-0.012284,-0.037000,-0.939812,-1.472537,-0.075015,-9.398125,-548.183228,-0.938598,0.000000
12.800000,-0.352997,-548.183228,-0.012275,-0.036994,-0.939656,-1.570208,-0.079990,-9.396564,-548.183228,-0.938442,0.000000
12.810000,-0.356720,-548.094299,-0.012292,-0.036990,-0.939544,-1.586770,-0.080834,-9.395437,-548.094299,-0.938269,0.000000
12.820001,-0.367157,-548.227722,-0.012253,-0.036986,-0.939440,-1.633196,-0.083199,-9.394396,-548.227722,-0.938095,0.000000
12.830001,-0.366776,-548.094299,-0.012288,-0.036982,-0.939336,-1.631499,-0.083113,-9.393355,-548.094299,-0.937939,0.000000
12.840000,-0.357468,-548.094299,-0.012296,-0.036977,-0.939205,-1.590096,-0.081003,-9.392055,-548.094299,-0.937766,0.000000
12.850000,-0.347794,-548.227722,-0.012331,-0.036970,-0.939032,-1.547063,-0.078811,-9.390320,-548.227722,-0.937610,0.000000
12.860001,-0.341080,-548.094299,-0.012322,-0.036961,-0.938807,-1.517198,-0.077290,-9.388065,-548.094299,-0.937436,0.000000
12.870001,-0.340347,-548.183228,-0.012284,-0.036951,-0.938555,-1.513940,-0.077124,-9.385550,-548.183228,-0.937263,0.000000
12.880001,-0.347412,-548.183228,-0.012271,-0.036943,-0.938347,-1.545366,-0.078725,-9.383469,-548.183228,-0.937107,0.000000
12.890000,-0.342209,-548.094299,-0.012271,-0.036937,-0.938208,-1.522221,-0.077546,-9.382082,-548.094299,-0.936933,0.000000
12.900001,-0.333633,-548.183228,-0.012258,-0.036933,-0.938104,-1.484076,-0.075602,-9.381041,-548.183228,-0.936777,0.000000
12.910001,-0.330292,-548.138733,-0.012184,-0.036928,-0.937983,-1.469211,-0.074845,-9.379827,-548.138733,-0.936604,0.000000
12.920001,-0.321350,-548.183228,-0.012180,-0.036923,-0.937844,-1.429437,-0.072819,-9.378439,-548.183228,-0.936430,0.000000
12.930000,-0.325073,-548.094299,-0.012184,-0.036918,-0.937722,-1.445998,-0.073663,-9.377225,-548.094299,-0.936274,0.000000
12.940001,-0.318375,-548.227722,-0.012236,-0.036913,-0.937601,-1.416201,-0.072145,-9.376011,-548.227722,-0.936101,0.000000
12.950001,-0.334015,-548.183228,-0.012284,-0.036907,-0.937428,-1.485772,-0.075689,-9.374276,-548.183228,-0.935945,0.000000
12.960001,-0.334381,-548.094299,-0.012322,-0.036898,-0.937202,-1.487401,-0.075772,-9.372022,-548.094299,-0.935771,0.000000
12.970000,-0.334381,-548.227722,-0.012305,-0.036888,-0.936951,-1.487401,-0.075772,-9.369507,-548.227722,-0.935598,0.000000
12.980000,-0.320236,-548.094299,-0.012279,-0.036880,-0.936751,-1.424482,-0.072567,-9.367512,-548.094299,-0.935442,0.000000
12.990001,-0.332901,-548.138733,-0.012253,-0.036874,-0.936604,-1.480818,-0.075436,-9.366037,-548.138733,-0.935268,0.000000
13.000001,-0.353378,-548.138733,-0.012236,-0.036868,-0.936448,-1.571905,-0.080077,-9.364476,-548.138733,-0.935112,0.000000
13.010000,-0.351517,-548.094299,-0.012275,-0.036861,-0.936274,-1.563625,-0.079655,-9.362742,-548.094299,-0.934939,0.000000
13.020000,-0.350403,-548.183228,-0.012262,-0.036854,-0.936092,-1.558670,-0.079402,-9.360922,-548.183228,-0.934765,0.000000
13.030001,-0.348160,-548.094299,-0.012240,-0.036848,-0.935936,-1.548692,-0.078894,-9.359360,-548.094299,-0.934609,0.000000
13.040001,-0.348907,-548.094299,-0.012219,-0.036843,-0.935806,-1.552018,-0.079064,-9.358059,-548.094299,-0.934436,0.000000
13.050000,-0.344437,-548.138733,-0.012245,-0.036837,-0.935658,-1.532131,-0.078050,-9.356585,-548.138733,-0.934262,0.000000
13.060000,-0.335495,-548.094299,-0.012292,-0.036831,-0.935502,-1.492356,-0.076024,-9.355023,-548.094299,-0.934106,0.000000
13.070001,-0.345551,-548.183228,-0.012215,-0.036824,-0.935320,-1.537086,-0.078303,-9.353203,-548.183228,-0.933933,0.000000
13.080001,-0.332901,-548.094299,-0.012236,-0.036817,-0.935147,-1.480818,-0.075436,-9.351469,-548.094299,-0.933777,0.000000
13.090000,-0.337738,-548.183228,-0.012236,-0.036811,-0.934991,-1.502334,-0.076533,-9.349907,-548.183228,-0.933603,0.000000
13.100000,-0.341827,-548.183228,-0.012258,-0.036805,-0.934835,-1.520524,-0.077459,-9.348346,-548.183228,-0.933430,0.000000
13.110001,-0.339966,-548.094299,-0.012236,-0.036798,-0.934670,-1.512244,-0.077037,-9.346699,-548.094299,-0.933274,0.000000
13.120001,-0.325439,-548.183228,-0.012206,-0.036791,-0.934496,-1.447627,-0.073746,-9.344964,-548.183228,-0.933100,0.000000
13.130001,-0.333633,-548.183228,-0.012193,-0.036786,-0.934366,-1.484076,-0.075602,-9.343663,-548.183228,-0.932944,0.000000
13.140000,-0.338104,-548.138733,-0.012193,-0.036780,-0.934210,-1.503963,-0.076616,-9.342102,-548.138733,-0.932771,0.000000
13.150001,-0.336990,-548.272217,-0.012184,-0.036775,-0.934080,-1.499008,-0.076363,-9.340802,-548.272217,-0.932597,0.000000
13.160001,-0.343323,-548.049805,-0.012163,-0.036768,-0.933907,-1.527176,-0.077798,-9.339067,-548.049805,-0.932441,0.000000
13.170001,-0.343323,-548.227722,-0.012206,-0.036758,-0.933647,-1.527176,-0.077798,-9.336465,-548.227722,-0.932268,0.000000
13.180000,-0.343689,-548.094299,-0.012223,-0.036746,-0.933343,-1.528805,-0.077881,-9.333430,-548.094299,-0.932112,0.000000
13.190001,-0.373108,-548.094299,-0.012210,-0.036737,-0.933109,-1.659667,-0.084547,-9.331089,-548.094299,-0.931938,0.000000
13.200001,-0.367523,-548.227722,-0.012219,-0.036731,-0.932970,-1.634825,-0.083282,-9.329700,-548.227722,-0.931765,0.000000
13.210001,-0.376465,-548.094299,-0.012206,-0.036727,-0.932875,-1.674599,-0.085308,-9.328747,-548.094299,-0.931609,0.000000
13.220000,-0.379074,-548.227722,-0.012227,-0.036725,-0.932805,-1.686206,-0.085899,-9.328053,-548.227722,-0.931435,0.000000
13.230000,-0.371628,-548.094299,-0.012288,-0.036722,-0.932727,-1.653083,-0.084212,-9.327272,-548.094299,-0.931279,0.000000
13.240001,-0.372360,-548.094299,-0.012288,-0.036717,-0.932615,-1.656341,-0.084378,-9.326146,-548.094299,-0.931106,0.000000
13.250001,-0.380936,-548.183228,-0.012331,-0.036709,-0.932415,-1.694486,-0.086321,-9.324151,-548.183228,-0.930932,0.000000
13.260000,-0.376083,-548.094299,-0.012309,-0.036700,-0.932190,-1.672902,-0.085222,-9.321897,-548.094299,-0.930776,0.000000
13.270000,-0.352997,-548.183228,-0.012284,-0.036694,-0.932016,-1.570208,-0.079990,-9.320162,-548.183228,-0.930602,0.000000
13.280001,-0.356354,-548.138733,-0.012322,-0.036687,-0.931860,-1.585141,-0.080751,-9.318601,-548.138733,-0.930447,0.000000
13.290001,-0.355606,-548.227722,-0.012305,-0.036681,-0.931704,-1.581815,-0.080581,-9.317039,-548.227722,-0.930273,0.000000
13.300000,-0.341461,-548.227722,-0.012322,-0.036675,-0.931539,-1.518895,-0.077376,-9.315392,-548.227722,-0.930100,0.000000
13.310000,-0.348160,-548.138733,-0.012314,-0.036669,-0.931400,-1.548692,-0.078894,-9.314004,-548.138733,-0.929943,0.000000
13.320001,-0.351883,-548.227722,-0.012331,-0.036665,-0.931279,-1.565253,-0.079738,-9.312790,-548.227722,-0.929770,0.000000
13.330001,-0.361938,-548.094299,-0.012331,-0.036661,-0.931184,-1.609983,-0.082016,-9.311836,-548.094299,-0.929614,0.000000
13.340001,-0.356354,-548.183228,-0.012305,-0.036656,-0.931062,-1.585141,-0.080751,-9.310622,-548.183228,-0.929440,0.000000
13.350000,-0.357101,-548.227722,-0.012271,-0.036648,-0.930863,-1.588467,-0.080920,-9.308627,-548.227722,-0.929267,0.000000
13.360001,-0.354126,-548.138733,-0.012232,-0.036639,-0.930637,-1.575231,-0.080246,-9.306373,-548.138733,-0.929111,0.000000
13.370001,-0.359329,-548.227722,-0.012240,-0.036630,-0.930403,-1.598376,-0.081425,-9.304030,-548.227722,-0.928937,0.000000
13.380001,-0.359711,-548.094299,-0.012206,-0.036620,-0.930160,-1.600073,-0.081512,-9.301602,-548.094299,-0.928781,0.000000
13.390000,-0.364548,-548.183228,-0.012206,-0.036613,-0.929961,-1.621589,-0.082608,-9.299608,-548.183228,-0.928608,0.000000
13.400001,-0.366409,-548.183228,-0.012197,-0.036608,-0.929831,-1.629870,-0.083030,-9.298308,-548.183228,-0.928435,0.000000
13.410001,-0.365662,-548.049805,-0.012215,-0.036603,-0.929727,-1.626544,-0.082860,-9.297267,-548.049805,-0.928278,0.000000
13.420001,-0.369385,-548.227722,-0.012184,-0.036599,-0.929623,-1.643106,-0.083704,-9.296227,-548.227722,-0.928105,0.000000
13.430000,-0.369766,-548.138733,-0.012206,-0.036595,-0.929519,-1.644802,-0.083790,-9.295185,-548.138733,-0.927931,0.000000
13.440001,-0.373108,-548.138733,-0.012197,-0.036590,-0.929397,-1.659667,-0.084547,-9.293971,-548.138733,-0.927775,0.000000
13.450001,-0.369766,-548.183228,-0.012202,-0.036584,-0.929241,-1.644802,-0.083790,-9.292410,-548.183228,-0.927602,0.000000
13.460001,-0.363434,-548.138733,-0.012206,-0.036578,-0.929085,-1.616634,-0.082355,-9.290849,-548.138733,-0.927446,0.000000
13.470000,-0.350769,-548.227722,-0.012275,-0.036571,-0.928894,-1.560299,-0.079485,-9.288941,-548.227722,-0.927272,0.000000
13.480000,-0.350403,-548.183228,-0.012309,-0.036561,-0.928651,-1.558670,-0.079402,-9.286513,-548.183228,-0.927099,0.000000
13.490001,-0.358582,-548.183228,-0.012301,-0.036550,-0.928374,-1.595050,-0.081256,-9.283738,-548.183228,-0.926943,0.000000
13.500001,-0.345932,-548.183228,-0.012318,-0.036540,-0.928105,-1.538782,-0.078389,-9.281050,-548.183228,-0.926769,0.000000
13.510000,-0.341080,-548.094299,-0.012305,-0.036531,-0.927897,-1.517198,-0.077290,-9.278968,-548.094299,-0.926613,0.000000
13.520000,-0.360077,-548.183228,-0.012301,-0.036525,-0.927741,-1.601702,-0.081595,-9.277408,-548.183228,-0.926440,0.000000
13.530001,-0.355240,-548.138733,-0.012305,-0.036520,-0.927619,-1.580186,-0.080499,-9.276193,-548.138733,-0.926266,0.000000
13.540001,-0.351883,-548.138733,-0.012262,-0.036514,-0.927463,-1.565253,-0.079738,-9.274632,-548.138733,-0.926110,0.000000
13.550000,-0.353745,-548.138733,-0.012279,-0.036507,-0.927290,-1.573534,-0.080160,-9.272898,-548.138733,-0.925937,0.000000
13.560000,-0.355988,-548.094299,-0.012227,-0.036500,-0.927108,-1.583512,-0.080668,-9.271076,-548.094299,-0.925781,0.000000
13.570001,-0.366776,-548.227722,-0.012197,-0.036493,-0.926934,-1.631499,-0.083113,-9.269342,-548.227722,-0.925607,0.000000
13.580001,-0.373489,-548.138733,-0.012180,-0.036489,-0.926813,-1.661364,-0.084634,-9.268128,-548.138733,-0.925434,0.000000
13.590001,-0.368637,-548.138733,-0.012154,-0.036485,-0.926709,-1.639780,-0.083534,-9.267087,-548.138733,-0.925278,0.000000
13.600000,-0.381668,-548.272217,-0.012154,-0.036479,-0.926570,-1.697744,-0.086487,-9.265700,-548.272217,-0.925104,0.000000
13.610001,-0.378326,-548.094299,-0.012171,-0.036473,-0.926423,-1.682880,-0.085730,-9.264226,-548.094299,-0.924948,0.000000
13.620001,-0.393219,-548.227722,-0.012197,-0.036469,-0.926310,-1.749125,-0.089105,-9.263098,-548.227722,-0.924775,0.000000
13.630001,-0.382797,-548.183228,-0.012202,-0.036464,-0.926180,-1.702767,-0.086743,-9.261797,-548.183228,-0.924601,0.000000
13.640000,-0.376831,-548.183228,-0.012327,-0.036458,-0.926024,-1.676228,-0.085391,-9.260237,-548.183228,-0.924445,0.000000
13.650001,-0.371628,-548.227722,-0.012322,-0.036451,-0.925859,-1.653083,-0.084212,-9.258588,-548.227722,-0.924272,0.000000
13.660001,-0.363800,-548.049805,-0.012309,-0.036443,-0.925659,-1.618263,-0.082438,-9.256594,-548.049805,-0.924116,0.000000
13.670001,-0.363800,-548.227722,-0.012322,-0.036434,-0.925417,-1.618263,-0.082438,-9.254166,-548.227722,-0.923942,0.000000
13.680000,-0.364166,-548.138733,-0.012253,-0.036424,-0.925174,-1.619892,-0.082521,-9.251738,-548.138733,-0.923769,0.000000
13.690001,-0.341827,-548.138733,-0.012219,-0.036416,-0.924966,-1.520524,-0.077459,-9.249656,-548.138733,-0.923613,0.000000
13.700001,-0.342209,-548.227722,-0.012163,-0.036410,-0.924809,-1.522221,-0.077546,-9.248095,-548.227722,-0.923439,0.000000
13.710001,-0.348526,-548.138733,-0.012193,-0.036405,-0.924679,-1.550321,-0.078977,-9.246795,-548.138733,-0.923283,0.000000
13.720000,-0.360825,-548.272217,-0.012171,-0.036399,-0.924523,-1.605028,-0.081764,-9.245234,-548.272217,-0.923110,0.000000
13.730000,-0.352264,-548.094299,-0.012150,-0.036394,-0.924402,-1.566950,-0.079824,-9.244020,-548.094299,-0.922936,0.000000
13.740001,-0.357101,-548.183228,-0.012167,-0.036389,-0.924272,-1.588467,-0.080920,-9.242718,-548.183228,-0.922780,0.000000
13.750001,-0.370499,-548.183228,-0.012167,-0.036381,-0.924090,-1.648060,-0.083956,-9.240897,-548.183228,-0.922607,0.000000
13.760000,-0.370132,-548.138733,-0.012219,-0.036373,-0.923882,-1.646431,-0.083873,-9.238816,-548.138733,-0.922451,0.000000
13.770000,-0.367157,-548.227722,-0.012258,-0.036366,-0.923691,-1.633196,-0.083199,-9.236907,-548.227722,-0.922277,0.000000
13.780001,-0.389862,-548.094299,-0.012301,-0.036359,-0.923517,-1.734193,-0.088344,-9.235173,-548.094299,-0.922104,0.000000
13.790001,-0.388748,-548.183228,-0.012318,-0.036354,-0.923396,-1.729238,-0.088092,-9.233959,-548.183228,-0.921948,0.000000
13.800000,-0.386887,-548.227722,-0.012322,-0.036351,-0.923309,-1.720958,-0.087670,-9.233092,-548.227722,-0.921774,0.000000
13.810000,-0.402893,-548.138733,-0.012296,-0.036347,-0.923214,-1.792158,-0.091297,-9.232139,-548.138733,-0.921601,0.000000
13.820001,-0.410355,-548.272217,-0.012292,-0.036342,-0.923075,-1.825348,-0.092988,-9.230750,-548.272217,-0.921445,0.000000
13.830001,-0.404755,-548.138733,-0.012288,-0.036334,-0.922893,-1.800439,-0.091719,-9.228930,-548.138733,-0.921271,0.000000
13.840001,-0.380554,-548.183228,-0.012271,-0.036325,-0.922668,-1.692790,-0.086235,-9.226675,-548.183228,-0.921115,0.000000
13.850000,-0.378693,-548.272217,-0.012275,-0.036315,-0.922407,-1.684509,-0.085813,-9.224072,-548.272217,-0.920942,0.000000
13.860001,-0.361572,-548.138733,-0.012202,-0.036307,-0.922190,-1.608354,-0.081933,-9.221905,-548.138733,-0.920768,0.000000
13.870001,-0.358215,-548.272217,-0.012215,-0.036298,-0.921965,-1.593421,-0.081173,-9.219650,-548.272217,-0.920612,0.000000
13.880001,-0.342209,-548.094299,-0.012193,-0.036290,-0.921757,-1.522221,-0.077546,-9.217568,-548.094299,-0.920439,0.000000
13.890000,-0.356720,-548.183228,-0.012189,-0.036285,-0.921635,-1.586770,-0.080834,-9.216354,-548.183228,-0.920283,0.000000
13.900001,-0.358963,-548.227722,-0.012210,-0.036281,-0.921540,-1.596747,-0.081342,-9.215401,-548.227722,-0.920109,0.000000
13.910001,-0.367157,-548.094299,-0.012215,-0.036277,-0.921436,-1.633196,-0.083199,-9.214360,-548.094299,-0.919936,0.000000
13.920001,-0.380936,-548.272217,-0.012184,-0.036272,-0.921315,-1.694486,-0.086321,-9.213146,-548.272217,-0.919780,0.000000
13.930000,-0.371246,-548.138733,-0.012206,-0.036266,-0.921150,-1.651386,-0.084126,-9.211498,-548.138733,-0.919606,0.000000
13.940001,-0.373856,-548.183228,-0.012236,-0.036257,-0.920924,-1.662993,-0.084717,-9.209244,-548.183228,-0.919450,0.000000
13.950001,-0.375717,-548.227722,-0.012227,-0.036248,-0.920699,-1.671273,-0.085139,-9.206988,-548.227722,-0.919277,0.000000
13.960001,-0.362686,-548.094299,-0.012184,-0.036240,-0.920499,-1.613309,-0.082186,-9.204994,-548.094299,-0.919103,0.000000
13.970000,-0.384659,-548.227722,-0.012171,-0.036234,-0.920343,-1.711048,-0.087165,-9.203433,-548.227722,-0.918947,0.000000
13.980000,-0.395447,-548.183228,-0.012227,-0.036229,-0.920213,-1.759035,-0.089610,-9.202132,-548.183228,-0.918774,0.000000
13.990001,-0.389496,-548.138733,-0.012240,-0.036223,-0.920074,-1.732564,-0.088261,-9.200745,-548.138733,-0.918617,0.000000
14.000001,-0.393585,-548.227722,-0.012292,-0.036219,-0.919962,-1.750754,-0.089188,-9.199616,-548.227722,-0.918444,0.000000
14.010000,-0.408112,-548.138733,-0.012322,-0.036215,-0.919866,-1.815371,-0.092479,-9.198663,-548.138733,-0.918271,0.000000
14.020000,-0.412216,-548.183228,-0.012292,-0.036210,-0.919728,-1.833629,-0.093410,-9.197276,-548.183228,-0.918115,0.000000
14.030001,-0.387634,-548.227722,-0.012193,-0.036202,-0.919519,-1.724283,-0.087839,-9.195194,-548.227722,-0.917941,0.000000
14.040001,-0.380936,-548.138733,-0.012215,-0.036191,-0.919259,-1.694486,-0.086321,-9.192593,-548.138733,-0.917785,0.000000
14.050000,-0.373489,-548.272217,-0.012197,-0.036181,-0.918999,-1.661364,-0.084634,-9.189991,-548.272217,-0.917612,0.000000
14.060000,-0.363434,-548.183228,-0.012163,-0.036174,-0.918808,-1.616634,-0.082355,-9.188084,-548.183228,-0.917438,0.000000
14.070001,-0.348907,-548.227722,-0.012249,-0.036166,-0.918617,-1.552018,-0.079064,-9.186174,-548.227722,-0.917282,0.000000
14.080001,-0.346664,-548.183228,-0.012301,-0.036160,-0.918453,-1.542040,-0.078555,-9.184527,-548.183228,-0.917109,0.000000
14.090001,-0.348160,-548.227722,-0.012223,-0.036154,-0.918314,-1.548692,-0.078894,-9.183140,-548.227722,-0.916952,0.000000
14.100000,-0.361938,-548.272217,-0.012167,-0.036149,-0.918175,-1.609983,-0.082016,-9.181752,-548.272217,-0.916779,0.000000
14.110001,-0.369766,-548.094299,-0.012158,-0.036142,-0.918002,-1.644802,-0.083790,-9.180017,-548.094299,-0.916605,0.000000
14.120001,-0.367523,-548.272217,-0.012171,-0.036135,-0.917828,-1.634825,-0.083282,-9.178284,-548.272217,-0.916449,0.000000
14.130001,-0.361191,-548.094299,-0.012197,-0.036128,-0.917646,-1.606657,-0.081847,-9.176463,-548.094299,-0.916276,0.000000
14.140000,-0.360825,-548.183228,-0.012219,-0.036122,-0.917499,-1.605028,-0.081764,-9.174988,-548.183228,-0.916120,0.000000
14.150001,-0.354126,-548.272217,-0.012266,-0.036115,-0.917325,-1.575231,-0.080246,-9.173253,-548.272217,-0.915946,0.000000
14.160001,-0.371628,-548.049805,-0.012236,-0.036107,-0.917126,-1.653083,-0.084212,-9.171259,-548.049805,-0.915773,0.000000
14.170001,-0.387634,-548.227722,-0.012266,-0.036100,-0.916952,-1.724283,-0.087839,-9.169524,-548.227722,-0.915617,0.000000
14.180000,-0.393219,-548.138733,-0.012253,-0.036095,-0.916805,-1.749125,-0.089105,-9.168050,-548.138733,-0.915443,0.000000
14.190001,-0.381668,-548.183228,-0.012197,-0.036089,-0.916666,-1.697744,-0.086487,-9.166662,-548.183228,-0.915270,0.000000
14.200001,-0.378326,-548.227722,-0.012271,-0.036083,-0.916519,-1.682880,-0.085730,-9.165189,-548.227722,-0.915114,0.000000
14.210001,-0.382416,-548.138733,-0.012271,-0.036075,-0.916311,-1.701070,-0.086657,-9.163107,-548.138733,-0.914940,0.000000
14.220000,-0.383163,-548.272217,-0.012227,-0.036065,-0.916042,-1.704396,-0.086826,-9.160419,-548.272217,-0.914784,0.000000
14.230000,-0.357849,-548.183228,-0.012206,-0.036057,-0.915851,-1.591792,-0.081090,-9.158511,-548.183228,-0.914611,0.000000
14.240001,-0.334381,-548.183228,-0.012262,-0.036053,-0.915756,-1.487401,-0.075772,-9.157557,-548.183228,-0.914438,0.000000
14.250001,-0.340347,-548.272217,-0.012314,-0.036050,-0.915678,-1.513940,-0.077124,-9.156776,-548.272217,-0.914281,0.000000
14.260000,-0.337357,-548.094299,-0.012331,-0.036047,-0.915582,-1.500637,-0.076446,-9.155823,-548.094299,-0.914108,0.000000
14.270000,-0.335129,-548.272217,-0.012305,-0.036039,-0.915391,-1.490727,-0.075941,-9.153914,-548.272217,-0.913952,0.000000
14.280001,-0.329544,-548.183228,-0.012305,-0.036030,-0.915157,-1.465885,-0.074676,-9.151573,-548.183228,-0.913778,0.000000
14.290001,-0.329910,-548.183228,-0.012227,-0.036020,-0.914906,-1.467514,-0.074759,-9.149058,-548.183228,-0.913605,0.000000
14.300001,-0.334381,-548.227722,-0.012202,-0.036013,-0.914724,-1.487401,-0.075772,-9.147237,-548.227722,-0.913449,0.000000
14.310000,-0.330292,-548.183228,-0.012180,-0.036008,-0.914594,-1.469211,-0.074845,-9.145936,-548.183228,-0.913275,0.000000
14.320001,-0.345551,-548.272217,-0.012197,-0.036004,-0.914507,-1.537086,-0.078303,-9.145069,-548.272217,-0.913119,0.000000
14.330001,-0.339600,-548.183228,-0.012271,-0.036000,-0.914403,-1.510615,-0.076954,-9.144028,-548.183228,-0.912946,0.000000
14.340001,-0.341461,-548.138733,-0.012301,-0.035994,-0.914247,-1.518895,-0.077376,-9.142467,-548.138733,-0.912772,0.000000
14.350000,-0.351517,-548.227722,-0.012266,-0.035985,-0.914021,-1.563625,-0.079655,-9.140212,-548.227722,-0.912616,0.000000
14.360001,-0.342209,-548.183228,-0.012288,-0.035976,-0.913787,-1.522221,-0.077546,-9.137871,-548.183228,-0.912443,0.000000
14.370001,-0.350769,-548.316711,-0.012271,-0.035969,-0.913614,-1.560299,-0.079485,-9.136136,-548.316711,-0.912287,0.000000
14.380001,-0.361572,-548.094299,-0.012275,-0.035963,-0.913458,-1.608354,-0.081933,-9.134575,-548.094299,-0.912113,0.000000
14.390000,-0.351135,-548.183228,-0.012296,-0.035957,-0.913301,-1.561928,-0.079568,-9.133014,-548.183228,-0.911940,0.000000
14.400001,-0.353745,-548.227722,-0.012344,-0.035950,-0.913128,-1.573534,-0.080160,-9.131280,-548.227722,-0.911784,0.000000
14.410001,-0.351517,-548.138733,-0.012219,-0.035943,-0.912955,-1.563625,-0.079655,-9.129545,-548.138733,-0.911610,0.000000
14.420001,-0.354126,-548.316711,-0.012189,-0.035935,-0.912755,-1.575231,-0.080246,-9.127550,-548.316711,-0.911454,0.000000
14.430000,-0.349274,-548.183228,-0.012158,-0.035929,-0.912599,-1.553647,-0.079147,-9.125990,-548.183228,-0.911281,0.000000
14.440001,-0.347794,-548.227722,-0.012180,-0.035923,-0.912452,-1.547063,-0.078811,-9.124515,-548.227722,-0.911107,0.000000
14.450001,-0.336243,-548.227722,-0.012202,-0.035918,-0.912321,-1.495682,-0.076194,-9.123215,-548.227722,-0.910951,0.000000
14.460001,-0.338104,-548.094299,-0.012193,-0.035912,-0.912157,-1.503963,-0.076616,-9.121567,-548.094299,-0.910778,0.000000
14.470000,-0.341080,-548.272217,-0.012189,-0.035903,-0.911949,-1.517198,-0.077290,-9.119486,-548.272217,-0.910622,0.000000
14.480000,-0.344437,-548.183228,-0.012202,-0.035894,-0.911697,-1.532131,-0.078050,-9.116971,-548.183228,-0.910448,0.000000
14.490001,-0.348160,-548.227722,-0.012206,-0.035886,-0.911498,-1.548692,-0.078894,-9.114976,-548.227722,-0.910275,0.000000
14.500001,-0.335876,-548.272217,-0.012227,-0.035880,-0.911359,-1.494053,-0.076111,-9.113588,-548.272217,-0.910119,0.000000
14.510000,-0.345932,-548.138733,-0.012171,-0.035874,-0.911203,-1.538782,-0.078389,-9.112028,-548.138733,-0.909945,0.000000
14.520000,-0.354492,-548.316711,-0.012189,-0.035867,-0.911021,-1.576860,-0.080329,-9.110207,-548.316711,-0.909789,0.000000
14.530001,-0.343689,-548.138733,-0.012193,-0.035860,-0.910838,-1.528805,-0.077881,-9.108385,-548.138733,-0.909616,0.000000
14.540001,-0.366776,-548.183228,-0.012189,-0.035853,-0.910674,-1.631499,-0.083113,-9.106737,-548.183228,-0.909442,0.000000
14.550001,-0.366028,-548.227722,-0.012202,-0.035847,-0.910526,-1.628173,-0.082943,-9.105263,-548.227722,-0.909286,0.000000
14.560000,-0.365295,-548.138733,-0.012215,-0.035842,-0.910379,-1.624915,-0.082777,-9.103789,-548.138733,-0.909113,0.000000
14.570001,-0.370499,-548.272217,-0.012163,-0.035836,-0.910240,-1.648060,-0.083956,-9.102401,-548.272217,-0.908939,0.000000
14.580001,-0.367523,-548.183228,-0.012223,-0.035831,-0.910119,-1.634825,-0.083282,-9.101187,-548.183228,-0.908783,0.000000
14.590001,-0.364914,-548.227722,-0.012223,-0.035827,-0.909997,-1.623218,-0.082691,-9.099973,-548.227722,-0.908610,0.000000
14.600000,-0.353745,-548.272217,-0.012258,-0.035824,-0.909919,-1.573534,-0.080160,-9.099193,-548.272217,-0.908454,0.000000
14.610001,-0.353378,-548.138733,-0.012236,-0.035820,-0.909824,-1.571905,-0.080077,-9.098238,-548.138733,-0.908280,0.000000
14.620001,-0.362305,-548.272217,-0.012215,-0.035813,-0.909650,-1.611612,-0.082099,-9.096504,-548.272217,-0.908107,0.000000
14.630001,-0.355606,-548.183228,-0.012271,-0.035803,-0.909390,-1.581815,-0.080581,-9.093903,-548.183228,-0.907951,0.000000
14.640000,-0.337357,-548.227722,-0.012240,-0.035792,-0.909121,-1.500637,-0.076446,-9.091213,-548.227722,-0.907777,0.000000
14.650001,-0.317261,-548.272217,-0.012288,-0.035784,-0.908913,-1.411246,-0.071892,-9.089133,-548.272217,-0.907621,0.000000
14.660001,-0.317261,-548.138733,-0.012296,-0.035775,-0.908679,-1.411246,-0.071892,-9.086791,-548.138733,-0.907448,0.000000
14.670001,-0.323212,-548.272217,-0.012301,-0.035765,-0.908419,-1.437717,-0.073241,-9.084189,-548.272217,-0.907274,0.000000
14.680000,-0.320236,-548.183228,-0.012232,-0.035758,-0.908246,-1.424482,-0.072567,-9.082456,-548.183228,-0.907118,0.000000
14.690001,-0.321350,-548.227722,-0.012215,-0.035752,-0.908089,-1.429437,-0.072819,-9.080894,-548.227722,-0.906945,0.000000
14.700001,-0.322845,-548.227722,-0.012202,-0.035745,-0.907916,-1.436088,-0.073158,-9.079160,-548.227722,-0.906789,0.000000
14.710001,-0.315399,-548.183228,-0.012210,-0.035737,-0.907725,-1.402966,-0.071470,-9.077252,-548.183228,-0.906615,0.000000
14.720000,-0.329163,-548.227722,-0.012236,-0.035731,-0.907560,-1.464188,-0.074589,-9.075603,-548.227722,-0.906442,0.000000
14.730000,-0.344437,-548.183228,-0.012189,-0.035724,-0.907396,-1.532131,-0.078050,-9.073956,-548.183228,-0.906286,0.000000
14.740001,-0.354126,-548.227722,-0.012193,-0.035718,-0.907248,-1.575231,-0.080246,-9.072482,-548.227722,-0.906112,0.000000
14.750001,-0.357101,-548.272217,-0.012227,-0.035712,-0.907092,-1.588467,-0.080920,-9.070921,-548.272217,-0.905956,0.000000
14.760000,-0.353378,-548.138733,-0.012193,-0.035707,-0.906962,-1.571905,-0.080077,-9.069620,-548.138733,-0.905783,0.000000
14.770000,-0.357849,-548.272217,-0.012223,-0.035703,-0.906849,-1.591792,-0.081090,-9.068493,-548.272217,-0.905609,0.000000
14.780001,-0.348160,-548.183228,-0.012249,-0.035698,-0.906736,-1.548692,-0.078894,-9.067365,-548.183228,-0.905453,0.000000
14.790001,-0.349655,-548.272217,-0.012279,-0.035692,-0.906572,-1.555344,-0.079233,-9.065718,-548.272217,-0.905280,0.000000
14.800001,-0.347046,-548.272217,-0.012322,-0.035684,-0.906372,-1.543737,-0.078642,-9.063723,-548.272217,-0.905123,0.000000
14.810000,-0.339600,-548.094299,-0.012309,-0.035677,-0.906190,-1.510615,-0.076954,-9.061901,-548.094299,-0.904950,0.000000
14.820001,-0.333267,-548.227722,-0.012275,-0.035670,-0.906017,-1.482447,-0.075519,-9.060167,-548.227722,-0.904777,0.000000
14.830001,-0.334015,-548.227722,-0.012253,-0.035664,-0.905878,-1.485772,-0.075689,-9.058780,-548.227722,-0.904620,0.000000
14.840001,-0.316132,-548.227722,-0.012249,-0.035660,-0.905757,-1.406224,-0.071636,-9.057566,-548.227722,-0.904447,0.000000
14.850000,-0.316879,-548.316711,-0.012288,-0.035654,-0.905609,-1.409549,-0.071806,-9.056091,-548.316711,-0.904291,0.000000
14.860001,-0.311676,-548.183228,-0.012284,-0.035647,-0.905436,-1.386404,-0.070627,-9.054358,-548.183228,-0.904118,0.000000
14.870001,-0.309433,-548.272217,-0.012301,-0.035639,-0.905228,-1.376427,-0.070119,-9.052276,-548.272217,-0.903944,0.000000
14.880001,-0.322464,-548.138733,-0.012284,-0.035631,-0.905028,-1.434391,-0.073071,-9.050281,-548.138733,-0.903788,0.000000
14.890000,-0.327682,-548.183228,-0.012301,-0.035625,-0.904863,-1.457605,-0.074254,-9.048634,-548.183228,-0.903615,0.000000
14.900001,-0.316879,-548.227722,-0.012271,-0.035618,-0.904707,-1.409549,-0.071806,-9.047072,-548.227722,-0.903458,0.000000
14.910001,-0.323212,-548.183228,-0.012167,-0.035611,-0.904516,-1.437717,-0.073241,-9.045165,-548.183228,-0.903285,0.000000
14.920001,-0.334381,-548.272217,-0.012215,-0.035603,-0.904317,-1.487401,-0.075772,-9.043170,-548.272217,-0.903112,0.000000
14.930000,-0.349274,-548.138733,-0.012258,-0.035596,-0.904144,-1.553647,-0.079147,-9.041435,-548.138733,-0.902955,0.000000
14.940001,-0.345184,-548.272217,-0.012245,-0.035592,-0.904031,-1.535457,-0.078220,-9.040308,-548.272217,-0.902782,0.000000
14.950001,-0.352997,-548.272217,-0.012249,-0.035588,-0.903944,-1.570208,-0.079990,-9.039441,-548.272217,-0.902609,0.000000
14.960001,-0.350021,-548.183228,-0.012292,-0.035584,-0.903840,-1.556973,-0.079316,-9.038400,-548.183228,-0.902452,0.000000
14.970000,-0.348160,-548.316711,-0.012322,-0.035580,-0.903727,-1.548692,-0.078894,-9.037272,-548.316711,-0.902279,0.000000
14.980000,-0.346664,-548.183228,-0.012279,-0.035573,-0.903554,-1.542040,-0.078555,-9.035538,-548.183228,-0.902123,0.000000
14.990001,-0.350403,-548.227722,-0.012197,-0.035564,-0.903337,-1.558670,-0.079402,-9.033370,-548.227722,-0.901949,0.000000
15.000001,-0.339600,-548.227722,-0.012184,-0.035554,-0.903077,-1.510615,-0.076954,-9.030767,-548.227722,-0.901776,0.000000
15.010001,-0.334015,-548.138733,-0.012154,-0.035545,-0.902851,-1.485772,-0.075689,-9.028514,-548.138733,-0.901620,0.000000
15.020000,-0.338852,-548.272217,-0.012227,-0.035540,-0.902704,-1.507289,-0.076785,-9.027039,-548.272217,-0.901446,0.000000
15.030001,-0.317627,-548.138733,-0.012176,-0.035535,-0.902591,-1.412875,-0.071975,-9.025912,-548.138733,-0.901290,0.000000
15.040001,-0.325439,-548.227722,-0.012163,-0.035531,-0.902478,-1.447627,-0.073746,-9.024785,-548.227722,-0.901117,0.000000
15.050001,-0.317993,-548.227722,-0.012167,-0.035525,-0.902340,-1.414504,-0.072058,-9.023396,-548.227722,-0.900943,0.000000
15.060000,-0.310547,-548.138733,-0.012189,-0.035520,-0.902210,-1.381382,-0.070371,-9.022096,-548.138733,-0.900787,0.000000
15.070001,-0.310181,-548.272217,-0.012197,-0.035515,-0.902088,-1.379753,-0.070288,-9.020882,-548.272217,-0.900614,0.000000
15.080001,-0.322464,-548.138733,-0.012271,-0.035508,-0.901915,-1.434391,-0.073071,-9.019147,-548.138733,-0.900458,0.000000
15.090001,-0.328430,-548.227722,-0.012335,-0.035500,-0.901698,-1.460930,-0.074423,-9.016979,-548.227722,-0.900284,0.000000
15.100000,-0.323578,-548.272217,-0.012305,-0.035490,-0.901455,-1.439346,-0.073324,-9.014551,-548.272217,-0.900111,0.000000
15.110001,-0.330292,-548.183228,-0.012245,-0.035481,-0.901230,-1.469211,-0.074845,-9.012297,-548.183228,-0.899955,0.000000
15.120001,-0.332901,-548.272217,-0.012275,-0.035475,-0.901074,-1.480818,-0.075436,-9.010736,-548.272217,-0.899781,0.000000
15.130001,-0.349274,-548.227722,-0.012210,-0.035469,-0.900909,-1.553647,-0.079147,-9.009088,-548.227722,-0.899625,0.000000
15.140000,-0.351517,-548.227722,-0.012232,-0.035462,-0.900735,-1.563625,-0.079655,-9.007354,-548.227722,-0.899452,0.000000
15.150001,-0.353745,-548.227722,-0.012189,-0.035455,-0.900562,-1.573534,-0.080160,-9.005619,-548.227722,-0.899278,0.000000
15.160001,-0.349655,-548.183228,-0.012227,-0.035450,-0.900423,-1.555344,-0.079233,-9.004231,-548.183228,-0.899122,0.000000
15.170001,-0.344070,-548.316711,-0.012266,-0.035445,-0.900302,-1.530502,-0.077967,-9.003017,-548.316711,-0.898949,0.000000
15.180000,-0.342575,-548.227722,-0.012305,-0.035439,-0.900154,-1.523850,-0.077629,-9.001543,-548.227722,-0.898793,0.000000
15.190001,-0.340347,-548.272217,-0.012305,-0.035434,-0.900016,-1.513940,-0.077124,-9.000155,-548.272217,-0.898619,0.000000
15.200001,-0.342209,-548.227722,-0.012301,-0.035426,-0.899825,-1.522221,-0.077546,-8.998247,-548.227722,-0.898446,0.000000
15.210001,-0.338486,-548.183228,-0.012296,-0.035419,-0.899634,-1.505660,-0.076702,-8.996340,-548.183228,-0.898290,0.000000
15.220000,-0.335876,-548.316711,-0.012253,-0.035413,-0.899478,-1.494053,-0.076111,-8.994779,-548.316711,-0.898116,0.000000
15.230000,-0.327301,-548.183228,-0.012193,-0.035407,-0.899330,-1.455908,-0.074167,-8.993304,-548.183228,-0.897960,0.000000
15.240001,-0.334763,-548.272217,-0.012176,-0.035400,-0.899166,-1.489098,-0.075858,-8.991656,-548.272217,-0.897787,0.000000
15.250001,-0.323959,-548.227722,-0.012245,-0.035394,-0.899010,-1.441043,-0.073410,-8.990095,-548.227722,-0.897613,0.000000
15.260001,-0.329910,-548.138733,-0.012258,-0.035389,-0.898888,-1.467514,-0.074759,-8.988881,-548.138733,-0.897457,0.000000
15.270000,-0.329910,-548.316711,-0.012227,-0.035383,-0.898732,-1.467514,-0.074759,-8.987320,-548.316711,-0.897284,0.000000
15.280001,-0.337357,-548.272217,-0.012249,-0.035377,-0.898585,-1.500637,-0.076446,-8.985846,-548.272217,-0.897128,0.000000
15.290001,-0.343689,-548.272217,-0.012210,-0.035371,-0.898420,-1.528805,-0.077881,-8.984199,-548.272217,-0.896954,0.000000
15.300001,-0.345184,-548.316711,-0.012219,-0.035361,-0.898168,-1.535457,-0.078220,-8.981684,-548.316711,-0.896781,0.000000
15.310000,-0.340714,-548.183228,-0.012266,-0.035349,-0.897873,-1.515569,-0.077207,-8.978735,-548.183228,-0.896625,0.000000
15.320001,-0.372360,-548.227722,-0.012314,-0.035339,-0.897622,-1.656341,-0.084378,-8.976220,-548.227722,-0.896451,0.000000
15.330001,-0.365295,-548.227722,-0.012314,-0.035333,-0.897466,-1.624915,-0.082777,-8.974659,-548.227722,-0.896278,0.000000
15.340001,-0.359329,-548.183228,-0.012301,-0.035329,-0.897362,-1.598376,-0.081425,-8.973618,-548.183228,-0.896122,0.000000
15.350000,-0.368637,-548.272217,-0.012292,-0.035326,-0.897284,-1.639780,-0.083534,-8.972837,-548.272217,-0.895948,0.000000
15.360001,-0.376465,-548.138733,-0.012305,-0.035323,-0.897214,-1.674599,-0.085308,-8.972143,-548.138733,-0.895792,0.000000
15.370001,-0.379807,-548.272217,-0.012262,-0.035319,-0.897102,-1.689464,-0.086065,-8.971017,-548.272217,-0.895619,0.000000
15.380001,-0.369019,-548.183228,-0.012288,-0.035311,-0.896911,-1.641477,-0.083621,-8.969109,-548.183228,-0.895445,0.000000
15.390000,-0.358215,-548.227722,-0.012184,-0.035302,-0.896677,-1.593421,-0.081173,-8.966767,-548.227722,-0.895289,0.000000
15.400001,-0.351135,-548.272217,-0.012197,-0.035295,-0.896495,-1.561928,-0.079568,-8.964946,-548.272217,-0.895116,0.000000
15.410001,-0.353745,-548.138733,-0.012180,-0.035288,-0.896321,-1.573534,-0.080160,-8.963211,-548.138733,-0.894960,0.000000
15.420001,-0.350769,-548.316711,-0.012223,-0.035282,-0.896174,-1.560299,-0.079485,-8.961737,-548.316711,-0.894786,0.000000
15.430000,-0.342575,-548.227722,-0.012202,-0.035277,-0.896035,-1.523850,-0.077629,-8.960350,-548.227722,-0.894613,0.000000
15.440001,-0.342941,-548.272217,-0.012240,-0.035273,-0.895922,-1.525479,-0.077712,-8.959222,-548.272217,-0.894457,0.000000
15.450001,-0.347412,-548.227722,-0.012189,-0.035268,-0.895809,-1.545366,-0.078725,-8.958095,-548.227722,-0.894283,0.000000
15.460001,-0.347046,-548.183228,-0.012197,-0.035264,-0.895714,-1.543737,-0.078642,-8.957141,-548.183228,-0.894127,0.000000
15.470000,-0.350021,-548.316711,-0.012219,-0.035260,-0.895610,-1.556973,-0.079316,-8.956100,-548.316711,-0.893954,0.000000
15.480000,-0.359711,-548.227722,-0.012262,-0.035253,-0.895419,-1.600073,-0.081512,-8.954192,-548.227722,-0.893780,0.000000
15.490001,-0.354492,-548.227722,-0.012284,-0.035242,-0.895159,-1.576860,-0.080329,-8.951591,-548.227722,-0.893624,0.000000
15.500001,-0.354858,-548.272217,-0.012331,-0.035232,-0.894890,-1.578489,-0.080412,-8.948902,-548.272217,-0.893451,0.000000
15.510001,-0.358215,-548.138733,-0.012301,-0.035222,-0.894647,-1.593421,-0.081173,-8.946473,-548.138733,-0.893295,0.000000
15.520000,-0.360443,-548.272217,-0.012309,-0.035215,-0.894457,-1.603331,-0.081678,-8.944566,-548.272217,-0.893121,0.000000
15.530001,-0.367523,-548.183228,-0.012305,-0.035210,-0.894344,-1.634825,-0.083282,-8.943439,-548.183228,-0.892948,0.000000
15.540001,-0.360077,-548.183228,-0.012309,-0.035207,-0.894248,-1.601702,-0.081595,-8.942485,-548.183228,-0.892792,0.000000
15.550001,-0.375717,-548.272217,-0.012301,-0.035203,-0.894153,-1.671273,-0.085139,-8.941530,-548.272217,-0.892618,0.000000
15.560000,-0.387253,-548.183228,-0.012279,-0.035198,-0.894040,-1.722587,-0.087753,-8.940404,-548.183228,-0.892462,0.000000
15.570001,-0.374222,-548.316711,-0.012296,-0.035194,-0.893919,-1.664622,-0.084800,-8.939190,-548.316711,-0.892289,0.000000
15.580001,-0.364914,-548.227722,-0.012271,-0.035188,-0.893763,-1.623218,-0.082691,-8.937628,-548.227722,-0.892115,0.000000
15.590001,-0.358963,-548.227722,-0.012210,-0.035182,-0.893615,-1.596747,-0.081342,-8.936154,-548.227722,-0.891959,0.000000
15.600000,-0.354858,-548.272217,-0.012189,-0.035175,-0.893451,-1.578489,-0.080412,-8.934506,-548.272217,-0.891786,0.000000
15.610001,-0.352997,-548.138733,-0.012202,-0.035166,-0.893225,-1.570208,-0.079990,-8.932252,-548.138733,-0.891629,0.000000
15.620001,-0.355240,-548.227722,-0.012266,-0.035156,-0.892956,-1.580186,-0.080499,-8.929563,-548.227722,-0.891456,0.000000
15.630001,-0.354126,-548.227722,-0.012279,-0.035144,-0.892670,-1.575231,-0.080246,-8.926702,-548.227722,-0.891283,0.000000
15.640000,-0.347412,-548.272217,-0.012305,-0.035135,-0.892436,-1.545366,-0.078725,-8.924359,-548.272217,-0.891126,0.000000
15.650001,-0.347046,-548.227722,-0.012296,-0.035128,-0.892262,-1.543737,-0.078642,-8.922625,-548.227722,-0.890953,0.000000
15.660001,-0.354492,-548.227722,-0.012314,-0.035123,-0.892132,-1.576860,-0.080329,-8.921325,-548.227722,-0.890797,0.000000
15.670001,-0.349274,-548.316711,-0.012284,-0.035118,-0.891985,-1.553647,-0.079147,-8.919850,-548.316711,-0.890623,0.000000
15.680000,-0.359711,-548.183228,-0.012258,-0.035111,-0.891812,-1.600073,-0.081512,-8.918117,-548.183228,-0.890450,0.000000
15.690001,-0.356720,-548.227722,-0.012227,-0.035104,-0.891638,-1.586770,-0.080834,-8.916381,-548.227722,-0.890294,0.000000
15.700001,-0.350769,-548.227722,-0.012275,-0.035097,-0.891456,-1.560299,-0.079485,-8.914560,-548.227722,-0.890121,0.000000
15.710001,-0.367523,-548.138733,-0.012227,-0.035091,-0.891309,-1.634825,-0.083282,-8.913086,-548.138733,-0.889964,0.000000
15.720001,-0.385025,-548.361145,-0.012245,-0.035086,-0.891196,-1.712677,-0.087248,-8.911958,-548.361145,-0.889791,0.000000
15.730000,-0.374969,-548.272217,-0.012223,-0.035081,-0.891066,-1.667948,-0.084969,-8.910658,-548.272217,-0.889618,0.000000
15.740001,-0.383163,-548.272217,-0.012180,-0.035076,-0.890918,-1.704396,-0.086826,-8.909183,-548.272217,-0.889461,0.000000
15.750001,-0.375351,-548.316711,-0.012171,-0.035071,-0.890806,-1.669644,-0.085056,-8.908056,-548.316711,-0.889288,0.000000
15.760001,-0.373489,-548.183228,-0.012197,-0.035067,-0.890701,-1.661364,-0.084634,-8.907015,-548.183228,-0.889114,0.000000
15.770000,-0.388748,-548.316711,-0.012193,-0.035061,-0.890554,-1.729238,-0.088092,-8.905540,-548.316711,-0.888958,0.000000
15.780001,-0.377579,-548.227722,-0.012197,-0.035055,-0.890389,-1.679554,-0.085561,-8.903893,-548.227722,-0.888785,0.000000
15.790001,-0.370499,-548.316711,-0.012227,-0.035047,-0.890190,-1.648060,-0.083956,-8.901898,-548.316711,-0.888629,0.000000
15.800001,-0.360825,-548.272217,-0.012279,-0.035037,-0.889947,-1.605028,-0.081764,-8.899470,-548.272217,-0.888455,0.000000
15.810000,-0.358963,-548.183228,-0.012253,-0.035027,-0.889687,-1.596747,-0.081342,-8.896869,-548.183228,-0.888282,0.000000
15.820001,-0.337738,-548.272217,-0.012309,-0.035018,-0.889453,-1.502334,-0.076533,-8.894526,-548.272217,-0.888126,0.000000
15.830001,-0.334015,-548.183228,-0.012305,-0.035011,-0.889271,-1.485772,-0.075689,-8.892706,-548.183228,-0.887952,0.000000
15.840001,-0.344437,-548.272217,-0.012331,-0.035005,-0.889123,-1.532131,-0.078050,-8.891232,-548.272217,-0.887796,0.000000
15.850000,-0.357101,-548.316711,-0.012301,-0.034999,-0.888984,-1.588467,-0.080920,-8.889844,-548.316711,-0.887623,0.000000
15.860001,-0.355988,-548.227722,-0.012301,-0.034995,-0.888872,-1.583512,-0.080668,-8.888717,-548.227722,-0.887449,0.000000
15.870001,-0.357849,-548.272217,-0.012253,-0.034990,-0.888750,-1.591792,-0.081090,-8.887503,-548.272217,-0.887293,0.000000
15.880001,-0.361572,-548.183228,-0.012184,-0.034983,-0.888577,-1.608354,-0.081933,-8.885769,-548.183228,-0.887120,0.000000
15.890000,-0.365295,-548.227722,-0.012163,-0.034975,-0.888377,-1.624915,-0.082777,-8.883774,-548.227722,-0.886964,0.000000
15.900001,-0.362686,-548.272217,-0.012193,-0.034968,-0.888187,-1.613309,-0.082186,-8.881866,-548.272217,-0.886790,0.000000
15.910001,-0.378326,-548.183228,-0.012180,-0.034961,-0.888022,-1.682880,-0.085730,-8.880218,-548.183228,-0.886617,0.000000
15.920001,-0.399170,-548.361145,-0.012193,-0.034956,-0.887892,-1.775596,-0.090453,-8.878917,-548.361145,-0.886461,0.000000
15.930000,-0.383530,-548.227722,-0.012171,-0.034953,-0.887814,-1.706025,-0.086909,-8.878137,-548.227722,-0.886287,0.000000
15.940001,-0.407745,-548.272217,-0.012171,-0.034950,-0.887718,-1.813742,-0.092396,-8.877183,-548.272217,-0.886131,0.000000
15.950001,-0.408859,-548.316711,-0.012184,-0.034945,-0.887614,-1.818697,-0.092649,-8.876142,-548.316711,-0.885958,0.000000
15.960001,-0.384277,-548.227722,-0.012206,-0.034939,-0.887449,-1.709351,-0.087078,-8.874495,-548.227722,-0.885784,0.000000
15.970001,-0.390244,-548.405640,-0.012219,-0.034930,-0.887224,-1.735890,-0.088430,-8.872239,-548.405640,-0.885628,0.000000
15.980000,-0.367523,-548.227722,-0.012232,-0.034920,-0.886964,-1.634825,-0.083282,-8.869637,-548.227722,-0.885455,0.000000
15.990001,-0.352631,-548.227722,-0.012236,-0.034910,-0.886721,-1.568579,-0.079907,-8.867209,-548.227722,-0.885299,0.000000
16.000000,-0.351135,-548.227722,-0.012266,-0.034901,-0.886487,-1.561928,-0.079568,-8.864868,-548.227722,-0.885125,0.000000
16.010000,-0.344070,-548.183228,-0.012249,-0.034892,-0.886261,-1.530502,-0.077967,-8.862614,-548.183228,-0.884952,0.000000
16.020000,-0.346664,-548.316711,-0.012271,-0.034886,-0.886114,-1.542040,-0.078555,-8.861139,-548.316711,-0.884796,0.000000
16.030001,-0.351883,-548.272217,-0.012296,-0.034882,-0.886010,-1.565253,-0.079738,-8.860099,-548.272217,-0.884622,0.000000
16.040001,-0.363434,-548.361145,-0.012309,-0.034879,-0.885914,-1.616634,-0.082355,-8.859144,-548.361145,-0.884466,0.000000
16.050001,-0.363800,-548.316711,-0.012279,-0.034873,-0.885784,-1.618263,-0.082438,-8.857843,-548.316711,-0.884293,0.000000
16.060001,-0.370880,-548.227722,-0.012318,-0.034867,-0.885620,-1.649757,-0.084043,-8.856196,-548.227722,-0.884119,0.000000
16.070002,-0.373108,-548.316711,-0.012245,-0.034858,-0.885403,-1.659667,-0.084547,-8.854028,-548.316711,-0.883963,0.000000
16.080000,-0.376831,-548.183228,-0.012227,-0.034850,-0.885195,-1.676228,-0.085391,-8.851947,-548.183228,-0.883790,0.000000
16.090000,-0.372742,-548.227722,-0.012206,-0.034843,-0.885004,-1.658038,-0.084464,-8.850039,-548.227722,-0.883634,0.000000
16.100000,-0.390610,-548.272217,-0.012258,-0.034836,-0.884839,-1.737519,-0.088513,-8.848391,-548.272217,-0.883460,0.000000
16.110001,-0.383163,-548.183228,-0.012219,-0.034831,-0.884709,-1.704396,-0.086826,-8.847090,-548.183228,-0.883287,0.000000
16.120001,-0.380188,-548.272217,-0.012189,-0.034825,-0.884562,-1.691161,-0.086152,-8.845615,-548.272217,-0.883131,0.000000
16.130001,-0.391724,-548.183228,-0.012206,-0.034821,-0.884449,-1.742474,-0.088766,-8.844488,-548.183228,-0.882957,0.000000
16.140001,-0.395447,-548.272217,-0.012171,-0.034817,-0.884345,-1.759035,-0.089610,-8.843448,-548.272217,-0.882784,0.000000
16.150002,-0.402527,-548.316711,-0.012258,-0.034811,-0.884206,-1.790529,-0.091214,-8.842060,-548.316711,-0.882628,0.000000
16.160000,-0.399551,-548.227722,-0.012240,-0.034803,-0.883998,-1.777293,-0.090540,-8.839979,-548.227722,-0.882454,0.000000
16.170000,-0.382050,-548.316711,-0.012262,-0.034792,-0.883729,-1.699441,-0.086574,-8.837291,-548.316711,-0.882298,0.000000
16.180000,-0.356354,-548.272217,-0.012262,-0.034783,-0.883486,-1.585141,-0.080751,-8.834862,-548.272217,-0.882125,0.000000
16.190001,-0.349274,-548.272217,-0.012288,-0.034776,-0.883304,-1.553647,-0.079147,-8.833041,-548.272217,-0.881951,0.000000
16.200001,-0.351517,-548.316711,-0.012245,-0.034769,-0.883131,-1.563625,-0.079655,-8.831306,-548.316711,-0.881795,0.000000
16.210001,-0.344070,-548.227722,-0.012271,-0.034763,-0.882975,-1.530502,-0.077967,-8.829745,-548.227722,-0.881622,0.000000
16.220001,-0.338104,-548.361145,-0.012275,-0.034758,-0.882853,-1.503963,-0.076616,-8.828531,-548.361145,-0.881466,0.000000
16.230001,-0.350021,-548.183228,-0.012249,-0.034753,-0.882714,-1.556973,-0.079316,-8.827144,-548.183228,-0.881292,0.000000
16.240002,-0.360825,-548.272217,-0.012245,-0.034746,-0.882558,-1.605028,-0.081764,-8.825583,-548.272217,-0.881119,0.000000
16.250000,-0.360825,-548.361145,-0.012253,-0.034739,-0.882376,-1.605028,-0.081764,-8.823762,-548.361145,-0.880963,0.000000
16.260000,-0.361938,-548.183228,-0.012210,-0.034732,-0.882185,-1.609983,-0.082016,-8.821854,-548.183228,-0.880789,0.000000
16.270000,-0.350403,-548.361145,-0.012202,-0.034725,-0.882021,-1.558670,-0.079402,-8.820206,-548.361145,-0.880633,0.000000
16.280001,-0.352997,-548.227722,-0.012171,-0.034718,-0.881847,-1.570208,-0.079990,-8.818471,-548.227722,-0.880460,0.000000
16.290001,-0.363434,-548.272217,-0.012193,-0.034711,-0.881648,-1.616634,-0.082355,-8.816477,-548.272217,-0.880286,0.000000
16.300001,-0.370499,-548.227722,-0.012197,-0.034703,-0.881466,-1.648060,-0.083956,-8.814656,-548.227722,-0.880130,0.000000
16.310001,-0.377945,-548.227722,-0.012184,-0.034697,-0.881309,-1.681183,-0.085644,-8.813095,-548.227722,-0.879957,0.000000
16.320002,-0.387634,-548.272217,-0.012210,-0.034692,-0.881171,-1.724283,-0.087839,-8.811707,-548.272217,-0.879800,0.000000
16.330000,-0.382797,-548.272217,-0.012288,-0.034686,-0.881015,-1.702767,-0.086743,-8.810146,-548.272217,-0.879627,0.000000
16.340000,-0.375351,-548.272217,-0.012236,-0.034678,-0.880824,-1.669644,-0.085056,-8.808238,-548.272217,-0.879454,0.000000
16.350000,-0.376465,-548.316711,-0.012210,-0.034668,-0.880564,-1.674599,-0.085308,-8.805636,-548.316711,-0.879297,0.000000
16.360001,-0.357101,-548.183228,-0.012202,-0.034659,-0.880347,-1.588467,-0.080920,-8.803469,-548.183228,-0.879124,0.000000
16.370001,-0.330658,-548.361145,-0.012236,-0.034655,-0.880243,-1.470840,-0.074928,-8.802428,-548.361145,-0.878968,0.000000
16.380001,-0.339218,-548.183228,-0.012275,-0.034652,-0.880165,-1.508918,-0.076868,-8.801647,-548.183228,-0.878794,0.000000
16.390001,-0.335129,-548.272217,-0.012206,-0.034649,-0.880078,-1.490727,-0.075941,-8.800779,-548.272217,-0.878621,0.000000
16.400002,-0.331039,-548.316711,-0.012236,-0.034642,-0.879896,-1.472537,-0.075015,-8.798959,-548.316711,-0.878465,0.000000
16.410000,-0.317261,-548.227722,-0.012279,-0.034633,-0.879679,-1.411246,-0.071892,-8.796790,-548.227722,-0.878291,0.000000
16.420000,-0.326187,-548.316711,-0.012249,-0.034623,-0.879436,-1.450953,-0.073915,-8.794362,-548.316711,-0.878135,0.000000
16.430000,-0.334381,-548.227722,-0.012288,-0.034616,-0.879245,-1.487401,-0.075772,-8.792455,-548.227722,-0.877962,0.000000
16.440001,-0.345932,-548.272217,-0.012271,-0.034610,-0.879107,-1.538782,-0.078389,-8.791067,-548.272217,-0.877788,0.000000
16.450001,-0.339600,-548.316711,-0.012275,-0.034606,-0.879003,-1.510615,-0.076954,-8.790027,-548.316711,-0.877632,0.000000
16.460001,-0.325439,-548.272217,-0.012219,-0.034603,-0.878907,-1.447627,-0.073746,-8.789072,-548.272217,-0.877459,0.000000
16.470001,-0.344070,-548.272217,-0.012266,-0.034598,-0.878777,-1.530502,-0.077967,-8.787772,-548.272217,-0.877303,0.000000
16.480001,-0.348907,-548.227722,-0.012292,-0.034589,-0.878552,-1.552018,-0.079064,-8.785517,-548.227722,-0.877129,0.000000
16.490002,-0.360825,-548.272217,-0.012296,-0.034579,-0.878309,-1.605028,-0.081764,-8.783089,-548.272217,-0.876956,0.000000
16.500000,-0.348907,-548.272217,-0.012318,-0.034572,-0.878127,-1.552018,-0.079064,-8.781267,-548.272217,-0.876800,0.000000
16.510000,-0.351517,-548.183228,-0.012318,-0.034566,-0.877971,-1.563625,-0.079655,-8.779706,-548.183228,-0.876626,0.000000
16.520000,-0.350769,-548.361145,-0.012309,-0.034560,-0.877832,-1.560299,-0.079485,-8.778319,-548.361145,-0.876453,0.000000
16.530001,-0.351883,-548.227722,-0.012309,-0.034554,-0.877667,-1.565253,-0.079738,-8.776670,-548.227722,-0.876297,0.000000
16.540001,-0.348526,-548.316711,-0.012288,-0.034547,-0.877485,-1.550321,-0.078977,-8.774850,-548.316711,-0.876123,0.000000
16.550001,-0.341461,-548.316711,-0.012292,-0.034539,-0.877286,-1.518895,-0.077376,-8.772856,-548.316711,-0.875967,0.000000
16.560001,-0.336624,-548.316711,-0.012309,-0.034532,-0.877103,-1.497379,-0.076280,-8.771034,-548.316711,-0.875794,0.000000
16.570002,-0.344803,-548.316711,-0.012292,-0.034525,-0.876947,-1.533760,-0.078133,-8.769473,-548.316711,-0.875620,0.000000
16.580000,-0.344437,-548.272217,-0.012288,-0.034520,-0.876809,-1.532131,-0.078050,-8.768085,-548.272217,-0.875464,0.000000
16.590000,-0.329544,-548.272217,-0.012275,-0.034514,-0.876644,-1.465885,-0.074676,-8.766438,-548.272217,-0.875291,0.000000
16.600000,-0.329544,-548.272217,-0.012219,-0.034506,-0.876444,-1.465885,-0.074676,-8.764443,-548.272217,-0.875135,0.000000
16.610001,-0.335495,-548.183228,-0.012206,-0.034496,-0.876210,-1.492356,-0.076024,-8.762102,-548.183228,-0.874961,0.000000
16.620001,-0.344803,-548.316711,-0.012240,-0.034488,-0.876002,-1.533760,-0.078133,-8.760020,-548.316711,-0.874788,0.000000
16.630001,-0.334015,-548.227722,-0.012258,-0.034482,-0.875855,-1.485772,-0.075689,-8.758546,-548.227722,-0.874632,0.000000
16.640001,-0.341080,-548.316711,-0.012223,-0.034476,-0.875699,-1.517198,-0.077290,-8.756986,-548.316711,-0.874458,0.000000
16.650002,-0.348160,-548.316711,-0.012210,-0.034469,-0.875516,-1.548692,-0.078894,-8.755164,-548.316711,-0.874302,0.000000
16.660000,-0.336243,-548.183228,-0.012197,-0.034462,-0.875326,-1.495682,-0.076194,-8.753257,-548.183228,-0.874129,0.000000
16.670000,-0.357468,-548.272217,-0.012176,-0.034455,-0.875161,-1.590096,-0.081003,-8.751608,-548.272217,-0.873955,0.000000
16.680000,-0.355240,-548.227722,-0.012154,-0.034450,-0.875031,-1.580186,-0.080499,-8.750307,-548.227722,-0.873799,0.000000
16.690001,-0.368637,-548.316711,-0.012184,-0.034444,-0.874883,-1.639780,-0.083534,-8.748833,-548.316711,-0.873626,0.000000
16.700001,-0.366028,-548.361145,-0.012193,-0.034439,-0.874745,-1.628173,-0.082943,-8.747446,-548.361145,-0.873470,0.000000
16.710001,-0.362686,-548.272217,-0.012197,-0.034434,-0.874632,-1.613309,-0.082186,-8.746318,-548.272217,-0.873296,0.000000
16.720001,-0.376465,-548.316711,-0.012219,-0.034429,-0.874502,-1.674599,-0.085308,-8.745018,-548.316711,-0.873123,0.000000
16.730001,-0.353745,-548.272217,-0.012219,-0.034426,-0.874424,-1.573534,-0.080160,-8.744237,-548.272217,-0.872967,0.000000
16.740002,-0.345551,-548.316711,-0.012223,-0.034423,-0.874337,-1.537086,-0.078303,-8.743369,-548.316711,-0.872793,0.000000
16.750000,-0.347794,-548.227722,-0.012193,-0.034416,-0.874164,-1.547063,-0.078811,-8.741635,-548.227722,-0.872637,0.000000
16.760000,-0.344070,-548.227722,-0.012296,-0.034406,-0.873912,-1.530502,-0.077967,-8.739120,-548.227722,-0.872464,0.000000
16.770000,-0.338852,-548.361145,-0.012301,-0.034395,-0.873635,-1.507289,-0.076785,-8.736345,-548.361145,-0.872290,0.000000
16.780001,-0.321716,-548.227722,-0.012340,-0.034387,-0.873426,-1.431066,-0.072902,-8.734264,-548.227722,-0.872134,0.000000
16.790001,-0.319122,-548.316711,-0.012322,-0.034378,-0.873210,-1.419527,-0.072314,-8.732096,-548.316711,-0.871961,0.000000
16.800001,-0.317261,-548.316711,-0.012340,-0.034368,-0.872949,-1.411246,-0.071892,-8.729494,-548.316711,-0.871805,0.000000
16.810001,-0.318741,-548.272217,-0.012305,-0.034361,-0.872759,-1.417830,-0.072228,-8.727587,-548.272217,-0.871631,0.000000
16.820002,-0.323578,-548.361145,-0.012292,-0.034355,-0.872611,-1.439346,-0.073324,-8.726112,-548.361145,-0.871458,0.000000
16.830000,-0.322845,-548.227722,-0.012271,-0.034348,-0.872429,-1.436088,-0.073158,-8.724291,-548.227722,-0.871302,0.000000
16.840000,-0.319855,-548.316711,-0.012223,-0.034341,-0.872256,-1.422785,-0.072480,-8.722556,-548.316711,-0.871128,0.000000
16.850000,-0.315765,-548.272217,-0.012189,-0.034334,-0.872091,-1.404595,-0.071553,-8.720909,-548.272217,-0.870972,0.000000
16.860001,-0.338104,-548.316711,-0.012219,-0.034328,-0.871926,-1.503963,-0.076616,-8.719260,-548.316711,-0.870799,0.000000
16.870001,-0.345932,-548.272217,-0.012292,-0.034322,-0.871779,-1.538782,-0.078389,-8.717787,-548.272217,-0.870625,0.000000
16.880001,-0.351135,-548.272217,-0.012322,-0.034316,-0.871614,-1.561928,-0.079568,-8.716139,-548.272217,-0.870469,0.000000
16.890001,-0.347412,-548.316711,-0.012305,-0.034310,-0.871475,-1.545366,-0.078725,-8.714751,-548.316711,-0.870296,0.000000
16.900002,-0.350769,-548.272217,-0.012258,-0.034305,-0.871354,-1.560299,-0.079485,-8.713537,-548.272217,-0.870122,0.000000
16.910002,-0.348160,-548.227722,-0.012167,-0.034301,-0.871241,-1.548692,-0.078894,-8.712410,-548.227722,-0.869966,0.000000
16.920000,-0.345932,-548.361145,-0.012158,-0.034295,-0.871085,-1.538782,-0.078389,-8.710849,-548.361145,-0.869793,0.000000
16.930000,-0.338486,-548.227722,-0.012193,-0.034287,-0.870894,-1.505660,-0.076702,-8.708941,-548.227722,-0.869637,0.000000
16.940001,-0.335495,-548.272217,-0.012193,-0.034280,-0.870712,-1.492356,-0.076024,-8.707120,-548.272217,-0.869463,0.000000
16.950001,-0.330658,-548.361145,-0.012219,-0.034274,-0.870556,-1.470840,-0.074928,-8.705559,-548.361145,-0.869290,0.000000
16.960001,-0.326935,-548.272217,-0.012202,-0.034268,-0.870400,-1.454279,-0.074084,-8.703998,-548.272217,-0.869134,0.000000
16.970001,-0.316513,-548.361145,-0.012232,-0.034263,-0.870278,-1.407920,-0.071723,-8.702784,-548.361145,-0.868960,0.000000
16.980001,-0.303482,-548.227722,-0.012301,-0.034257,-0.870140,-1.349956,-0.068770,-8.701396,-548.227722,-0.868804,0.000000
16.990002,-0.306458,-548.316711,-0.012309,-0.034251,-0.869966,-1.363191,-0.069444,-8.699661,-548.316711,-0.868631,0.000000
17.000000,-0.307205,-548.316711,-0.012327,-0.034243,-0.869784,-1.366517,-0.069614,-8.697840,-548.316711,-0.868457,0.000000
17.010000,-0.313904,-548.272217,-0.012314,-0.034235,-0.869567,-1.396314,-0.071132,-8.695672,-548.272217,-0.868301,0.000000
17.020000,-0.311295,-548.405640,-0.012305,-0.034228,-0.869385,-1.384707,-0.070540,-8.693851,-548.405640,-0.868128,0.000000
17.030001,-0.312408,-548.227722,-0.012275,-0.034221,-0.869212,-1.389662,-0.070793,-8.692117,-548.227722,-0.867971,0.000000
17.040001,-0.318741,-548.361145,-0.012240,-0.034213,-0.869012,-1.417830,-0.072228,-8.690122,-548.361145,-0.867798,0.000000
17.050001,-0.312790,-548.316711,-0.012232,-0.034206,-0.868830,-1.391359,-0.070879,-8.688301,-548.316711,-0.867625,0.000000
17.060001,-0.339600,-548.183228,-0.012219,-0.034199,-0.868657,-1.510615,-0.076954,-8.686566,-548.183228,-0.867469,0.000000
17.070002,-0.340347,-548.361145,-0.012253,-0.034194,-0.868535,-1.513940,-0.077124,-8.685352,-548.361145,-0.867295,0.000000
17.080000,-0.354492,-548.227722,-0.012232,-0.034190,-0.868431,-1.576860,-0.080329,-8.684312,-548.227722,-0.867139,0.000000
17.090000,-0.357849,-548.272217,-0.012176,-0.034186,-0.868318,-1.591792,-0.081090,-8.683184,-548.272217,-0.866966,0.000000
17.100000,-0.356720,-548.316711,-0.012171,-0.034181,-0.868197,-1.586770,-0.080834,-8.681970,-548.316711,-0.866792,0.000000
17.110001,-0.345184,-548.272217,-0.012193,-0.034174,-0.868032,-1.535457,-0.078220,-8.680323,-548.272217,-0.866636,0.000000
17.120001,-0.339966,-548.361145,-0.012215,-0.034167,-0.867841,-1.512244,-0.077037,-8.678415,-548.361145,-0.866463,0.000000
17.130001,-0.327682,-548.316711,-0.012210,-0.034158,-0.867616,-1.457605,-0.074254,-8.676160,-548.316711,-0.866306,0.000000
17.140001,-0.327682,-548.272217,-0.012171,-0.034150,-0.867399,-1.457605,-0.074254,-8.673991,-548.272217,-0.866133,0.000000
17.150002,-0.336624,-548.361145,-0.012215,-0.034143,-0.867234,-1.497379,-0.076280,-8.672344,-548.361145,-0.865960,0.000000
17.160002,-0.329544,-548.316711,-0.012206,-0.034139,-0.867130,-1.465885,-0.074676,-8.671303,-548.316711,-0.865803,0.000000
17.170000,-0.316132,-548.361145,-0.012318,-0.034135,-0.867018,-1.406224,-0.071636,-8.670177,-548.361145,-0.865630,0.000000
17.180000,-0.313156,-548.272217,-0.012305,-0.034129,-0.866888,-1.392988,-0.070962,-8.668875,-548.272217,-0.865474,0.000000
17.190001,-0.310547,-548.361145,-0.012305,-0.034124,-0.866740,-1.381382,-0.070371,-8.667401,-548.361145,-0.865300,0.000000
17.200001,-0.319122,-548.316711,-0.012309,-0.034119,-0.866619,-1.419527,-0.072314,-8.666187,-548.316711,-0.865127,0.000000
17.210001,-0.322098,-548.227722,-0.012275,-0.034113,-0.866480,-1.432763,-0.072988,-8.664799,-548.227722,-0.864971,0.000000
17.220001,-0.332901,-548.361145,-0.012240,-0.034105,-0.866272,-1.480818,-0.075436,-8.662718,-548.361145,-0.864797,0.000000
17.230001,-0.320236,-548.227722,-0.012167,-0.034095,-0.866012,-1.424482,-0.072567,-8.660116,-548.227722,-0.864641,0.000000
17.240002,-0.320236,-548.316711,-0.012171,-0.034085,-0.865760,-1.424482,-0.072567,-8.657601,-548.316711,-0.864468,0.000000
17.250000,-0.328430,-548.361145,-0.012197,-0.034078,-0.865578,-1.460930,-0.074423,-8.655781,-548.361145,-0.864294,0.000000
17.260000,-0.353745,-548.227722,-0.012189,-0.034071,-0.865405,-1.573534,-0.080160,-8.654046,-548.227722,-0.864138,0.000000
17.270000,-0.360077,-548.316711,-0.012197,-0.034064,-0.865231,-1.601702,-0.081595,-8.652310,-548.316711,-0.863965,0.000000
17.280001,-0.351517,-548.272217,-0.012189,-0.034058,-0.865066,-1.563625,-0.079655,-8.650663,-548.272217,-0.863791,0.000000
17.290001,-0.348907,-548.361145,-0.012189,-0.034052,-0.864928,-1.552018,-0.079064,-8.649276,-548.361145,-0.863635,0.000000
17.300001,-0.345184,-548.316711,-0.012206,-0.034048,-0.864815,-1.535457,-0.078220,-8.648149,-548.316711,-0.863462,0.000000
17.310001,-0.342941,-548.227722,-0.012189,-0.034042,-0.864676,-1.525479,-0.077712,-8.646761,-548.227722,-0.863306,0.000000
17.320002,-0.337738,-548.361145,-0.012210,-0.034037,-0.864529,-1.502334,-0.076533,-8.645287,-548.361145,-0.863132,0.000000
17.330000,-0.333633,-548.227722,-0.012202,-0.034029,-0.864347,-1.484076,-0.075602,-8.643465,-548.227722,-0.862959,0.000000
17.340000,-0.329910,-548.361145,-0.012223,-0.034022,-0.864156,-1.467514,-0.074759,-8.641558,-548.361145,-0.862803,0.000000
17.350000,-0.328049,-548.361145,-0.012249,-0.034016,-0.864000,-1.459234,-0.074337,-8.639997,-548.361145,-0.862629,0.000000
17.360001,-0.327301,-548.227722,-0.012292,-0.034010,-0.863861,-1.455908,-0.074167,-8.638609,-548.227722,-0.862473,0.000000
17.370001,-0.334381,-548.316711,-0.012266,-0.034003,-0.863687,-1.487401,-0.075772,-8.636875,-548.316711,-0.862300,0.000000
17.380001,-0.328796,-548.227722,-0.012327,-0.033997,-0.863514,-1.462559,-0.074506,-8.635140,-548.227722,-0.862126,0.000000
17.390001,-0.320984,-548.316711,-0.012301,-0.033991,-0.863366,-1.427808,-0.072736,-8.633665,-548.316711,-0.861970,0.000000
17.400002,-0.327682,-548.361145,-0.012327,-0.033985,-0.863210,-1.457605,-0.074254,-8.632105,-548.361145,-0.861797,0.000000
17.410002,-0.324707,-548.272217,-0.012318,-0.033980,-0.863080,-1.444369,-0.073580,-8.630804,-548.272217,-0.861641,0.000000
17.420000,-0.339600,-548.316711,-0.012292,-0.033973,-0.862924,-1.510615,-0.076954,-8.629243,-548.316711,-0.861467,0.000000
17.430000,-0.336624,-548.316711,-0.012202,-0.033965,-0.862699,-1.497379,-0.076280,-8.626987,-548.316711,-0.861294,0.000000
17.440001,-0.341461,-548.272217,-0.012206,-0.033953,-0.862413,-1.518895,-0.077376,-8.624126,-548.272217,-0.861138,0.000000
17.450001,-0.359711,-548.361145,-0.012227,-0.033944,-0.862170,-1.600073,-0.081512,-8.621698,-548.361145,-0.860964,0.000000
17.460001,-0.373489,-548.227722,-0.012301,-0.033937,-0.862005,-1.661364,-0.084634,-8.620050,-548.227722,-0.860808,0.000000
17.470001,-0.360443,-548.361145,-0.012322,-0.033933,-0.861901,-1.603331,-0.081678,-8.619009,-548.361145,-0.860635,0.000000
17.480001,-0.373856,-548.272217,-0.012296,-0.033929,-0.861797,-1.662993,-0.084717,-8.617970,-548.272217,-0.860461,0.000000
17.490002,-0.369766,-548.316711,-0.012301,-0.033925,-0.861701,-1.644802,-0.083790,-8.617015,-548.316711,-0.860305,0.000000
17.500000,-0.365295,-548.316711,-0.012301,-0.033921,-0.861589,-1.624915,-0.082777,-8.615888,-548.316711,-0.860132,0.000000
17.510000,-0.371246,-548.227722,-0.012288,-0.033914,-0.861415,-1.651386,-0.084126,-8.614153,-548.227722,-0.859976,0.000000
17.520000,-0.359329,-548.405640,-0.012309,-0.033905,-0.861190,-1.598376,-0.081425,-8.611898,-548.405640,-0.859802,0.000000
17.530001,-0.350769,-548.272217,-0.012309,-0.033898,-0.860999,-1.560299,-0.079485,-8.609991,-548.272217,-0.859629,0.000000
17.540001,-0.348907,-548.361145,-0.012301,-0.033890,-0.860817,-1.552018,-0.079064,-8.608170,-548.361145,-0.859473,0.000000
17.550001,-0.339218,-548.361145,-0.012236,-0.033885,-0.860669,-1.508918,-0.076868,-8.606695,-548.361145,-0.859299,0.000000
17.560001,-0.334015,-548.272217,-0.012180,-0.033879,-0.860522,-1.485772,-0.075689,-8.605221,-548.272217,-0.859143,0.000000
17.570002,-0.339218,-548.361145,-0.012184,-0.033874,-0.860392,-1.508918,-0.076868,-8.603920,-548.361145,-0.858970,0.000000
17.580000,-0.340714,-548.272217,-0.012249,-0.033869,-0.860271,-1.515569,-0.077207,-8.602706,-548.272217,-0.858796,0.000000
17.590000,-0.344070,-548.316711,-0.012305,-0.033865,-0.860175,-1.530502,-0.077967,-8.601752,-548.316711,-0.858640,0.000000
17.600000,-0.357101,-548.361145,-0.012335,-0.033861,-0.860080,-1.588467,-0.080920,-8.600799,-548.361145,-0.858467,0.000000
17.610001,-0.357468,-548.227722,-0.012322,-0.033855,-0.859906,-1.590096,-0.081003,-8.599064,-548.227722,-0.858311,0.000000
17.620001,-0.352631,-548.405640,-0.012292,-0.033845,-0.859655,-1.568579,-0.079907,-8.596549,-548.405640,-0.858137,0.000000
17.630001,-0.352631,-548.272217,-0.012266,-0.033834,-0.859386,-1.568579,-0.079907,-8.593861,-548.272217,-0.857964,0.000000
17.640001,-0.352264,-548.361145,-0.012279,-0.033825,-0.859152,-1.566950,-0.079824,-8.591518,-548.361145,-0.857808,0.000000
17.650002,-0.362305,-548.361145,-0.012189,-0.033818,-0.858970,-1.611612,-0.082099,-8.589697,-548.361145,-0.857634,0.000000
17.660002,-0.367523,-548.227722,-0.012176,-0.033813,-0.858857,-1.634825,-0.083282,-8.588570,-548.227722,-0.857461,0.000000
17.670000,-0.354126,-548.361145,-0.012180,-0.033809,-0.858753,-1.575231,-0.080246,-8.587529,-548.361145,-0.857305,0.000000
17.680000,-0.359711,-548.272217,-0.012193,-0.033805,-0.858640,-1.600073,-0.081512,-8.586402,-548.272217,-0.857131,0.000000
17.690001,-0.376465,-548.361145,-0.012223,-0.033799,-0.858501,-1.674599,-0.085308,-8.585014,-548.361145,-0.856975,0.000000
17.700001,-0.366776,-548.361145,-0.012240,-0.033794,-0.858380,-1.631499,-0.083113,-8.583800,-548.361145,-0.856802,0.000000
17.710001,-0.363800,-548.272217,-0.012258,-0.033789,-0.858233,-1.618263,-0.082438,-8.582326,-548.272217,-0.856628,0.000000
17.720001,-0.358963,-548.361145,-0.012258,-0.033784,-0.858103,-1.596747,-0.081342,-8.581025,-548.361145,-0.856472,0.000000
17.730001,-0.344437,-548.272217,-0.012249,-0.033778,-0.857955,-1.532131,-0.078050,-8.579551,-548.272217,-0.856299,0.000000
17.740002,-0.354492,-548.405640,-0.012271,-0.033770,-0.857747,-1.576860,-0.080329,-8.577469,-548.405640,-0.856143,0.000000
17.750000,-0.348526,-548.316711,-0.012279,-0.033759,-0.857487,-1.550321,-0.078977,-8.574868,-548.316711,-0.855969,0.000000
17.760000,-0.354126,-548.272217,-0.012227,-0.033748,-0.857201,-1.575231,-0.080246,-8.572005,-548.272217,-0.855796,0.000000
17.770000,-0.339218,-548.405640,-0.012197,-0.033738,-0.856940,-1.508918,-0.076868,-8.569405,-548.405640,-0.855640,0.000000
17.780001,-0.345551,-548.272217,-0.012236,-0.033731,-0.856758,-1.537086,-0.078303,-8.567583,-548.272217,-0.855466,0.000000
17.790001,-0.349655,-548.405640,-0.012309,-0.033725,-0.856620,-1.555344,-0.079233,-8.566195,-548.405640,-0.855310,0.000000
17.800001,-0.348526,-548.361145,-0.012318,-0.033719,-0.856463,-1.550321,-0.078977,-8.564634,-548.361145,-0.855137,0.000000
17.810001,-0.345932,-548.227722,-0.012275,-0.033712,-0.856290,-1.538782,-0.078389,-8.562900,-548.227722,-0.854963,0.000000
17.820002,-0.350769,-548.405640,-0.012210,-0.033706,-0.856125,-1.560299,-0.079485,-8.561253,-548.405640,-0.854807,0.000000
17.830000,-0.348526,-548.227722,-0.012184,-0.033699,-0.855952,-1.550321,-0.078977,-8.559518,-548.227722,-0.854634,0.000000
17.840000,-0.370880,-548.272217,-0.012219,-0.033693,-0.855813,-1.649757,-0.084043,-8.558130,-548.272217,-0.854477,0.000000
17.850000,-0.379807,-548.405640,-0.012223,-0.033689,-0.855709,-1.689464,-0.086065,-8.557089,-548.405640,-0.854304,0.000000
17.860001,-0.372360,-548.227722,-0.012180,-0.033684,-0.855570,-1.656341,-0.084378,-8.555702,-548.227722,-0.854131,0.000000
17.870001,-0.368271,-548.361145,-0.012227,-0.033678,-0.855423,-1.638151,-0.083451,-8.554228,-548.361145,-0.853974,0.000000
17.880001,-0.374603,-548.316711,-0.012240,-0.033673,-0.855301,-1.666319,-0.084886,-8.553014,-548.316711,-0.853801,0.000000
17.890001,-0.372360,-548.361145,-0.012262,-0.033670,-0.855215,-1.656341,-0.084378,-8.552146,-548.361145,-0.853645,0.000000
17.900002,-0.384659,-548.405640,-0.012301,-0.033664,-0.855076,-1.711048,-0.087165,-8.550759,-548.405640,-0.853471,0.000000
17.910002,-0.368637,-548.272217,-0.012301,-0.033658,-0.854920,-1.639780,-0.083534,-8.549198,-548.272217,-0.853298,0.000000
17.920000,-0.355606,-548.405640,-0.012309,-0.033651,-0.854746,-1.581815,-0.080581,-8.547463,-548.405640,-0.853142,0.000000
17.930000,-0.365662,-548.316711,-0.012249,-0.033642,-0.854512,-1.626544,-0.082860,-8.545122,-548.316711,-0.852969,0.000000
17.940001,-0.356354,-548.361145,-0.012227,-0.033633,-0.854269,-1.585141,-0.080751,-8.542693,-548.361145,-0.852812,0.000000
17.950001,-0.347794,-548.316711,-0.012180,-0.033623,-0.854026,-1.547063,-0.078811,-8.540265,-548.316711,-0.852639,0.000000
17.960001,-0.322845,-548.272217,-0.012202,-0.033616,-0.853836,-1.436088,-0.073158,-8.538358,-548.272217,-0.852466,0.000000
17.970001,-0.338486,-548.405640,-0.012215,-0.033610,-0.853688,-1.505660,-0.076702,-8.536883,-548.405640,-0.852309,0.000000
17.980001,-0.353378,-548.272217,-0.012189,-0.033604,-0.853541,-1.571905,-0.080077,-8.535409,-548.272217,-0.852136,0.000000
17.990002,-0.347794,-548.361145,-0.012223,-0.033599,-0.853411,-1.547063,-0.078811,-8.534108,-548.361145,-0.851980,0.000000
18.000000,-0.355606,-548.316711,-0.012206,-0.033594,-0.853281,-1.581815,-0.080581,-8.532807,-548.316711,-0.851806,0.000000
18.010000,-0.355606,-548.272217,-0.012202,-0.033588,-0.853125,-1.581815,-0.080581,-8.531246,-548.272217,-0.851633,0.000000
18.020000,-0.361191,-548.361145,-0.012227,-0.033579,-0.852908,-1.606657,-0.081847,-8.529078,-548.361145,-0.851477,0.000000
18.030001,-0.348160,-548.227722,-0.012322,-0.033571,-0.852700,-1.548692,-0.078894,-8.526997,-548.227722,-0.851303,0.000000
18.040001,-0.379807,-548.405640,-0.012322,-0.033564,-0.852518,-1.689464,-0.086065,-8.525176,-548.405640,-0.851130,0.000000
18.050001,-0.382797,-548.361145,-0.012305,-0.033558,-0.852379,-1.702767,-0.086743,-8.523787,-548.361145,-0.850974,0.000000
18.060001,-0.378693,-548.272217,-0.012215,-0.033555,-0.852292,-1.684509,-0.085813,-8.522922,-548.272217,-0.850800,0.000000
18.070002,-0.390610,-548.405640,-0.012180,-0.033551,-0.852205,-1.737519,-0.088513,-8.522054,-548.405640,-0.850644,0.000000
18.080000,-0.394714,-548.316711,-0.012176,-0.033548,-0.852110,-1.755777,-0.089444,-8.521100,-548.316711,-0.850471,0.000000
18.090000,-0.394333,-548.361145,-0.012189,-0.033541,-0.851945,-1.754080,-0.089357,-8.519452,-548.361145,-0.850297,0.000000
18.100000,-0.389496,-548.361145,-0.012206,-0.033532,-0.851720,-1.732564,-0.088261,-8.517198,-548.361145,-0.850141,0.000000
18.110001,-0.369385,-548.272217,-0.012240,-0.033522,-0.851451,-1.643106,-0.083704,-8.514509,-548.272217,-0.849968,0.000000
18.120001,-0.355606,-548.361145,-0.012288,-0.033512,-0.851208,-1.581815,-0.080581,-8.512080,-548.361145,-0.849812,0.000000
18.130001,-0.354492,-548.272217,-0.012348,-0.033504,-0.850991,-1.576860,-0.080329,-8.509912,-548.272217,-0.849638,0.000000
18.140001,-0.347412,-548.405640,-0.012279,-0.033495,-0.850766,-1.545366,-0.078725,-8.507658,-548.405640,-0.849465,0.000000
18.150002,-0.339218,-548.361145,-0.012305,-0.033489,-0.850618,-1.508918,-0.076868,-8.506184,-548.361145,-0.849309,0.000000
18.160002,-0.333633,-548.316711,-0.012305,-0.033485,-0.850514,-1.484076,-0.075602,-8.505142,-548.316711,-0.849135,0.000000
18.170000,-0.363052,-548.405640,-0.012318,-0.033481,-0.850419,-1.614938,-0.082269,-8.504189,-548.405640,-0.848979,0.000000
18.180000,-0.369019,-548.272217,-0.012296,-0.033477,-0.850306,-1.641477,-0.083621,-8.503061,-548.272217,-0.848806,0.000000
18.190001,-0.373856,-548.405640,-0.012305,-0.033471,-0.850159,-1.662993,-0.084717,-8.501588,-548.405640,-0.848632,0.000000
18.200001,-0.373489,-548.361145,-0.012271,-0.033462,-0.849942,-1.661364,-0.084634,-8.499419,-548.361145,-0.848476,0.000000
18.210001,-0.365295,-548.316711,-0.012245,-0.033454,-0.849725,-1.624915,-0.082777,-8.497251,-548.316711,-0.848303,0.000000
18.220001,-0.361572,-548.450134,-0.012176,-0.033446,-0.849526,-1.608354,-0.081933,-8.495256,-548.450134,-0.848147,0.000000
18.230001,-0.363434,-548.272217,-0.012197,-0.033439,-0.849352,-1.616634,-0.082355,-8.493522,-548.272217,-0.847973,0.000000
18.240002,-0.375351,-548.272217,-0.012176,-0.033434,-0.849213,-1.669644,-0.085056,-8.492135,-548.272217,-0.847800,0.000000
18.250000,-0.370132,-548.316711,-0.012219,-0.033428,-0.849075,-1.646431,-0.083873,-8.490746,-548.316711,-0.847644,0.000000
18.260000,-0.386139,-548.272217,-0.012236,-0.033423,-0.848953,-1.717632,-0.087500,-8.489532,-548.272217,-0.847470,0.000000
18.270000,-0.386887,-548.405640,-0.012322,-0.033420,-0.848858,-1.720958,-0.087670,-8.488579,-548.405640,-0.847314,0.000000
18.280001,-0.399170,-548.316711,-0.012296,-0.033414,-0.848728,-1.775596,-0.090453,-8.487278,-548.316711,-0.847141,0.000000
18.290001,-0.384659,-548.316711,-0.012292,-0.033407,-0.848528,-1.711048,-0.087165,-8.485283,-548.316711,-0.846967,0.000000
18.300001,-0.376831,-548.316711,-0.012258,-0.033396,-0.848268,-1.676228,-0.085391,-8.482682,-548.316711,-0.846811,0.000000
18.310001,-0.363434,-548.316711,-0.012197,-0.033386,-0.847999,-1.616634,-0.082355,-8.479993,-548.316711,-0.846638,0.000000
18.320002,-0.350021,-548.405640,-0.012210,-0.033378,-0.847808,-1.556973,-0.079316,-8.478086,-548.405640,-0.846482,0.000000
18.330000,-0.347412,-548.272217,-0.012227,-0.033371,-0.847626,-1.545366,-0.078725,-8.476264,-548.272217,-0.846308,0.000000
18.340000,-0.347046,-548.361145,-0.012202,-0.033364,-0.847453,-1.543737,-0.078642,-8.474529,-548.361145,-0.846135,0.000000
18.350000,-0.339218,-548.361145,-0.012206,-0.033359,-0.847314,-1.508918,-0.076868,-8.473143,-548.361145,-0.845979,0.000000
18.360001,-0.347412,-548.272217,-0.012197,-0.033353,-0.847175,-1.545366,-0.078725,-8.471755,-548.272217,-0.845805,0.000000
18.370001,-0.351883,-548.450134,-0.012301,-0.033347,-0.847019,-1.565253,-0.079738,-8.470194,-548.450134,-0.845649,0.000000
18.380001,-0.352997,-548.272217,-0.012314,-0.033340,-0.846837,-1.570208,-0.079990,-8.468372,-548.272217,-0.845476,0.000000
18.390001,-0.363800,-548.361145,-0.012240,-0.033333,-0.846664,-1.618263,-0.082438,-8.466638,-548.361145,-0.845302,0.000000
18.400002,-0.360443,-548.316711,-0.012227,-0.033327,-0.846508,-1.603331,-0.081678,-8.465076,-548.316711,-0.845146,0.000000
18.410002,-0.356720,-548.272217,-0.012184,-0.033321,-0.846360,-1.586770,-0.080834,-8.463602,-548.272217,-0.844973,0.000000
18.420000,-0.364548,-548.405640,-0.012184,-0.033314,-0.846169,-1.621589,-0.082608,-8.461695,-548.405640,-0.844799,0.000000
18.430000,-0.369019,-548.316711,-0.012184,-0.033307,-0.845987,-1.641477,-0.083621,-8.459873,-548.316711,-0.844643,0.000000
18.440001,-0.384659,-548.405640,-0.012180,-0.033300,-0.845823,-1.711048,-0.087165,-8.458226,-548.405640,-0.844470,0.000000
18.450001,-0.381302,-548.361145,-0.012219,-0.033295,-0.845684,-1.696115,-0.086404,-8.456839,-548.361145,-0.844314,0.000000
18.460001,-0.381302,-548.316711,-0.012292,-0.033288,-0.845519,-1.696115,-0.086404,-8.455191,-548.316711,-0.844140,0.000000
18.470001,-0.377579,-548.405640,-0.012309,-0.033280,-0.845311,-1.679554,-0.085561,-8.453110,-548.405640,-0.843967,0.000000
18.480001,-0.380936,-548.272217,-0.012327,-0.033270,-0.845051,-1.694486,-0.086321,-8.450507,-548.272217,-0.843811,0.000000
18.490002,-0.357101,-548.316711,-0.012240,-0.033262,-0.844843,-1.588467,-0.080920,-8.448426,-548.316711,-0.843637,0.000000
18.500000,-0.332153,-548.405640,-0.012227,-0.033257,-0.844739,-1.477492,-0.075267,-8.447386,-548.405640,-0.843481,0.000000
18.510000,-0.340714,-548.316711,-0.012240,-0.033254,-0.844661,-1.515569,-0.077207,-8.446606,-548.316711,-0.843308,0.000000
18.520000,-0.345932,-548.405640,-0.012284,-0.033251,-0.844565,-1.538782,-0.078389,-8.445651,-548.405640,-0.843134,0.000000
18.530001,-0.327682,-548.272217,-0.012240,-0.033244,-0.844392,-1.457605,-0.074254,-8.443917,-548.272217,-0.842978,0.000000
18.540001,-0.324326,-548.405640,-0.012184,-0.033236,-0.844184,-1.442672,-0.073493,-8.441835,-548.405640,-0.842805,0.000000
18.550001,-0.331772,-548.361145,-0.012184,-0.033226,-0.843949,-1.475795,-0.075181,-8.439493,-548.361145,-0.842649,0.000000
18.560001,-0.335495,-548.316711,-0.012206,-0.033218,-0.843750,-1.492356,-0.076024,-8.437499,-548.316711,-0.842475,0.000000
18.570002,-0.341461,-548.494629,-0.012197,-0.033213,-0.843602,-1.518895,-0.077376,-8.436025,-548.494629,-0.842302,0.000000
18.580002,-0.334381,-548.272217,-0.012189,-0.033208,-0.843490,-1.487401,-0.075772,-8.434897,-548.272217,-0.842146,0.000000
18.590000,-0.331772,-548.361145,-0.012253,-0.033205,-0.843394,-1.475795,-0.075181,-8.433944,-548.361145,-0.841972,0.000000
18.600000,-0.339218,-548.405640,-0.012348,-0.033199,-0.843264,-1.508918,-0.076868,-8.432643,-548.405640,-0.841816,0.000000
18.610001,-0.341080,-548.316711,-0.012301,-0.033191,-0.843039,-1.517198,-0.077290,-8.430388,-548.316711,-0.841643,0.000000
18.620001,-0.344437,-548.450134,-0.012301,-0.033181,-0.842805,-1.532131,-0.078050,-8.428046,-548.450134,-0.841469,0.000000
18.630001,-0.352997,-548.316711,-0.012215,-0.033174,-0.842631,-1.570208,-0.079990,-8.426311,-548.316711,-0.841313,0.000000
18.640001,-0.353378,-548.361145,-0.012193,-0.033169,-0.842484,-1.571905,-0.080077,-8.424837,-548.361145,-0.841139,0.000000
18.650002,-0.357101,-548.405640,-0.012202,-0.033164,-0.842362,-1.588467,-0.080920,-8.423623,-548.405640,-0.840984,0.000000
18.660002,-0.350403,-548.272217,-0.012193,-0.033158,-0.842206,-1.558670,-0.079402,-8.422062,-548.272217,-0.840810,0.000000
18.670000,-0.347794,-548.405640,-0.012215,-0.033151,-0.842033,-1.547063,-0.078811,-8.420328,-548.405640,-0.840637,0.000000
18.680000,-0.346298,-548.361145,-0.012284,-0.033143,-0.841842,-1.540411,-0.078472,-8.418420,-548.361145,-0.840481,0.000000
18.690001,-0.341827,-548.405640,-0.012292,-0.033136,-0.841643,-1.520524,-0.077459,-8.416426,-548.405640,-0.840307,0.000000
18.700001,-0.333267,-548.361145,-0.012275,-0.033129,-0.841486,-1.482447,-0.075519,-8.414865,-548.361145,-0.840151,0.000000
18.710001,-0.336624,-548.316711,-0.012271,-0.033124,-0.841339,-1.497379,-0.076280,-8.413390,-548.316711,-0.839977,0.000000
18.720001,-0.328796,-548.494629,-0.012314,-0.033118,-0.841192,-1.462559,-0.074506,-8.411916,-548.494629,-0.839804,0.000000
18.730001,-0.329163,-548.272217,-0.012258,-0.033110,-0.841001,-1.464188,-0.074589,-8.410008,-548.272217,-0.839648,0.000000
18.740002,-0.338104,-548.361145,-0.012258,-0.033101,-0.840775,-1.503963,-0.076616,-8.407753,-548.361145,-0.839474,0.000000
18.750000,-0.343323,-548.361145,-0.012279,-0.033092,-0.840533,-1.527176,-0.077798,-8.405325,-548.361145,-0.839318,0.000000
18.760000,-0.329544,-548.272217,-0.012223,-0.033086,-0.840376,-1.465885,-0.074676,-8.403764,-548.272217,-0.839145,0.000000
18.770000,-0.339218,-548.405640,-0.012189,-0.033080,-0.840220,-1.508918,-0.076868,-8.402203,-548.405640,-0.838972,0.000000
18.780001,-0.336990,-548.272217,-0.012206,-0.033073,-0.840047,-1.499008,-0.076363,-8.400469,-548.272217,-0.838815,0.000000
18.790001,-0.336990,-548.361145,-0.012288,-0.033065,-0.839856,-1.499008,-0.076363,-8.398561,-548.361145,-0.838642,0.000000
18.800001,-0.347412,-548.405640,-0.012309,-0.033058,-0.839683,-1.545366,-0.078725,-8.396827,-548.405640,-0.838468,0.000000
18.810001,-0.365295,-548.361145,-0.012305,-0.033052,-0.839526,-1.624915,-0.082777,-8.395265,-548.361145,-0.838312,0.000000
18.820002,-0.363052,-548.450134,-0.012266,-0.033046,-0.839370,-1.614938,-0.082269,-8.393704,-548.450134,-0.838139,0.000000
18.830002,-0.356354,-548.316711,-0.012275,-0.033040,-0.839214,-1.585141,-0.080751,-8.392143,-548.316711,-0.837983,0.000000
18.840000,-0.360077,-548.405640,-0.012253,-0.033035,-0.839093,-1.601702,-0.081595,-8.390929,-548.405640,-0.837809,0.000000
18.850000,-0.363434,-548.361145,-0.012236,-0.033030,-0.838972,-1.616634,-0.082355,-8.389715,-548.361145,-0.837636,0.000000
18.860001,-0.355988,-548.272217,-0.012240,-0.033028,-0.838902,-1.583512,-0.080668,-8.389021,-548.272217,-0.837480,0.000000
18.870001,-0.339966,-548.405640,-0.012240,-0.033024,-0.838815,-1.512244,-0.077037,-8.388154,-548.405640,-0.837306,0.000000
18.880001,-0.344437,-548.361145,-0.012245,-0.033017,-0.838642,-1.532131,-0.078050,-8.386420,-548.361145,-0.837150,0.000000
18.890001,-0.344070,-548.405640,-0.012171,-0.033008,-0.838399,-1.530502,-0.077967,-8.383992,-548.405640,-0.836977,0.000000
18.900002,-0.324326,-548.405640,-0.012202,-0.032998,-0.838139,-1.442672,-0.073493,-8.381390,-548.405640,-0.836803,0.000000
18.910002,-0.319855,-548.316711,-0.012193,-0.032990,-0.837940,-1.422785,-0.072480,-8.379395,-548.316711,-0.836647,0.000000
18.920000,-0.316132,-548.450134,-0.012227,-0.032983,-0.837757,-1.406224,-0.071636,-8.377574,-548.450134,-0.836474,0.000000
18.930000,-0.319489,-548.316711,-0.012184,-0.032973,-0.837506,-1.421156,-0.072397,-8.375059,-548.316711,-0.836318,0.000000
18.940001,-0.318741,-548.405640,-0.012210,-0.032964,-0.837280,-1.417830,-0.072228,-8.372805,-548.405640,-0.836144,0.000000
18.950001,-0.314651,-548.405640,-0.012193,-0.032957,-0.837116,-1.399640,-0.071301,-8.371157,-548.405640,-0.835971,0.000000
18.960001,-0.312042,-548.272217,-0.012189,-0.032950,-0.836942,-1.388033,-0.070710,-8.369422,-548.272217,-0.835815,0.000000
18.970001,-0.312790,-548.494629,-0.012219,-0.032943,-0.836760,-1.391359,-0.070879,-8.367600,-548.494629,-0.835641,0.000000
18.980001,-0.315765,-548.272217,-0.012189,-0.032937,-0.836595,-1.404595,-0.071553,-8.365953,-548.272217,-0.835485,0.000000
18.990002,-0.332901,-548.405640,-0.012197,-0.032930,-0.836431,-1.480818,-0.075436,-8.364305,-548.405640,-0.835312,0.000000
19.000000,-0.357849,-548.316711,-0.012245,-0.032925,-0.836292,-1.591792,-0.081090,-8.362918,-548.316711,-0.835138,0.000000
19.010000,-0.347412,-548.316711,-0.012266,-0.032919,-0.836136,-1.545366,-0.078725,-8.361357,-548.316711,-0.834982,0.000000
19.020000,-0.344437,-548.405640,-0.012288,-0.032913,-0.835988,-1.532131,-0.078050,-8.359883,-548.405640,-0.834809,0.000000
19.030001,-0.344070,-548.361145,-0.012288,-0.032908,-0.835858,-1.530502,-0.077967,-8.358582,-548.361145,-0.834653,0.000000
19.040001,-0.351135,-548.450134,-0.012309,-0.032903,-0.835745,-1.561928,-0.079568,-8.357454,-548.450134,-0.834479,0.000000
19.050001,-0.350403,-548.316711,-0.012318,-0.032898,-0.835607,-1.558670,-0.079402,-8.356067,-548.316711,-0.834306,0.000000
19.060001,-0.338486,-548.316711,-0.012253,-0.032890,-0.835416,-1.505660,-0.076702,-8.354159,-548.316711,-0.834150,0.000000
19.070002,-0.323959,-548.494629,-0.012210,-0.032883,-0.835225,-1.441043,-0.073410,-8.352251,-548.494629,-0.833976,0.000000
19.080002,-0.336624,-548.272217,-0.012171,-0.032877,-0.835069,-1.497379,-0.076280,-8.350691,-548.272217,-0.833820,0.000000
19.090000,-0.329544,-548.450134,-0.012197,-0.032871,-0.834921,-1.465885,-0.074676,-8.349216,-548.450134,-0.833647,0.000000
19.100000,-0.320236,-548.450134,-0.012206,-0.032866,-0.834800,-1.424482,-0.072567,-8.348001,-548.450134,-0.833473,0.000000
19.110001,-0.311676,-548.272217,-0.012227,-0.032861,-0.834679,-1.386404,-0.070627,-8.346787,-548.272217,-0.833317,0.000000
19.120001,-0.296402,-548.405640,-0.012210,-0.032855,-0.834514,-1.318462,-0.067166,-8.345140,-548.405640,-0.833144,0.000000
19.130001,-0.299011,-548.361145,-0.012275,-0.032848,-0.834332,-1.330068,-0.067757,-8.343318,-548.361145,-0.832988,0.000000
19.140001,-0.305344,-548.361145,-0.012279,-0.032839,-0.834106,-1.358236,-0.069192,-8.341063,-548.361145,-0.832814,0.000000
19.150002,-0.312790,-548.361145,-0.012309,-0.032831,-0.833907,-1.391359,-0.070879,-8.339068,-548.361145,-0.832641,0.000000
19.160002,-0.309067,-548.316711,-0.012288,-0.032824,-0.833742,-1.374798,-0.070036,-8.337421,-548.316711,-0.832485,0.000000
19.170000,-0.300491,-548.450134,-0.012309,-0.032818,-0.833569,-1.336652,-0.068092,-8.335687,-548.450134,-0.832311,0.000000
19.180000,-0.306824,-548.361145,-0.012305,-0.032810,-0.833387,-1.364820,-0.069527,-8.333865,-548.361145,-0.832138,0.000000
19.190001,-0.329910,-548.361145,-0.012305,-0.032804,-0.833222,-1.467514,-0.074759,-8.332218,-548.361145,-0.831982,0.000000
19.200001,-0.352631,-548.405640,-0.012314,-0.032798,-0.833074,-1.568579,-0.079907,-8.330744,-548.405640,-0.831808,0.000000
19.210001,-0.342575,-548.316711,-0.012288,-0.032793,-0.832953,-1.523850,-0.077629,-8.329530,-548.316711,-0.831652,0.000000
19.220001,-0.341461,-548.405640,-0.012227,-0.032789,-0.832840,-1.518895,-0.077376,-8.328403,-548.405640,-0.831479,0.000000
19.230001,-0.338486,-548.316711,-0.012176,-0.032785,-0.832727,-1.505660,-0.076702,-8.327275,-548.316711,-0.831305,0.000000
19.240002,-0.347046,-548.361145,-0.012223,-0.032778,-0.832571,-1.543737,-0.078642,-8.325714,-548.361145,-0.831149,0.000000
19.250000,-0.343689,-548.405640,-0.012258,-0.032771,-0.832372,-1.528805,-0.077881,-8.323719,-548.405640,-0.830976,0.000000
19.260000,-0.333267,-548.316711,-0.012266,-0.032761,-0.832138,-1.482447,-0.075519,-8.321378,-548.316711,-0.830820,0.000000
19.270000,-0.326935,-548.405640,-0.012249,-0.032752,-0.831912,-1.454279,-0.074084,-8.319122,-548.405640,-0.830646,0.000000
19.280001,-0.320236,-548.361145,-0.012301,-0.032745,-0.831730,-1.424482,-0.072567,-8.317302,-548.361145,-0.830473,0.000000
19.290001,-0.324707,-548.405640,-0.012266,-0.032741,-0.831626,-1.444369,-0.073580,-8.316261,-548.405640,-0.830317,0.000000
19.300001,-0.315765,-548.405640,-0.012288,-0.032737,-0.831522,-1.404595,-0.071553,-8.315220,-548.405640,-0.830143,0.000000
19.310001,-0.310547,-548.316711,-0.012296,-0.032732,-0.831401,-1.381382,-0.070371,-8.314006,-548.316711,-0.829987,0.000000
19.320002,-0.311676,-548.450134,-0.012305,-0.032727,-0.831253,-1.386404,-0.070627,-8.312532,-548.450134,-0.829814,0.000000
19.330002,-0.312042,-548.316711,-0.012331,-0.032721,-0.831114,-1.388033,-0.070710,-8.311145,-548.316711,-0.829640,0.000000
19.340000,-0.317993,-548.450134,-0.012288,-0.032716,-0.830976,-1.414504,-0.072058,-8.309756,-548.450134,-0.829484,0.000000
19.350000,-0.314651,-548.405640,-0.012322,-0.032708,-0.830785,-1.399640,-0.071301,-8.307849,-548.405640,-0.829311,0.000000
19.360001,-0.322845,-548.316711,-0.012314,-0.032699,-0.830551,-1.436088,-0.073158,-8.305508,-548.316711,-0.829154,0.000000
19.370001,-0.328049,-548.405640,-0.012344,-0.032689,-0.830299,-1.459234,-0.074337,-8.302992,-548.405640,-0.828981,0.000000
19.380001,-0.318375,-548.316711,-0.012301,-0.032681,-0.830108,-1.416201,-0.072145,-8.301085,-548.316711,-0.828808,0.000000
19.390001,-0.339218,-548.361145,-0.012288,-0.032675,-0.829944,-1.508918,-0.076868,-8.299438,-548.361145,-0.828652,0.000000
19.400002,-0.347412,-548.405640,-0.012309,-0.032668,-0.829779,-1.545366,-0.078725,-8.297789,-548.405640,-0.828478,0.000000
19.410002,-0.350403,-548.316711,-0.012331,-0.032662,-0.829614,-1.558670,-0.079402,-8.296142,-548.316711,-0.828322,0.000000
19.420000,-0.356354,-548.405640,-0.012305,-0.032656,-0.829467,-1.585141,-0.080751,-8.294667,-548.405640,-0.828149,0.000000
19.430000,-0.341461,-548.316711,-0.012271,-0.032651,-0.829337,-1.518895,-0.077376,-8.293366,-548.316711,-0.827975,0.000000
19.440001,-0.330658,-548.405640,-0.012305,-0.032646,-0.829198,-1.470840,-0.074928,-8.291979,-548.405640,-0.827819,0.000000
19.450001,-0.336624,-548.405640,-0.012318,-0.032639,-0.829042,-1.497379,-0.076280,-8.290418,-548.405640,-0.827646,0.000000
19.460001,-0.331772,-548.316711,-0.012301,-0.032632,-0.828860,-1.475795,-0.075181,-8.288596,-548.316711,-0.827489,0.000000
19.470001,-0.338852,-548.450134,-0.012305,-0.032625,-0.828669,-1.507289,-0.076785,-8.286689,-548.450134,-0.827316,0.000000
19.480001,-0.330658,-548.316711,-0.012305,-0.032618,-0.828495,-1.470840,-0.074928,-8.284954,-548.316711,-0.827143,0.000000
19.490002,-0.331406,-548.450134,-0.012271,-0.032612,-0.828348,-1.474166,-0.075098,-8.283480,-548.450134,-0.826986,0.000000
19.500000,-0.327301,-548.361145,-0.012240,-0.032606,-0.828183,-1.455908,-0.074167,-8.281832,-548.361145,-0.826813,0.000000
19.510000,-0.325439,-548.316711,-0.012232,-0.032599,-0.828027,-1.447627,-0.073746,-8.280272,-548.316711,-0.826657,0.000000
19.520000,-0.323959,-548.450134,-0.012262,-0.032593,-0.827871,-1.441043,-0.073410,-8.278710,-548.450134,-0.826483,0.000000
19.530001,-0.333633,-548.361145,-0.012258,-0.032588,-0.827724,-1.484076,-0.075602,-8.277236,-548.361145,-0.826310,0.000000
19.540001,-0.328430,-548.361145,-0.012284,-0.032582,-0.827594,-1.460930,-0.074423,-8.275935,-548.361145,-0.826154,0.000000
19.550001,-0.325821,-548.405640,-0.012322,-0.032577,-0.827463,-1.449324,-0.073832,-8.274633,-548.405640,-0.825980,0.000000
19.560001,-0.341080,-548.361145,-0.012309,-0.032569,-0.827247,-1.517198,-0.077290,-8.272466,-548.361145,-0.825807,0.000000
19.570002,-0.344070,-548.405640,-0.012335,-0.032557,-0.826952,-1.530502,-0.077967,-8.269518,-548.405640,-0.825651,0.000000
19.580002,-0.361572,-548.361145,-0.012318,-0.032546,-0.826674,-1.608354,-0.081933,-8.266743,-548.361145,-0.825477,0.000000
19.590000,-0.368271,-548.405640,-0.012279,-0.032539,-0.826483,-1.638151,-0.083451,-8.264834,-548.405640,-0.825321,0.000000
19.600000,-0.357849,-548.405640,-0.012266,-0.032534,-0.826362,-1.591792,-0.081090,-8.263620,-548.405640,-0.825148,0.000000
19.610001,-0.370132,-548.361145,-0.012206,-0.032531,-0.826275,-1.646431,-0.083873,-8.262753,-548.361145,-0.824974,0.000000
19.620001,-0.384659,-548.450134,-0.012223,-0.032527,-0.826197,-1.711048,-0.087165,-8.261972,-548.450134,-0.824818,0.000000
19.630001,-0.367157,-548.316711,-0.012227,-0.032524,-0.826102,-1.633196,-0.083199,-8.261019,-548.316711,-0.824645,0.000000
19.640001,-0.369385,-548.450134,-0.012232,-0.032518,-0.825946,-1.643106,-0.083704,-8.259458,-548.450134,-0.824489,0.000000
19.650002,-0.361191,-548.450134,-0.012232,-0.032508,-0.825712,-1.606657,-0.081847,-8.257116,-548.450134,-0.824315,0.000000
19.660002,-0.347046,-548.361145,-0.012167,-0.032500,-0.825503,-1.543737,-0.078642,-8.255034,-548.361145,-0.824142,0.000000
19.670000,-0.347046,-548.405640,-0.012223,-0.032493,-0.825313,-1.543737,-0.078642,-8.253127,-548.405640,-0.823986,0.000000
19.680000,-0.352264,-548.316711,-0.012258,-0.032486,-0.825157,-1.566950,-0.079824,-8.251566,-548.316711,-0.823812,0.000000
19.690001,-0.352631,-548.405640,-0.012184,-0.032482,-0.825035,-1.568579,-0.079907,-8.250352,-548.405640,-0.823656,0.000000
19.700001,-0.353745,-548.361145,-0.012184,-0.032477,-0.824905,-1.573534,-0.080160,-8.249051,-548.361145,-0.823483,0.000000
19.710001,-0.342941,-548.405640,-0.012193,-0.032472,-0.824784,-1.525479,-0.077712,-8.247837,-548.405640,-0.823309,0.000000
19.720001,-0.344437,-548.450134,-0.012206,-0.032468,-0.824688,-1.532131,-0.078050,-8.246883,-548.450134,-0.823153,0.000000
19.730001,-0.348160,-548.361145,-0.012210,-0.032465,-0.824602,-1.548692,-0.078894,-8.246016,-548.361145,-0.822980,0.000000
19.740002,-0.347046,-548.450134,-0.012167,-0.032458,-0.824428,-1.543737,-0.078642,-8.244281,-548.450134,-0.822824,0.000000
19.750000,-0.356354,-548.405640,-0.012197,-0.032448,-0.824168,-1.585141,-0.080751,-8.241680,-548.405640,-0.822650,0.000000
19.760000,-0.353745,-548.361145,-0.012202,-0.032437,-0.823890,-1.573534,-0.080160,-8.238904,-548.361145,-0.822477,0.000000
19.770000,-0.344803,-548.494629,-0.012184,-0.032427,-0.823648,-1.533760,-0.078133,-8.236477,-548.494629,-0.822321,0.000000
19.780001,-0.357468,-548.361145,-0.012245,-0.032421,-0.823483,-1.590096,-0.081003,-8.234828,-548.361145,-0.822147,0.000000
19.790001,-0.368637,-548.405640,-0.012258,-0.032416,-0.823361,-1.639780,-0.083534,-8.233614,-548.405640,-0.821991,0.000000
19.800001,-0.357101,-548.361145,-0.012240,-0.032412,-0.823275,-1.588467,-0.080920,-8.232747,-548.361145,-0.821818,0.000000
19.810001,-0.372742,-548.361145,-0.012288,-0.032409,-0.823179,-1.658038,-0.084464,-8.231793,-548.361145,-0.821644,0.000000
19.820002,-0.375717,-548.405640,-0.012309,-0.032403,-0.823041,-1.671273,-0.085139,-8.230406,-548.405640,-0.821488,0.000000
19.830002,-0.369019,-548.272217,-0.012292,-0.032398,-0.822910,-1.641477,-0.083621,-8.229104,-548.272217,-0.821315,0.000000
19.840000,-0.357849,-548.405640,-0.012288,-0.032393,-0.822772,-1.591792,-0.081090,-8.227717,-548.405640,-0.821159,0.000000
19.850000,-0.354126,-548.405640,-0.012223,-0.032387,-0.822624,-1.575231,-0.080246,-8.226243,-548.405640,-0.820985,0.000000
19.860001,-0.348907,-548.361145,-0.012189,-0.032381,-0.822477,-1.552018,-0.079064,-8.224769,-548.361145,-0.820812,0.000000
19.870001,-0.341461,-548.494629,-0.012215,-0.032373,-0.822277,-1.518895,-0.077376,-8.222775,-548.494629,-0.820656,0.000000
19.880001,-0.348907,-548.361145,-0.012210,-0.032363,-0.822026,-1.552018,-0.079064,-8.220259,-548.361145,-0.820482,0.000000
19.890001,-0.352264,-548.450134,-0.012163,-0.032352,-0.821748,-1.566950,-0.079824,-8.217484,-548.450134,-0.820326,0.000000
19.900002,-0.338104,-548.405640,-0.012206,-0.032342,-0.821488,-1.503963,-0.076616,-8.214883,-548.405640,-0.820153,0.000000
19.910002,-0.339218,-548.316711,-0.012245,-0.032335,-0.821297,-1.508918,-0.076868,-8.212975,-548.316711,-0.819979,0.000000
19.920000,-0.341080,-548.450134,-0.012266,-0.032329,-0.821150,-1.517198,-0.077290,-8.211500,-548.450134,-0.819823,0.000000
19.930000,-0.349274,-548.316711,-0.012279,-0.032323,-0.821011,-1.553647,-0.079147,-8.210113,-548.316711,-0.819650,0.000000
19.940001,-0.348160,-548.450134,-0.012275,-0.032316,-0.820838,-1.548692,-0.078894,-8.208379,-548.450134,-0.819476,0.000000
19.950001,-0.348526,-548.450134,-0.012275,-0.032310,-0.820664,-1.550321,-0.078977,-8.206644,-548.450134,-0.819320,0.000000
19.960001,-0.347412,-548.316711,-0.012210,-0.032303,-0.820500,-1.545366,-0.078725,-8.204995,-548.316711,-0.819147,0.000000
19.970001,-0.355240,-548.450134,-0.012193,-0.032297,-0.820335,-1.580186,-0.080499,-8.203348,-548.450134,-0.818991,0.000000
19.980001,-0.363052,-548.316711,-0.012227,-0.032293,-0.820239,-1.614938,-0.082269,-8.202394,-548.316711,-0.818817,0.000000
19.990002,-0.373489,-548.405640,-0.012262,-0.032289,-0.820144,-1.661364,-0.084634,-8.201441,-548.405640,-0.818644,0.000000
20.000000,-0.388382,-548.361145,-0.012335,-0.032283,-0.819988,-1.727609,-0.088009,-8.199880,-548.361145,-0.818488,0.000000
20.010000,-0.388000,-548.405640,-0.012327,-0.032276,-0.819815,-1.725912,-0.087922,-8.198145,-548.405640,-0.818314,0.000000
20.020000,-0.380554,-548.450134,-0.012292,-0.032271,-0.819693,-1.692790,-0.086235,-8.196931,-548.450134,-0.818158,0.000000
20.030001,-0.382797,-548.361145,-0.012314,-0.032266,-0.819546,-1.702767,-0.086743,-8.195457,-548.361145,-0.817985,0.000000
20.040001,-0.380188,-548.450134,-0.012275,-0.032260,-0.819398,-1.691161,-0.086152,-8.193982,-548.450134,-0.817811,0.000000
20.050001,-0.356354,-548.405640,-0.012262,-0.032253,-0.819225,-1.585141,-0.080751,-8.192248,-548.405640,-0.817655,0.000000
20.060001,-0.351135,-548.361145,-0.012245,-0.032244,-0.819008,-1.561928,-0.079568,-8.190080,-548.361145,-0.817482,0.000000
20.070002,-0.355606,-548.450134,-0.012184,-0.032235,-0.818765,-1.581815,-0.080581,-8.187652,-548.450134,-0.817326,0.000000
20.080002,-0.339600,-548.361145,-0.012180,-0.032225,-0.818522,-1.510615,-0.076954,-8.185224,-548.361145,-0.817152,0.000000
20.090000,-0.333633,-548.494629,-0.012189,-0.032217,-0.818323,-1.484076,-0.075602,-8.183228,-548.494629,-0.816979,0.000000
20.100000,-0.342575,-548.450134,-0.012193,-0.032212,-0.818184,-1.523850,-0.077629,-8.181842,-548.450134,-0.816823,0.000000
20.110001,-0.359329,-548.316711,-0.012189,-0.032207,-0.818045,-1.598376,-0.081425,-8.180453,-548.316711,-0.816649,0.000000
20.120001,-0.356354,-548.539062,-0.012219,-0.032202,-0.817924,-1.585141,-0.080751,-8.179239,-548.539062,-0.816493,0.000000
20.130001,-0.352631,-548.361145,-0.012258,-0.032197,-0.817794,-1.568579,-0.079907,-8.177938,-548.361145,-0.816320,0.000000
20.140001,-0.358582,-548.450134,-0.012284,-0.032191,-0.817655,-1.595050,-0.081256,-8.176551,-548.450134,-0.816146,0.000000
20.150002,-0.353378,-548.450134,-0.012262,-0.032183,-0.817447,-1.571905,-0.080077,-8.174469,-548.450134,-0.815990,0.000000
20.160002,-0.352631,-548.361145,-0.012262,-0.032175,-0.817239,-1.568579,-0.079907,-8.172389,-548.361145,-0.815817,0.000000
20.170000,-0.361191,-548.494629,-0.012327,-0.032167,-0.817048,-1.606657,-0.081847,-8.170480,-548.494629,-0.815660,0.000000
20.180000,-0.388000,-548.405640,-0.012284,-0.032161,-0.816892,-1.725912,-0.087922,-8.168920,-548.405640,-0.815487,0.000000
20.190001,-0.382050,-548.494629,-0.012284,-0.032158,-0.816805,-1.699441,-0.086574,-8.168052,-548.494629,-0.815314,0.000000
20.200001,-0.388748,-548.450134,-0.012292,-0.032155,-0.816727,-1.729238,-0.088092,-8.167272,-548.450134,-0.815157,0.000000
20.210001,-0.397690,-548.361145,-0.012279,-0.032151,-0.816632,-1.769013,-0.090118,-8.166318,-548.361145,-0.814984,0.000000
20.220001,-0.386887,-548.494629,-0.012288,-0.032145,-0.816493,-1.720958,-0.087670,-8.164930,-548.494629,-0.814828,0.000000
20.230001,-0.382416,-548.361145,-0.012292,-0.032137,-0.816276,-1.701070,-0.086657,-8.162762,-548.361145,-0.814655,0.000000
20.240002,-0.367157,-548.450134,-0.012215,-0.032126,-0.815999,-1.633196,-0.083199,-8.159986,-548.450134,-0.814481,0.000000
20.250002,-0.362305,-548.405640,-0.012202,-0.032116,-0.815738,-1.611612,-0.082099,-8.157386,-548.405640,-0.814325,0.000000
20.260000,-0.350403,-548.361145,-0.012193,-0.032106,-0.815504,-1.558670,-0.079402,-8.155044,-548.361145,-0.814152,0.000000
20.270000,-0.344803,-548.494629,-0.012197,-0.032098,-0.815279,-1.533760,-0.078133,-8.152789,-548.494629,-0.813995,0.000000
20.280001,-0.338852,-548.316711,-0.012202,-0.032091,-0.815105,-1.507289,-0.076785,-8.151054,-548.316711,-0.813822,0.000000
20.290001,-0.347794,-548.450134,-0.012288,-0.032087,-0.815001,-1.547063,-0.078811,-8.150014,-548.450134,-0.813649,0.000000
20.300001,-0.364914,-548.405640,-0.012301,-0.032083,-0.814915,-1.623218,-0.082691,-8.149147,-548.405640,-0.813492,0.000000
20.310001,-0.355606,-548.361145,-0.012314,-0.032079,-0.814802,-1.581815,-0.080581,-8.148020,-548.361145,-0.813319,0.000000
20.320002,-0.366409,-548.494629,-0.012279,-0.032073,-0.814646,-1.629870,-0.083030,-8.146459,-548.494629,-0.813146,0.000000
20.330002,-0.374603,-548.316711,-0.012240,-0.032064,-0.814438,-1.666319,-0.084886,-8.144377,-548.316711,-0.812989,0.000000
20.340000,-0.372742,-548.450134,-0.012180,-0.032056,-0.814221,-1.658038,-0.084464,-8.142209,-548.450134,-0.812816,0.000000
20.350000,-0.353378,-548.405640,-0.012202,-0.032048,-0.814021,-1.571905,-0.080077,-8.140214,-548.405640,-0.812660,0.000000
20.360001,-0.373108,-548.361145,-0.012189,-0.032041,-0.813839,-1.659667,-0.084547,-8.138392,-548.361145,-0.812486,0.000000
20.370001,-0.388382,-548.450134,-0.012193,-0.032035,-0.813692,-1.727609,-0.088009,-8.136919,-548.450134,-0.812313,0.000000
20.380001,-0.383911,-548.361145,-0.012184,-0.032030,-0.813562,-1.707722,-0.086996,-8.135617,-548.361145,-0.812157,0.000000
20.390001,-0.390610,-548.405640,-0.012202,-0.032025,-0.813423,-1.737519,-0.088513,-8.134231,-548.405640,-0.811983,0.000000
20.400002,-0.385391,-548.405640,-0.012301,-0.032020,-0.813319,-1.714306,-0.087331,-8.133189,-548.405640,-0.811827,0.000000
20.410002,-0.388000,-548.361145,-0.012322,-0.032015,-0.813180,-1.725912,-0.087922,-8.131803,-548.361145,-0.811654,0.000000
20.420000,-0.393585,-548.494629,-0.012292,-0.032007,-0.812972,-1.750754,-0.089188,-8.129721,-548.494629,-0.811480,0.000000
20.430000,-0.377213,-548.361145,-0.012284,-0.031997,-0.812712,-1.677925,-0.085478,-8.127119,-548.361145,-0.811324,0.000000
20.440001,-0.347412,-548.450134,-0.012296,-0.031987,-0.812469,-1.545366,-0.078725,-8.124690,-548.450134,-0.811151,0.000000
20.450001,-0.351517,-548.405640,-0.012266,-0.031980,-0.812304,-1.563625,-0.079655,-8.123043,-548.405640,-0.810995,0.000000
20.460001,-0.349274,-548.405640,-0.012245,-0.031974,-0.812140,-1.553647,-0.079147,-8.121396,-548.405640,-0.810821,0.000000
20.470001,-0.335129,-548.539062,-0.012210,-0.031967,-0.811966,-1.490727,-0.075941,-8.119661,-548.539062,-0.810648,0.000000
20.480001,-0.336990,-548.405640,-0.012167,-0.031962,-0.811845,-1.499008,-0.076363,-8.118447,-548.405640,-0.810492,0.000000
20.490002,-0.338104,-548.539062,-0.012189,-0.031957,-0.811715,-1.503963,-0.076616,-8.117146,-548.539062,-0.810318,0.000000
20.500002,-0.347794,-548.405640,-0.012189,-0.031952,-0.811585,-1.547063,-0.078811,-8.115846,-548.405640,-0.810162,0.000000
20.510000,-0.353378,-548.316711,-0.012227,-0.031945,-0.811402,-1.571905,-0.080077,-8.114024,-548.316711,-0.809989,0.000000
20.520000,-0.359329,-548.539062,-0.012275,-0.031937,-0.811212,-1.598376,-0.081425,-8.112116,-548.539062,-0.809815,0.000000
20.530001,-0.355988,-548.361145,-0.012301,-0.031930,-0.811029,-1.583512,-0.080668,-8.110294,-548.361145,-0.809659,0.000000
20.540001,-0.349655,-548.405640,-0.012249,-0.031924,-0.810865,-1.555344,-0.079233,-8.108647,-548.405640,-0.809486,0.000000
20.550001,-0.363052,-548.405640,-0.012288,-0.031916,-0.810674,-1.614938,-0.082269,-8.106740,-548.405640,-0.809330,0.000000
20.560001,-0.373108,-548.405640,-0.012279,-0.031909,-0.810492,-1.659667,-0.084547,-8.104918,-548.405640,-0.809156,0.000000
20.570002,-0.379440,-548.494629,-0.012309,-0.031903,-0.810336,-1.687835,-0.085982,-8.103357,-548.494629,-0.808983,0.000000
20.580002,-0.376083,-548.361145,-0.012301,-0.031898,-0.810197,-1.672902,-0.085222,-8.101970,-548.361145,-0.808827,0.000000
20.590000,-0.374969,-548.450134,-0.012292,-0.031891,-0.810041,-1.667948,-0.084969,-8.100409,-548.450134,-0.808653,0.000000
20.600000,-0.370499,-548.450134,-0.012305,-0.031884,-0.809859,-1.648060,-0.083956,-8.098587,-548.450134,-0.808497,0.000000
20.610001,-0.371246,-548.361145,-0.012296,-0.031875,-0.809616,-1.651386,-0.084126,-8.096159,-548.361145,-0.808324,0.000000
20.620001,-0.368271,-548.539062,-0.012305,-0.031865,-0.809373,-1.638151,-0.083451,-8.093731,-548.539062,-0.808150,0.000000
20.630001,-0.327682,-548.361145,-0.012309,-0.031860,-0.809234,-1.457605,-0.074254,-8.092343,-548.361145,-0.807994,0.000000
20.640001,-0.332153,-548.494629,-0.012253,-0.031857,-0.809165,-1.477492,-0.075267,-8.091649,-548.494629,-0.807821,0.000000
20.650002,-0.338104,-548.494629,-0.012202,-0.031854,-0.809096,-1.503963,-0.076616,-8.090956,-548.494629,-0.807665,0.000000
20.660002,-0.322464,-548.361145,-0.012210,-0.031850,-0.808983,-1.434391,-0.073071,-8.089828,-548.361145,-0.807491,0.000000
20.670000,-0.324326,-548.450134,-0.012253,-0.031842,-0.808775,-1.442672,-0.073493,-8.087748,-548.450134,-0.807318,0.000000
20.680000,-0.315399,-548.361145,-0.012219,-0.031832,-0.808541,-1.402966,-0.071470,-8.085405,-548.361145,-0.807162,0.000000
20.690001,-0.319489,-548.405640,-0.012193,-0.031823,-0.808298,-1.421156,-0.072397,-8.082977,-548.405640,-0.806988,0.000000
20.700001,-0.329544,-548.450134,-0.012210,-0.031816,-0.808124,-1.465885,-0.074676,-8.081243,-548.450134,-0.806815,0.000000
20.710001,-0.329163,-548.405640,-0.012171,-0.031811,-0.807994,-1.464188,-0.074589,-8.079942,-548.405640,-0.806659,0.000000
20.720001,-0.323959,-548.494629,-0.012219,-0.031807,-0.807890,-1.441043,-0.073410,-8.078902,-548.494629,-0.806485,0.000000
20.730001,-0.332153,-548.361145,-0.012215,-0.031802,-0.807777,-1.477492,-0.075267,-8.077774,-548.361145,-0.806329,0.000000
20.740002,-0.334763,-548.494629,-0.012189,-0.031794,-0.807569,-1.489098,-0.075858,-8.075692,-548.494629,-0.806156,0.000000
20.750002,-0.337357,-548.450134,-0.012232,-0.031784,-0.807318,-1.500637,-0.076446,-8.073178,-548.450134,-0.805982,0.000000
20.760000,-0.346664,-548.405640,-0.012215,-0.031777,-0.807127,-1.542040,-0.078555,-8.071270,-548.405640,-0.805826,0.000000
20.770000,-0.357849,-548.494629,-0.012163,-0.031770,-0.806962,-1.591792,-0.081090,-8.069622,-548.494629,-0.805653,0.000000
20.780001,-0.351135,-548.361145,-0.012189,-0.031765,-0.806841,-1.561928,-0.079568,-8.068408,-548.361145,-0.805497,0.000000
20.790001,-0.354858,-548.494629,-0.012180,-0.031759,-0.806685,-1.578489,-0.080412,-8.066847,-548.494629,-0.805323,0.000000
20.800001,-0.336990,-548.405640,-0.012223,-0.031753,-0.806529,-1.499008,-0.076363,-8.065286,-548.405640,-0.805150,0.000000
20.810001,-0.338104,-548.361145,-0.012202,-0.031746,-0.806346,-1.503963,-0.076616,-8.063464,-548.361145,-0.804994,0.000000
20.820002,-0.338852,-548.494629,-0.012245,-0.031738,-0.806147,-1.507289,-0.076785,-8.061469,-548.494629,-0.804820,0.000000
20.830002,-0.335129,-548.405640,-0.012301,-0.031731,-0.805973,-1.490727,-0.075941,-8.059735,-548.405640,-0.804664,0.000000
20.840000,-0.332520,-548.494629,-0.012271,-0.031725,-0.805826,-1.479121,-0.075350,-8.058261,-548.494629,-0.804491,0.000000
20.850000,-0.326569,-548.450134,-0.012266,-0.031720,-0.805687,-1.452650,-0.074001,-8.056873,-548.450134,-0.804317,0.000000
20.860001,-0.325821,-548.361145,-0.012288,-0.031713,-0.805523,-1.449324,-0.073832,-8.055226,-548.361145,-0.804161,0.000000
20.870001,-0.324707,-548.494629,-0.012309,-0.031705,-0.805306,-1.444369,-0.073580,-8.053058,-548.494629,-0.803988,0.000000
20.880001,-0.328049,-548.316711,-0.012301,-0.031695,-0.805063,-1.459234,-0.074337,-8.050630,-548.316711,-0.803832,0.000000
20.890001,-0.334381,-548.494629,-0.012219,-0.031689,-0.804898,-1.487401,-0.075772,-8.048983,-548.494629,-0.803658,0.000000
20.900002,-0.335495,-548.405640,-0.012171,-0.031683,-0.804759,-1.492356,-0.076024,-8.047594,-548.405640,-0.803485,0.000000
20.910002,-0.340714,-548.361145,-0.012184,-0.031677,-0.804603,-1.515569,-0.077207,-8.046033,-548.361145,-0.803329,0.000000
20.920000,-0.344070,-548.450134,-0.012154,-0.031670,-0.804412,-1.530502,-0.077967,-8.044126,-548.450134,-0.803155,0.000000
20.930000,-0.345551,-548.361145,-0.012215,-0.031663,-0.804239,-1.537086,-0.078303,-8.042391,-548.361145,-0.802999,0.000000
20.940001,-0.361572,-548.450134,-0.012284,-0.031656,-0.804074,-1.608354,-0.081933,-8.040744,-548.450134,-0.802826,0.000000
20.950001,-0.374969,-548.450134,-0.012279,-0.031651,-0.803927,-1.667948,-0.084969,-8.039269,-548.450134,-0.802652,0.000000
20.960001,-0.368271,-548.361145,-0.012292,-0.031644,-0.803762,-1.638151,-0.083451,-8.037621,-548.361145,-0.802496,0.000000
20.970001,-0.368271,-548.494629,-0.012275,-0.031639,-0.803623,-1.638151,-0.083451,-8.036234,-548.494629,-0.802323,0.000000
20.980001,-0.356720,-548.361145,-0.012240,-0.031634,-0.803502,-1.586770,-0.080834,-8.035020,-548.361145,-0.802166,0.000000
20.990002,-0.351135,-548.494629,-0.012210,-0.031630,-0.803398,-1.561928,-0.079568,-8.033978,-548.494629,-0.801993,0.000000
21.000002,-0.345932,-548.450134,-0.012219,-0.031626,-0.803302,-1.538782,-0.078389,-8.033025,-548.450134,-0.801820,0.000000
21.010000,-0.351135,-548.405640,-0.012206,-0.031620,-0.803138,-1.561928,-0.079568,-8.031377,-548.405640,-0.801663,0.000000
21.020000,-0.345932,-548.494629,-0.012236,-0.031610,-0.802904,-1.538782,-0.078389,-8.029036,-548.494629,-0.801490,0.000000
21.030001,-0.326187,-548.361145,-0.012279,-0.031600,-0.802635,-1.450953,-0.073915,-8.026347,-548.361145,-0.801334,0.000000
21.040001,-0.324707,-548.494629,-0.012284,-0.031592,-0.802427,-1.444369,-0.073580,-8.024266,-548.494629,-0.801160,0.000000
21.050001,-0.307938,-548.450134,-0.012309,-0.031584,-0.802244,-1.369775,-0.069780,-8.022445,-548.450134,-0.800987,0.000000
21.060001,-0.309067,-548.450134,-0.012296,-0.031575,-0.801993,-1.374798,-0.070036,-8.019929,-548.450134,-0.800831,0.000000
21.070002,-0.308319,-548.539062,-0.012335,-0.031566,-0.801776,-1.371472,-0.069866,-8.017761,-548.539062,-0.800657,0.000000
21.080002,-0.307571,-548.405640,-0.012301,-0.031560,-0.801620,-1.368146,-0.069697,-8.016200,-548.405640,-0.800484,0.000000
21.090000,-0.313538,-548.539062,-0.012314,-0.031554,-0.801464,-1.394685,-0.071049,-8.014640,-548.539062,-0.800328,0.000000
21.100000,-0.310547,-548.450134,-0.012301,-0.031547,-0.801291,-1.381382,-0.070371,-8.012905,-548.450134,-0.800154,0.000000
21.110001,-0.310928,-548.361145,-0.012296,-0.031540,-0.801126,-1.383078,-0.070457,-8.011257,-548.361145,-0.799998,0.000000
21.120001,-0.325073,-548.494629,-0.012219,-0.031535,-0.800978,-1.445998,-0.073663,-8.009783,-548.494629,-0.799825,0.000000
21.130001,-0.344803,-548.361145,-0.012215,-0.031528,-0.800822,-1.533760,-0.078133,-8.008223,-548.361145,-0.799652,0.000000
21.140001,-0.348160,-548.494629,-0.012193,-0.031522,-0.800666,-1.548692,-0.078894,-8.006661,-548.494629,-0.799495,0.000000
21.150002,-0.353745,-548.494629,-0.012176,-0.031515,-0.800493,-1.573534,-0.080160,-8.004927,-548.494629,-0.799322,0.000000
21.160002,-0.348160,-548.405640,-0.012167,-0.031510,-0.800354,-1.548692,-0.078894,-8.003539,-548.405640,-0.799166,0.000000
21.170000,-0.341827,-548.539062,-0.012193,-0.031506,-0.800241,-1.520524,-0.077459,-8.002412,-548.539062,-0.798992,0.000000
21.180000,-0.355240,-548.405640,-0.012232,-0.031501,-0.800120,-1.580186,-0.080499,-8.001198,-548.405640,-0.798819,0.000000
21.190001,-0.345184,-548.450134,-0.012301,-0.031494,-0.799938,-1.535457,-0.078220,-7.999376,-548.450134,-0.798663,0.000000
21.200001,-0.331406,-548.450134,-0.012296,-0.031486,-0.799747,-1.474166,-0.075098,-7.997469,-548.450134,-0.798489,0.000000
21.210001,-0.329544,-548.450134,-0.012327,-0.031480,-0.799582,-1.465885,-0.074676,-7.995821,-548.450134,-0.798333,0.000000
21.220001,-0.329544,-548.494629,-0.012340,-0.031473,-0.799426,-1.465885,-0.074676,-7.994260,-548.494629,-0.798160,0.000000
21.230001,-0.317627,-548.405640,-0.012305,-0.031468,-0.799296,-1.412875,-0.071975,-7.992959,-548.405640,-0.797986,0.000000
21.240002,-0.301620,-548.450134,-0.012219,-0.031463,-0.799157,-1.341675,-0.068348,-7.991572,-548.450134,-0.797830,0.000000
21.250002,-0.295654,-548.450134,-0.012193,-0.031456,-0.798992,-1.315136,-0.066996,-7.989923,-548.450134,-0.797657,0.000000
21.260000,-0.296768,-548.494629,-0.012210,-0.031449,-0.798810,-1.320091,-0.067249,-7.988102,-548.494629,-0.797501,0.000000
21.270000,-0.316132,-548.539062,-0.012258,-0.031441,-0.798593,-1.406224,-0.071636,-7.985934,-548.539062,-0.797327,0.000000
21.280001,-0.316513,-548.405640,-0.012279,-0.031433,-0.798394,-1.407920,-0.071723,-7.983940,-548.405640,-0.797154,0.000000
21.290001,-0.304962,-548.450134,-0.012305,-0.031426,-0.798229,-1.356539,-0.069105,-7.982292,-548.450134,-0.796998,0.000000
21.300001,-0.309433,-548.450134,-0.012301,-0.031420,-0.798056,-1.376427,-0.070119,-7.980558,-548.450134,-0.796824,0.000000
21.310001,-0.307571,-548.450134,-0.012271,-0.031412,-0.797874,-1.368146,-0.069697,-7.978736,-548.450134,-0.796668,0.000000
21.320002,-0.330658,-548.494629,-0.012232,-0.031407,-0.797726,-1.470840,-0.074928,-7.977262,-548.494629,-0.796495,0.000000
21.330002,-0.345184,-548.405640,-0.012275,-0.031401,-0.797588,-1.535457,-0.078220,-7.975875,-548.405640,-0.796321,0.000000
21.340000,-0.349274,-548.494629,-0.012253,-0.031397,-0.797483,-1.553647,-0.079147,-7.974834,-548.494629,-0.796165,0.000000
21.350000,-0.351517,-548.494629,-0.012236,-0.031393,-0.797371,-1.563625,-0.079655,-7.973706,-548.494629,-0.795992,0.000000
21.360001,-0.343323,-548.405640,-0.012227,-0.031388,-0.797249,-1.527176,-0.077798,-7.972492,-548.405640,-0.795836,0.000000
21.370001,-0.342209,-548.494629,-0.012240,-0.031382,-0.797102,-1.522221,-0.077546,-7.971018,-548.494629,-0.795662,0.000000
21.380001,-0.337357,-548.405640,-0.012180,-0.031375,-0.796920,-1.500637,-0.076446,-7.969197,-548.405640,-0.795489,0.000000
21.390001,-0.334015,-548.494629,-0.012176,-0.031366,-0.796694,-1.485772,-0.075689,-7.966943,-548.494629,-0.795333,0.000000
21.400002,-0.332520,-548.494629,-0.012206,-0.031357,-0.796469,-1.479121,-0.075350,-7.964688,-548.494629,-0.795159,0.000000
21.410002,-0.330658,-548.405640,-0.012258,-0.031349,-0.796252,-1.470840,-0.074928,-7.962519,-548.405640,-0.795003,0.000000
21.420000,-0.338104,-548.539062,-0.012210,-0.031343,-0.796113,-1.503963,-0.076616,-7.961132,-548.539062,-0.794830,0.000000
21.430000,-0.314270,-548.361145,-0.012227,-0.031338,-0.795992,-1.397943,-0.071215,-7.959918,-548.361145,-0.794656,0.000000
21.440001,-0.314651,-548.450134,-0.012318,-0.031333,-0.795870,-1.399640,-0.071301,-7.958704,-548.450134,-0.794500,0.000000
21.450001,-0.318741,-548.450134,-0.012284,-0.031328,-0.795732,-1.417830,-0.072228,-7.957316,-548.450134,-0.794327,0.000000
21.460001,-0.305710,-548.405640,-0.012262,-0.031324,-0.795619,-1.359865,-0.069275,-7.956189,-548.405640,-0.794153,0.000000
21.470001,-0.321350,-548.494629,-0.012314,-0.031318,-0.795480,-1.429437,-0.072819,-7.954801,-548.494629,-0.793997,0.000000
21.480001,-0.324707,-548.405640,-0.012301,-0.031311,-0.795289,-1.444369,-0.073580,-7.952893,-548.405640,-0.793824,0.000000
21.490002,-0.323959,-548.450134,-0.012318,-0.031301,-0.795055,-1.441043,-0.073410,-7.950552,-548.450134,-0.793668,0.000000
21.500002,-0.313156,-548.450134,-0.012296,-0.031291,-0.794795,-1.392988,-0.070962,-7.947950,-548.450134,-0.793494,0.000000
21.510000,-0.307205,-548.405640,-0.012266,-0.031283,-0.794596,-1.366517,-0.069614,-7.945955,-548.405640,-0.793321,0.000000
21.520000,-0.334015,-548.539062,-0.012249,-0.031276,-0.794422,-1.485772,-0.075689,-7.944221,-548.539062,-0.793165,0.000000
21.530001,-0.342941,-548.405640,-0.012266,-0.031270,-0.794266,-1.525479,-0.077712,-7.942660,-548.405640,-0.792991,0.000000
21.540001,-0.344070,-548.539062,-0.012219,-0.031263,-0.794093,-1.530502,-0.077967,-7.940925,-548.539062,-0.792835,0.000000
21.550001,-0.350021,-548.450134,-0.012206,-0.031258,-0.793954,-1.556973,-0.079316,-7.939538,-548.450134,-0.792662,0.000000
21.560001,-0.342575,-548.450134,-0.012215,-0.031253,-0.793832,-1.523850,-0.077629,-7.938324,-548.450134,-0.792488,0.000000
21.570002,-0.342209,-548.628052,-0.012301,-0.031248,-0.793702,-1.522221,-0.077546,-7.937023,-548.628052,-0.792332,0.000000
21.580002,-0.337357,-548.405640,-0.012314,-0.031242,-0.793555,-1.500637,-0.076446,-7.935549,-548.405640,-0.792159,0.000000
21.590000,-0.332520,-548.450134,-0.012314,-0.031236,-0.793390,-1.479121,-0.075350,-7.933901,-548.450134,-0.792003,0.000000
21.600000,-0.331772,-548.405640,-0.012292,-0.031228,-0.793182,-1.475795,-0.075181,-7.931820,-548.405640,-0.791829,0.000000
21.610001,-0.334015,-548.405640,-0.012284,-0.031220,-0.792991,-1.485772,-0.075689,-7.929912,-548.405640,-0.791656,0.000000
21.620001,-0.331039,-548.494629,-0.012292,-0.031214,-0.792844,-1.472537,-0.075015,-7.928438,-548.494629,-0.791500,0.000000
21.630001,-0.340714,-548.405640,-0.012284,-0.031208,-0.792679,-1.515569,-0.077207,-7.926790,-548.405640,-0.791326,0.000000
21.640001,-0.324707,-548.539062,-0.012292,-0.031202,-0.792523,-1.444369,-0.073580,-7.925229,-548.539062,-0.791170,0.000000
21.650002,-0.333267,-548.450134,-0.012288,-0.031196,-0.792367,-1.482447,-0.075519,-7.923668,-548.450134,-0.790997,0.000000
21.660002,-0.336243,-548.405640,-0.012305,-0.031190,-0.792219,-1.495682,-0.076194,-7.922194,-548.405640,-0.790823,0.000000
21.670000,-0.325073,-548.539062,-0.012288,-0.031184,-0.792072,-1.445998,-0.073663,-7.920719,-548.539062,-0.790667,0.000000
21.680000,-0.323959,-548.450134,-0.012236,-0.031178,-0.791924,-1.441043,-0.073410,-7.919245,-548.450134,-0.790494,0.000000
21.690001,-0.338104,-548.494629,-0.012219,-0.031169,-0.791690,-1.503963,-0.076616,-7.916903,-548.494629,-0.790338,0.000000
21.700001,-0.333633,-548.450134,-0.012219,-0.031158,-0.791404,-1.484076,-0.075602,-7.914042,-548.450134,-0.790164,0.000000
21.710001,-0.347794,-548.450134,-0.012193,-0.031148,-0.791153,-1.547063,-0.078811,-7.911527,-548.450134,-0.789991,0.000000
21.720001,-0.354492,-548.494629,-0.012189,-0.031141,-0.790971,-1.576860,-0.080329,-7.909706,-548.494629,-0.789834,0.000000
21.730001,-0.350021,-548.405640,-0.012240,-0.031136,-0.790858,-1.556973,-0.079316,-7.908578,-548.405640,-0.789661,0.000000
21.740002,-0.360443,-548.450134,-0.012236,-0.031133,-0.790780,-1.603331,-0.081678,-7.907798,-548.450134,-0.789505,0.000000
21.750002,-0.379440,-548.494629,-0.012258,-0.031130,-0.790693,-1.687835,-0.085982,-7.906930,-548.494629,-0.789331,0.000000
21.760000,-0.361191,-548.405640,-0.012288,-0.031126,-0.790606,-1.606657,-0.081847,-7.906063,-548.405640,-0.789158,0.000000
21.770000,-0.364166,-548.539062,-0.012348,-0.031120,-0.790459,-1.619892,-0.082521,-7.904589,-548.539062,-0.789002,0.000000
21.780001,-0.358582,-548.405640,-0.012301,-0.031112,-0.790242,-1.595050,-0.081256,-7.902421,-548.405640,-0.788828,0.000000
21.790001,-0.354126,-548.494629,-0.012314,-0.031103,-0.790017,-1.575231,-0.080246,-7.900167,-548.494629,-0.788672,0.000000
21.800001,-0.343323,-548.494629,-0.012279,-0.031096,-0.789843,-1.527176,-0.077798,-7.898432,-548.494629,-0.788499,0.000000
21.810001,-0.342941,-548.450134,-0.012236,-0.031090,-0.789678,-1.525479,-0.077712,-7.896784,-548.450134,-0.788326,0.000000
21.820002,-0.344803,-548.494629,-0.012184,-0.031085,-0.789548,-1.533760,-0.078133,-7.895483,-548.494629,-0.788169,0.000000
21.830002,-0.343689,-548.405640,-0.012167,-0.031079,-0.789418,-1.528805,-0.077881,-7.894182,-548.405640,-0.787996,0.000000
21.840000,-0.336243,-548.539062,-0.012193,-0.031075,-0.789297,-1.495682,-0.076194,-7.892968,-548.539062,-0.787822,0.000000
21.850000,-0.338852,-548.450134,-0.012223,-0.031071,-0.789193,-1.507289,-0.076785,-7.891928,-548.450134,-0.787666,0.000000
21.860001,-0.342941,-548.450134,-0.012223,-0.031067,-0.789106,-1.525479,-0.077712,-7.891060,-548.450134,-0.787493,0.000000
21.870001,-0.342941,-548.583557,-0.012266,-0.031062,-0.788967,-1.525479,-0.077712,-7.889673,-548.583557,-0.787337,0.000000
21.880001,-0.355240,-548.494629,-0.012292,-0.031052,-0.788724,-1.580186,-0.080499,-7.887245,-548.494629,-0.787163,0.000000
21.890001,-0.349274,-548.583557,-0.012327,-0.031041,-0.788438,-1.553647,-0.079147,-7.884383,-548.583557,-0.786990,0.000000
21.900002,-0.349655,-548.494629,-0.012305,-0.031030,-0.788169,-1.555344,-0.079233,-7.881694,-548.494629,-0.786834,0.000000
21.910002,-0.352631,-548.450134,-0.012253,-0.031022,-0.787961,-1.568579,-0.079907,-7.879613,-548.450134,-0.786660,0.000000
21.920002,-0.370499,-548.583557,-0.012215,-0.031017,-0.787840,-1.648060,-0.083956,-7.878399,-548.583557,-0.786504,0.000000
21.930000,-0.369385,-548.450134,-0.012227,-0.031014,-0.787753,-1.643106,-0.083704,-7.877532,-548.450134,-0.786331,0.000000
21.940001,-0.364548,-548.494629,-0.012258,-0.031010,-0.787658,-1.621589,-0.082608,-7.876577,-548.494629,-0.786157,0.000000
21.950001,-0.369385,-548.494629,-0.012314,-0.031005,-0.787536,-1.643106,-0.083704,-7.875363,-548.494629,-0.786001,0.000000
21.960001,-0.362305,-548.450134,-0.012331,-0.031001,-0.787415,-1.611612,-0.082099,-7.874149,-548.450134,-0.785828,0.000000
21.970001,-0.355988,-548.583557,-0.012305,-0.030995,-0.787276,-1.583512,-0.080668,-7.872762,-548.583557,-0.785672,0.000000
21.980001,-0.348160,-548.450134,-0.012331,-0.030989,-0.787120,-1.548692,-0.078894,-7.871201,-548.450134,-0.785498,0.000000
21.990002,-0.341827,-548.494629,-0.012340,-0.030983,-0.786964,-1.520524,-0.077459,-7.869640,-548.494629,-0.785325,0.000000
22.000002,-0.336990,-548.450134,-0.012309,-0.030976,-0.786782,-1.499008,-0.076363,-7.867819,-548.450134,-0.785169,0.000000
22.010000,-0.342941,-548.405640,-0.012296,-0.030966,-0.786530,-1.525479,-0.077712,-7.865304,-548.405640,-0.784995,0.000000
22.020000,-0.342941,-548.583557,-0.012266,-0.030955,-0.786253,-1.525479,-0.077712,-7.862528,-548.583557,-0.784839,0.000000
22.030001,-0.329910,-548.405640,-0.012197,-0.030944,-0.785984,-1.467514,-0.074759,-7.859840,-548.405640,-0.784666,0.000000
22.040001,-0.344437,-548.494629,-0.012158,-0.030936,-0.785785,-1.532131,-0.078050,-7.857845,-548.494629,-0.784492,0.000000
22.050001,-0.345932,-548.494629,-0.012202,-0.030931,-0.785654,-1.538782,-0.078389,-7.856545,-548.494629,-0.784336,0.000000
22.060001,-0.343323,-548.450134,-0.012253,-0.030926,-0.785524,-1.527176,-0.077798,-7.855244,-548.450134,-0.784163,0.000000
22.070002,-0.340714,-548.583557,-0.012284,-0.030919,-0.785351,-1.515569,-0.077207,-7.853509,-548.583557,-0.784007,0.000000
22.080002,-0.336624,-548.450134,-0.012262,-0.030912,-0.785169,-1.497379,-0.076280,-7.851688,-548.450134,-0.783833,0.000000
22.090000,-0.348526,-548.494629,-0.012331,-0.030905,-0.784995,-1.550321,-0.078977,-7.849954,-548.494629,-0.783660,0.000000
22.100000,-0.358582,-548.450134,-0.012322,-0.030899,-0.784822,-1.595050,-0.081256,-7.848219,-548.450134,-0.783504,0.000000
22.110001,-0.363052,-548.494629,-0.012284,-0.030894,-0.784709,-1.614938,-0.082269,-7.847092,-548.494629,-0.783330,0.000000
22.120001,-0.363052,-548.539062,-0.012219,-0.030889,-0.784588,-1.614938,-0.082269,-7.845878,-548.539062,-0.783174,0.000000
22.130001,-0.367523,-548.405640,-0.012236,-0.030883,-0.784440,-1.634825,-0.083282,-7.844403,-548.405640,-0.783001,0.000000
22.140001,-0.374603,-548.494629,-0.012163,-0.030878,-0.784302,-1.666319,-0.084886,-7.843016,-548.494629,-0.782827,0.000000
22.150002,-0.369019,-548.539062,-0.012171,-0.030875,-0.784215,-1.641477,-0.083621,-7.842149,-548.539062,-0.782671,0.000000
22.160002,-0.382797,-548.450134,-0.012184,-0.030870,-0.784102,-1.702767,-0.086743,-7.841021,-548.450134,-0.782498,0.000000
22.170002,-0.388000,-548.583557,-0.012223,-0.030865,-0.783963,-1.725912,-0.087922,-7.839634,-548.583557,-0.782342,0.000000
22.180000,-0.365662,-548.405640,-0.012245,-0.030859,-0.783807,-1.626544,-0.082860,-7.838073,-548.405640,-0.782168,0.000000
22.190001,-0.351135,-548.583557,-0.012284,-0.030850,-0.783590,-1.561928,-0.079568,-7.835905,-548.583557,-0.781995,0.000000
22.200001,-0.348907,-548.450134,-0.012301,-0.030840,-0.783330,-1.552018,-0.079064,-7.833303,-548.450134,-0.781839,0.000000
22.210001,-0.352631,-548.494629,-0.012305,-0.030830,-0.783070,-1.568579,-0.079907,-7.830701,-548.494629,-0.781665,0.000000
22.220001,-0.326935,-548.539062,-0.012236,-0.030820,-0.782836,-1.454279,-0.074084,-7.828360,-548.539062,-0.781492,0.000000
22.230001,-0.338486,-548.450134,-0.012202,-0.030814,-0.782671,-1.505660,-0.076702,-7.826712,-548.450134,-0.781336,0.000000
22.240002,-0.351883,-548.583557,-0.012176,-0.030808,-0.782532,-1.565253,-0.079738,-7.825325,-548.583557,-0.781162,0.000000
22.250002,-0.346664,-548.494629,-0.012189,-0.030804,-0.782411,-1.542040,-0.078555,-7.824110,-548.494629,-0.781006,0.000000
22.260000,-0.342941,-548.494629,-0.012154,-0.030799,-0.782290,-1.525479,-0.077712,-7.822896,-548.494629,-0.780833,0.000000
22.270000,-0.350021,-548.494629,-0.012210,-0.030794,-0.782160,-1.556973,-0.079316,-7.821596,-548.494629,-0.780659,0.000000
22.280001,-0.352264,-548.450134,-0.012262,-0.030786,-0.781960,-1.566950,-0.079824,-7.819601,-548.450134,-0.780503,0.000000
22.290001,-0.360077,-548.539062,-0.012296,-0.030777,-0.781743,-1.601702,-0.081595,-7.817433,-548.539062,-0.780330,0.000000
22.300001,-0.353745,-548.450134,-0.012322,-0.030769,-0.781544,-1.573534,-0.080160,-7.815438,-548.450134,-0.780174,0.000000
22.310001,-0.378326,-548.450134,-0.012279,-0.030763,-0.781379,-1.682880,-0.085730,-7.813790,-548.450134,-0.780000,0.000000
22.320002,-0.374222,-548.539062,-0.012288,-0.030759,-0.781284,-1.664622,-0.084800,-7.812837,-548.539062,-0.779827,0.000000
22.330002,-0.375717,-548.405640,-0.012314,-0.030756,-0.781214,-1.671273,-0.085139,-7.812143,-548.405640,-0.779671,0.000000
22.340000,-0.388000,-548.539062,-0.012309,-0.030753,-0.781128,-1.725912,-0.087922,-7.811275,-548.539062,-0.779497,0.000000
22.350000,-0.378693,-548.450134,-0.012305,-0.030748,-0.780997,-1.684509,-0.085813,-7.809975,-548.450134,-0.779341,0.000000
22.360001,-0.386139,-548.450134,-0.012258,-0.030740,-0.780807,-1.717632,-0.087500,-7.808067,-548.450134,-0.779168,0.000000
22.370001,-0.377945,-548.583557,-0.012258,-0.030731,-0.780564,-1.681183,-0.085644,-7.805638,-548.583557,-0.778994,0.000000
22.380001,-0.366409,-548.450134,-0.012258,-0.030721,-0.780312,-1.629870,-0.083030,-7.803123,-548.450134,-0.778838,0.000000
22.390001,-0.363800,-548.539062,-0.012232,-0.030712,-0.780087,-1.618263,-0.082438,-7.800869,-548.539062,-0.778665,0.000000
22.400002,-0.353378,-548.494629,-0.012227,-0.030703,-0.779853,-1.571905,-0.080077,-7.798527,-548.494629,-0.778508,0.000000
22.410002,-0.335129,-548.450134,-0.012176,-0.030695,-0.779645,-1.490727,-0.075941,-7.796446,-548.450134,-0.778335,0.000000
22.420002,-0.347412,-548.583557,-0.012288,-0.030690,-0.779514,-1.545366,-0.078725,-7.795145,-548.583557,-0.778162,0.000000
22.430000,-0.350403,-548.450134,-0.012266,-0.030685,-0.779402,-1.558670,-0.079402,-7.794018,-548.450134,-0.778006,0.000000
22.440001,-0.351135,-548.583557,-0.012240,-0.030681,-0.779289,-1.561928,-0.079568,-7.792891,-548.583557,-0.777832,0.000000
22.450001,-0.363800,-548.450134,-0.012284,-0.030675,-0.779142,-1.618263,-0.082438,-7.791416,-548.450134,-0.777676,0.000000
22.460001,-0.366776,-548.494629,-0.012305,-0.030667,-0.778951,-1.631499,-0.083113,-7.789508,-548.494629,-0.777503,0.000000
22.470001,-0.363434,-548.583557,-0.012305,-0.030659,-0.778734,-1.616634,-0.082355,-7.787340,-548.583557,-0.777329,0.000000
22.480001,-0.355606,-548.450134,-0.012292,-0.030651,-0.778543,-1.581815,-0.080581,-7.785432,-548.450134,-0.777173,0.000000
22.490002,-0.361572,-548.539062,-0.012240,-0.030644,-0.778361,-1.608354,-0.081933,-7.783611,-548.539062,-0.777000,0.000000
22.500002,-0.385391,-548.405640,-0.012227,-0.030638,-0.778196,-1.714306,-0.087331,-7.781963,-548.405640,-0.776843,0.000000
22.510000,-0.382797,-548.494629,-0.012184,-0.030633,-0.778066,-1.702767,-0.086743,-7.780663,-548.494629,-0.776670,0.000000
22.520000,-0.388382,-548.539062,-0.012197,-0.030628,-0.777945,-1.727609,-0.088009,-7.779449,-548.539062,-0.776497,0.000000
22.530001,-0.379074,-548.450134,-0.012219,-0.030624,-0.777849,-1.686206,-0.085899,-7.778494,-548.450134,-0.776340,0.000000
22.540001,-0.389862,-548.539062,-0.012258,-0.030620,-0.777754,-1.734193,-0.088344,-7.777540,-548.539062,-0.776167,0.000000
22.550001,-0.387253,-548.494629,-0.012258,-0.030613,-0.777572,-1.722587,-0.087753,-7.775720,-548.494629,-0.776011,0.000000
22.560001,-0.376083,-548.494629,-0.012301,-0.030603,-0.777312,-1.672902,-0.085222,-7.773118,-548.494629,-0.775837,0.000000
22.570002,-0.366409,-548.539062,-0.012253,-0.030592,-0.777026,-1.629870,-0.083030,-7.770256,-548.539062,-0.775664,0.000000
22.580002,-0.346298,-548.450134,-0.012284,-0.030583,-0.776817,-1.540411,-0.078472,-7.768174,-548.450134,-0.775508,0.000000
22.590000,-0.338104,-548.539062,-0.012305,-0.030577,-0.776661,-1.503963,-0.076616,-7.766613,-548.539062,-0.775334,0.000000
22.600000,-0.323578,-548.450134,-0.012305,-0.030570,-0.776488,-1.439346,-0.073324,-7.764879,-548.450134,-0.775161,0.000000
22.610001,-0.331772,-548.450134,-0.012309,-0.030565,-0.776358,-1.475795,-0.075181,-7.763578,-548.450134,-0.775005,0.000000
22.620001,-0.342209,-548.494629,-0.012322,-0.030560,-0.776236,-1.522221,-0.077546,-7.762364,-548.494629,-0.774831,0.000000
22.630001,-0.348160,-548.450134,-0.012322,-0.030555,-0.776106,-1.548692,-0.078894,-7.761064,-548.450134,-0.774675,0.000000
22.640001,-0.350769,-548.583557,-0.012314,-0.030549,-0.775933,-1.560299,-0.079485,-7.759329,-548.583557,-0.774502,0.000000
22.650002,-0.342209,-548.539062,-0.012305,-0.030541,-0.775742,-1.522221,-0.077546,-7.757421,-548.539062,-0.774329,0.000000
22.660002,-0.344437,-548.539062,-0.012253,-0.030534,-0.775551,-1.532131,-0.078050,-7.755513,-548.539062,-0.774172,0.000000
22.670002,-0.344803,-548.583557,-0.012236,-0.030527,-0.775386,-1.533760,-0.078133,-7.753865,-548.583557,-0.773999,0.000000
22.680000,-0.357101,-548.405640,-0.012197,-0.030520,-0.775196,-1.588467,-0.080920,-7.751957,-548.405640,-0.773843,0.000000
22.690001,-0.369385,-548.583557,-0.012232,-0.030512,-0.774996,-1.643106,-0.083704,-7.749963,-548.583557,-0.773669,0.000000
22.700001,-0.376831,-548.494629,-0.012245,-0.030505,-0.774831,-1.676228,-0.085391,-7.748315,-548.494629,-0.773496,0.000000
22.710001,-0.378326,-548.494629,-0.012206,-0.030500,-0.774693,-1.682880,-0.085730,-7.746927,-548.494629,-0.773340,0.000000
22.720001,-0.382050,-548.583557,-0.012219,-0.030494,-0.774545,-1.699441,-0.086574,-7.745453,-548.583557,-0.773166,0.000000
22.730001,-0.372360,-548.450134,-0.012245,-0.030487,-0.774372,-1.656341,-0.084378,-7.743719,-548.450134,-0.773010,0.000000
22.740002,-0.384277,-548.539062,-0.012219,-0.030478,-0.774138,-1.709351,-0.087078,-7.741377,-548.539062,-0.772837,0.000000
22.750002,-0.376083,-548.494629,-0.012176,-0.030468,-0.773886,-1.672902,-0.085222,-7.738862,-548.494629,-0.772663,0.000000
22.760000,-0.333267,-548.494629,-0.012189,-0.030462,-0.773739,-1.482447,-0.075519,-7.737388,-548.494629,-0.772507,0.000000
22.770000,-0.328430,-548.583557,-0.012219,-0.030460,-0.773678,-1.460930,-0.074423,-7.736781,-548.583557,-0.772334,0.000000
22.780001,-0.336243,-548.405640,-0.012236,-0.030457,-0.773600,-1.495682,-0.076194,-7.736000,-548.405640,-0.772178,0.000000
22.790001,-0.328796,-548.583557,-0.012236,-0.030452,-0.773487,-1.462559,-0.074506,-7.734873,-548.583557,-0.772004,0.000000
22.800001,-0.326187,-548.494629,-0.012271,-0.030444,-0.773288,-1.450953,-0.073915,-7.732878,-548.494629,-0.771831,0.000000
22.810001,-0.325073,-548.450134,-0.012288,-0.030435,-0.773054,-1.445998,-0.073663,-7.730537,-548.450134,-0.771675,0.000000
22.820002,-0.321350,-548.583557,-0.012318,-0.030426,-0.772811,-1.429437,-0.072819,-7.728109,-548.583557,-0.771501,0.000000
22.830002,-0.324326,-548.405640,-0.012253,-0.030418,-0.772620,-1.442672,-0.073493,-7.726201,-548.405640,-0.771345,0.000000
22.840000,-0.325439,-548.539062,-0.012215,-0.030413,-0.772490,-1.447627,-0.073746,-7.724900,-548.539062,-0.771172,0.000000
22.850000,-0.329910,-548.539062,-0.012202,-0.030409,-0.772386,-1.467514,-0.074759,-7.723859,-548.539062,-0.770998,0.000000
22.860001,-0.331039,-548.450134,-0.012219,-0.030404,-0.772273,-1.472537,-0.075015,-7.722732,-548.450134,-0.770842,0.000000
22.870001,-0.325821,-548.539062,-0.012227,-0.030397,-0.772082,-1.449324,-0.073832,-7.720824,-548.539062,-0.770669,0.000000
22.880001,-0.339218,-548.450134,-0.012240,-0.030388,-0.771848,-1.508918,-0.076868,-7.718482,-548.450134,-0.770513,0.000000
22.890001,-0.349274,-548.539062,-0.012266,-0.030380,-0.771649,-1.553647,-0.079147,-7.716488,-548.539062,-0.770339,0.000000
22.900002,-0.342941,-548.494629,-0.012301,-0.030374,-0.771493,-1.525479,-0.077712,-7.714927,-548.494629,-0.770166,0.000000
22.910002,-0.355240,-548.494629,-0.012314,-0.030369,-0.771371,-1.580186,-0.080499,-7.713712,-548.494629,-0.770010,0.000000
22.920002,-0.358582,-548.583557,-0.012305,-0.030364,-0.771250,-1.595050,-0.081256,-7.712499,-548.583557,-0.769836,0.000000
22.930000,-0.358215,-548.539062,-0.012292,-0.030358,-0.771085,-1.593421,-0.081173,-7.710851,-548.539062,-0.769680,0.000000
22.940001,-0.339218,-548.583557,-0.012266,-0.030351,-0.770903,-1.508918,-0.076868,-7.709030,-548.583557,-0.769507,0.000000
22.950001,-0.336243,-548.450134,-0.012258,-0.030342,-0.770695,-1.495682,-0.076194,-7.706948,-548.450134,-0.769333,0.000000
22.960001,-0.328049,-548.450134,-0.012202,-0.030335,-0.770513,-1.459234,-0.074337,-7.705127,-548.450134,-0.769177,0.000000
22.970001,-0.335129,-548.583557,-0.012184,-0.030329,-0.770357,-1.490727,-0.075941,-7.703566,-548.583557,-0.769004,0.000000
22.980001,-0.333633,-548.494629,-0.012171,-0.030324,-0.770218,-1.484076,-0.075602,-7.702178,-548.494629,-0.768848,0.000000
22.990002,-0.322845,-548.583557,-0.012154,-0.030317,-0.770053,-1.436088,-0.073158,-7.700531,-548.583557,-0.768674,0.000000
23.000002,-0.316132,-548.539062,-0.012197,-0.030309,-0.769845,-1.406224,-0.071636,-7.698450,-548.539062,-0.768501,0.000000
23.010000,-0.328430,-548.494629,-0.012202,-0.030299,-0.769593,-1.460930,-0.074423,-7.695934,-548.494629,-0.768345,0.000000
23.020000,-0.326569,-548.539062,-0.012275,-0.030291,-0.769403,-1.452650,-0.074001,-7.694027,-548.539062,-0.768171,0.000000
23.030001,-0.327682,-548.450134,-0.012279,-0.030286,-0.769255,-1.457605,-0.074254,-7.692553,-548.450134,-0.767998,0.000000
23.040001,-0.347046,-548.583557,-0.012258,-0.030279,-0.769099,-1.543737,-0.078642,-7.690991,-548.583557,-0.767842,0.000000
23.050001,-0.341080,-548.539062,-0.012271,-0.030272,-0.768917,-1.517198,-0.077290,-7.689170,-548.539062,-0.767668,0.000000
23.060001,-0.348907,-548.450134,-0.012236,-0.030265,-0.768744,-1.552018,-0.079064,-7.687436,-548.450134,-0.767512,0.000000
23.070002,-0.354858,-548.583557,-0.012249,-0.030259,-0.768570,-1.578489,-0.080412,-7.685701,-548.583557,-0.767339,0.000000
23.080002,-0.347046,-548.494629,-0.012202,-0.030253,-0.768423,-1.543737,-0.078642,-7.684227,-548.494629,-0.767165,0.000000
23.090000,-0.363052,-548.583557,-0.012327,-0.030246,-0.768249,-1.614938,-0.082269,-7.682493,-548.583557,-0.767009,0.000000
23.100000,-0.359711,-548.539062,-0.012305,-0.030241,-0.768111,-1.600073,-0.081512,-7.681105,-548.539062,-0.766836,0.000000
23.110001,-0.355988,-548.539062,-0.012275,-0.030236,-0.767989,-1.583512,-0.080668,-7.679891,-548.539062,-0.766680,0.000000
23.120001,-0.357468,-548.583557,-0.012292,-0.030232,-0.767894,-1.590096,-0.081003,-7.678937,-548.583557,-0.766506,0.000000
23.130001,-0.341080,-548.539062,-0.012271,-0.030229,-0.767807,-1.517198,-0.077290,-7.678070,-548.539062,-0.766333,0.000000
23.140001,-0.341461,-548.583557,-0.012275,-0.030223,-0.767660,-1.518895,-0.077376,-7.676595,-548.583557,-0.766177,0.000000
23.150002,-0.339218,-548.494629,-0.012279,-0.030214,-0.767425,-1.508918,-0.076868,-7.674254,-548.494629,-0.766003,0.000000
23.160002,-0.320236,-548.494629,-0.012271,-0.030203,-0.767157,-1.424482,-0.072567,-7.671565,-548.494629,-0.765847,0.000000
23.170002,-0.322098,-548.628052,-0.012296,-0.030194,-0.766940,-1.432763,-0.072988,-7.669397,-548.628052,-0.765674,0.000000
23.180000,-0.313538,-548.494629,-0.012249,-0.030188,-0.766766,-1.394685,-0.071049,-7.667663,-548.494629,-0.765500,0.000000
23.190001,-0.313904,-548.583557,-0.012258,-0.030178,-0.766523,-1.396314,-0.071132,-7.665235,-548.583557,-0.765344,0.000000
23.200001,-0.316513,-548.450134,-0.012253,-0.030169,-0.766289,-1.407920,-0.071723,-7.662893,-548.450134,-0.765171,0.000000
23.210001,-0.297516,-548.494629,-0.012158,-0.030163,-0.766133,-1.323417,-0.067418,-7.661332,-548.494629,-0.765014,0.000000
23.220001,-0.300873,-548.583557,-0.012197,-0.030157,-0.765986,-1.338349,-0.068179,-7.659858,-548.583557,-0.764841,0.000000
23.230001,-0.306458,-548.450134,-0.012262,-0.030150,-0.765812,-1.363191,-0.069444,-7.658123,-548.450134,-0.764668,0.000000
23.240002,-0.309799,-548.494629,-0.012232,-0.030143,-0.765639,-1.378056,-0.070202,-7.656389,-548.494629,-0.764511,0.000000
23.250002,-0.320984,-548.539062,-0.012236,-0.030137,-0.765474,-1.427808,-0.072736,-7.654741,-548.539062,-0.764338,0.000000
23.260000,-0.333267,-548.450134,-0.012258,-0.030130,-0.765309,-1.482447,-0.075519,-7.653093,-548.450134,-0.764182,0.000000
23.270000,-0.345932,-548.583557,-0.012271,-0.030124,-0.765153,-1.538782,-0.078389,-7.651533,-548.583557,-0.764009,0.000000
23.280001,-0.344070,-548.494629,-0.012253,-0.030117,-0.764980,-1.530502,-0.077967,-7.649798,-548.494629,-0.763835,0.000000
23.290001,-0.339218,-548.628052,-0.012314,-0.030112,-0.764850,-1.508918,-0.076868,-7.648497,-548.628052,-0.763679,0.000000
23.300001,-0.335129,-548.450134,-0.012296,-0.030108,-0.764737,-1.490727,-0.075941,-7.647370,-548.450134,-0.763506,0.000000
23.310001,-0.339218,-548.494629,-0.012258,-0.030103,-0.764624,-1.508918,-0.076868,-7.646243,-548.494629,-0.763349,0.000000
23.320002,-0.342941,-548.583557,-0.012189,-0.030096,-0.764451,-1.525479,-0.077712,-7.644508,-548.583557,-0.763176,0.000000
23.330002,-0.322464,-548.450134,-0.012215,-0.030089,-0.764251,-1.434391,-0.073071,-7.642513,-548.450134,-0.763003,0.000000
23.340002,-0.320984,-548.583557,-0.012206,-0.030082,-0.764087,-1.427808,-0.072736,-7.640865,-548.583557,-0.762846,0.000000
23.350000,-0.324707,-548.539062,-0.012240,-0.030076,-0.763930,-1.444369,-0.073580,-7.639305,-548.539062,-0.762673,0.000000
23.360001,-0.320236,-548.494629,-0.012210,-0.030071,-0.763800,-1.424482,-0.072567,-7.638004,-548.494629,-0.762517,0.000000
23.370001,-0.304596,-548.628052,-0.012184,-0.030066,-0.763670,-1.354910,-0.069022,-7.636703,-548.628052,-0.762343,0.000000
23.380001,-0.293045,-548.539062,-0.012167,-0.030060,-0.763523,-1.303530,-0.066405,-7.635229,-548.539062,-0.762170,0.000000
23.390001,-0.304214,-548.494629,-0.012206,-0.030053,-0.763349,-1.353214,-0.068936,-7.633494,-548.494629,-0.762014,0.000000
23.400002,-0.304596,-548.583557,-0.012215,-0.030045,-0.763150,-1.354910,-0.069022,-7.631500,-548.583557,-0.761840,0.000000
23.410002,-0.299011,-548.494629,-0.012197,-0.030037,-0.762933,-1.330068,-0.067757,-7.629332,-548.494629,-0.761667,0.000000
23.420002,-0.304214,-548.583557,-0.012197,-0.030029,-0.762742,-1.353214,-0.068936,-7.627423,-548.583557,-0.761511,0.000000
23.430000,-0.295654,-548.450134,-0.012210,-0.030022,-0.762560,-1.315136,-0.066996,-7.625602,-548.450134,-0.761337,0.000000
23.440001,-0.307205,-548.494629,-0.012193,-0.030015,-0.762378,-1.366517,-0.069614,-7.623781,-548.494629,-0.761181,0.000000
23.450001,-0.321716,-548.494629,-0.012202,-0.030008,-0.762213,-1.431066,-0.072902,-7.622134,-548.494629,-0.761008,0.000000
23.460001,-0.341080,-548.494629,-0.012202,-0.030003,-0.762083,-1.517198,-0.077290,-7.620833,-548.494629,-0.760834,0.000000
23.470001,-0.340347,-548.583557,-0.012189,-0.029998,-0.761962,-1.513940,-0.077124,-7.619618,-548.583557,-0.760678,0.000000
23.480001,-0.333633,-548.450134,-0.012158,-0.029994,-0.761858,-1.484076,-0.075602,-7.618578,-548.450134,-0.760505,0.000000
23.490002,-0.344803,-548.583557,-0.012202,-0.029990,-0.761736,-1.533760,-0.078133,-7.617363,-548.583557,-0.760349,0.000000
23.500002,-0.346664,-548.539062,-0.012197,-0.029984,-0.761589,-1.542040,-0.078555,-7.615890,-548.539062,-0.760175,0.000000
23.510000,-0.335495,-548.450134,-0.012210,-0.029977,-0.761415,-1.492356,-0.076024,-7.614155,-548.450134,-0.760002,0.000000
23.520000,-0.319855,-548.583557,-0.012240,-0.029969,-0.761216,-1.422785,-0.072480,-7.612160,-548.583557,-0.759846,0.000000
23.530001,-0.320602,-548.494629,-0.012227,-0.029960,-0.760991,-1.426111,-0.072650,-7.609906,-548.494629,-0.759672,0.000000
23.540001,-0.332520,-548.583557,-0.012180,-0.029952,-0.760782,-1.479121,-0.075350,-7.607824,-548.583557,-0.759516,0.000000
23.550001,-0.324326,-548.539062,-0.012215,-0.029946,-0.760635,-1.442672,-0.073493,-7.606350,-548.539062,-0.759343,0.000000
23.560001,-0.315399,-548.539062,-0.012262,-0.029942,-0.760531,-1.402966,-0.071470,-7.605309,-548.539062,-0.759169,0.000000
23.570002,-0.313156,-548.628052,-0.012262,-0.029938,-0.760418,-1.392988,-0.070962,-7.604182,-548.628052,-0.759013,0.000000
23.580002,-0.311676,-548.405640,-0.012202,-0.029932,-0.760279,-1.386404,-0.070627,-7.602795,-548.405640,-0.758840,0.000000
23.590002,-0.310928,-548.583557,-0.012193,-0.029927,-0.760141,-1.383078,-0.070457,-7.601407,-548.583557,-0.758684,0.000000
23.600000,-0.306824,-548.583557,-0.012197,-0.029921,-0.760002,-1.364820,-0.069527,-7.600019,-548.583557,-0.758510,0.000000
23.610001,-0.310547,-548.494629,-0.012219,-0.029915,-0.759846,-1.381382,-0.070371,-7.598458,-548.494629,-0.758337,0.000000
23.620001,-0.312042,-548.628052,-0.012189,-0.029907,-0.759629,-1.388033,-0.070710,-7.596290,-548.628052,-0.758181,0.000000
23.630001,-0.314270,-548.450134,-0.012154,-0.029897,-0.759386,-1.397943,-0.071215,-7.593862,-548.450134,-0.758007,0.000000
23.640001,-0.314651,-548.628052,-0.012215,-0.029888,-0.759152,-1.399640,-0.071301,-7.591520,-548.628052,-0.757851,0.000000
23.650002,-0.325821,-548.494629,-0.012236,-0.029881,-0.758979,-1.449324,-0.073832,-7.589786,-548.494629,-0.757678,0.000000
23.660002,-0.341461,-548.450134,-0.012284,-0.029874,-0.758797,-1.518895,-0.077376,-7.587965,-548.450134,-0.757504,0.000000
23.670002,-0.346664,-548.583557,-0.012271,-0.029867,-0.758614,-1.542040,-0.078555,-7.586144,-548.583557,-0.757348,0.000000
23.680000,-0.344070,-548.450134,-0.012288,-0.029860,-0.758450,-1.530502,-0.077967,-7.584496,-548.450134,-0.757175,0.000000
23.690001,-0.349274,-548.583557,-0.012253,-0.029855,-0.758319,-1.553647,-0.079147,-7.583195,-548.583557,-0.757019,0.000000
23.700001,-0.332153,-548.539062,-0.012262,-0.029850,-0.758189,-1.477492,-0.075267,-7.581894,-548.539062,-0.756845,0.000000
23.710001,-0.335495,-548.539062,-0.012309,-0.029844,-0.758042,-1.492356,-0.076024,-7.580420,-548.539062,-0.756672,0.000000
23.720001,-0.338486,-548.539062,-0.012335,-0.029837,-0.757869,-1.505660,-0.076702,-7.578686,-548.539062,-0.756516,0.000000
23.730001,-0.328049,-548.494629,-0.012305,-0.029829,-0.757660,-1.459234,-0.074337,-7.576604,-548.494629,-0.756342,0.000000
23.740002,-0.326935,-548.539062,-0.012288,-0.029822,-0.757478,-1.454279,-0.074084,-7.574783,-548.539062,-0.756186,0.000000
23.750002,-0.332520,-548.539062,-0.012314,-0.029817,-0.757340,-1.479121,-0.075350,-7.573396,-548.539062,-0.756013,0.000000
23.760000,-0.327682,-548.494629,-0.012296,-0.029811,-0.757192,-1.457605,-0.074254,-7.571921,-548.494629,-0.755839,0.000000
23.770000,-0.321350,-548.583557,-0.012284,-0.029805,-0.757053,-1.429437,-0.072819,-7.570534,-548.583557,-0.755683,0.000000
23.780001,-0.316513,-548.405640,-0.012292,-0.029799,-0.756897,-1.407920,-0.071723,-7.568973,-548.405640,-0.755510,0.000000
23.790001,-0.320602,-548.628052,-0.012275,-0.029793,-0.756750,-1.426111,-0.072650,-7.567498,-548.628052,-0.755336,0.000000
23.800001,-0.325821,-548.494629,-0.012292,-0.029787,-0.756585,-1.449324,-0.073832,-7.565851,-548.494629,-0.755180,0.000000
23.810001,-0.323959,-548.583557,-0.012189,-0.029781,-0.756446,-1.441043,-0.073410,-7.564463,-548.583557,-0.755007,0.000000
23.820002,-0.321716,-548.628052,-0.012232,-0.029774,-0.756256,-1.431066,-0.072902,-7.562555,-548.628052,-0.754851,0.000000
23.830002,-0.335129,-548.450134,-0.012163,-0.029763,-0.755978,-1.490727,-0.075941,-7.559780,-548.450134,-0.754677,0.000000
23.840002,-0.342575,-548.583557,-0.012180,-0.029752,-0.755700,-1.523850,-0.077629,-7.557005,-548.583557,-0.754504,0.000000
23.850000,-0.360825,-548.583557,-0.012193,-0.029744,-0.755492,-1.605028,-0.081764,-7.554924,-548.583557,-0.754348,0.000000
23.860001,-0.342575,-548.539062,-0.012189,-0.029738,-0.755354,-1.523850,-0.077629,-7.553536,-548.539062,-0.754174,0.000000
23.870001,-0.359329,-548.628052,-0.012189,-0.029735,-0.755258,-1.598376,-0.081425,-7.552582,-548.628052,-0.754018,0.000000
23.880001,-0.366028,-548.539062,-0.012215,-0.029731,-0.755171,-1.628173,-0.082943,-7.551715,-548.539062,-0.753845,0.000000
23.890001,-0.363052,-548.583557,-0.012219,-0.029728,-0.755093,-1.614938,-0.082269,-7.550934,-548.583557,-0.753671,0.000000
23.900002,-0.361938,-548.539062,-0.012284,-0.029723,-0.754972,-1.609983,-0.082016,-7.549720,-548.539062,-0.753515,0.000000
23.910002,-0.363052,-548.539062,-0.012249,-0.029715,-0.754764,-1.614938,-0.082269,-7.547639,-548.539062,-0.753342,0.000000
23.920002,-0.350021,-548.539062,-0.012249,-0.029706,-0.754538,-1.556973,-0.079316,-7.545384,-548.539062,-0.753186,0.000000
23.930000,-0.339600,-548.494629,-0.012292,-0.029699,-0.754356,-1.510615,-0.076954,-7.543563,-548.494629,-0.753012,0.000000
23.940001,-0.354492,-548.583557,-0.012309,-0.029692,-0.754174,-1.576860,-0.080329,-7.541742,-548.583557,-0.752839,0.000000
23.950001,-0.347412,-548.539062,-0.012279,-0.029686,-0.754027,-1.545366,-0.078725,-7.540268,-548.539062,-0.752683,0.000000
23.960001,-0.341827,-548.494629,-0.012253,-0.029681,-0.753897,-1.520524,-0.077459,-7.538967,-548.494629,-0.752509,0.000000
23.970001,-0.335129,-548.628052,-0.012275,-0.029676,-0.753775,-1.490727,-0.075941,-7.537753,-548.628052,-0.752353,0.000000
23.980001,-0.333633,-548.450134,-0.012296,-0.029672,-0.753680,-1.484076,-0.075602,-7.536798,-548.450134,-0.752180,0.000000
23.990002,-0.344803,-548.583557,-0.012240,-0.029669,-0.753593,-1.533760,-0.078133,-7.535931,-548.583557,-0.752006,0.000000
24.000002,-0.343323,-548.539062,-0.012331,-0.029665,-0.753489,-1.527176,-0.077798,-7.534891,-548.539062,-0.751850,0.000000
24.010000,-0.347794,-548.494629,-0.012292,-0.029657,-0.753298,-1.547063,-0.078811,-7.532983,-548.494629,-0.751677,0.000000
24.020000,-0.351135,-548.628052,-0.012292,-0.029647,-0.753029,-1.561928,-0.079568,-7.530294,-548.628052,-0.751520,0.000000
24.030001,-0.350769,-548.494629,-0.012266,-0.029636,-0.752752,-1.560299,-0.079485,-7.527519,-548.494629,-0.751347,0.000000
24.040001,-0.341827,-548.583557,-0.012232,-0.029626,-0.752509,-1.520524,-0.077459,-7.525091,-548.583557,-0.751174,0.000000
24.050001,-0.354492,-548.583557,-0.012193,-0.029619,-0.752318,-1.576860,-0.080329,-7.523183,-548.583557,-0.751018,0.000000
24.060001,-0.350403,-548.539062,-0.012176,-0.029614,-0.752197,-1.558670,-0.079402,-7.521969,-548.539062,-0.750844,0.000000
24.070002,-0.356354,-548.628052,-0.012193,-0.029610,-0.752101,-1.585141,-0.080751,-7.521015,-548.628052,-0.750688,0.000000
24.080002,-0.359711,-548.494629,-0.012219,-0.029606,-0.751997,-1.600073,-0.081512,-7.519975,-548.494629,-0.750514,0.000000
24.090002,-0.357849,-548.583557,-0.012171,-0.029602,-0.751885,-1.591792,-0.081090,-7.518847,-548.583557,-0.750341,0.000000
24.100000,-0.356354,-548.583557,-0.012180,-0.029597,-0.751772,-1.585141,-0.080751,-7.517720,-548.583557,-0.750185,0.000000
24.110001,-0.353745,-548.494629,-0.012189,-0.029591,-0.751616,-1.573534,-0.080160,-7.516159,-548.494629,-0.750011,0.000000
24.120001,-0.344070,-548.583557,-0.012262,-0.029586,-0.751477,-1.530502,-0.077967,-7.514771,-548.583557,-0.749855,0.000000
24.130001,-0.349274,-548.494629,-0.012253,-0.029579,-0.751304,-1.553647,-0.079147,-7.513037,-548.494629,-0.749682,0.000000
24.140001,-0.341461,-548.628052,-0.012309,-0.029570,-0.751069,-1.518895,-0.077376,-7.510695,-548.628052,-0.749509,0.000000
24.150002,-0.349274,-548.539062,-0.012292,-0.029559,-0.750792,-1.553647,-0.079147,-7.507920,-548.539062,-0.749352,0.000000
24.160002,-0.332153,-548.539062,-0.012301,-0.029548,-0.750514,-1.477492,-0.075267,-7.505145,-548.539062,-0.749179,0.000000
24.170002,-0.326935,-548.628052,-0.012331,-0.029539,-0.750298,-1.454279,-0.074084,-7.502976,-548.628052,-0.749005,0.000000
24.180000,-0.339600,-548.450134,-0.012318,-0.029533,-0.750142,-1.510615,-0.076954,-7.501416,-548.450134,-0.748849,0.000000
24.190001,-0.346298,-548.583557,-0.012262,-0.029528,-0.750011,-1.540411,-0.078472,-7.500115,-548.583557,-0.748676,0.000000
24.200001,-0.348907,-548.583557,-0.012249,-0.029522,-0.749847,-1.552018,-0.079064,-7.498467,-548.583557,-0.748520,0.000000
24.210001,-0.337357,-548.539062,-0.012215,-0.029515,-0.749673,-1.500637,-0.076446,-7.496733,-548.539062,-0.748346,0.000000
24.220001,-0.344070,-548.583557,-0.012223,-0.029508,-0.749491,-1.530502,-0.077967,-7.494912,-548.583557,-0.748173,0.000000
24.230001,-0.348160,-548.494629,-0.012180,-0.029501,-0.749318,-1.548692,-0.078894,-7.493177,-548.494629,-0.748017,0.000000
24.240002,-0.363800,-548.628052,-0.012184,-0.029496,-0.749205,-1.618263,-0.082438,-7.492050,-548.628052,-0.747843,0.000000
24.250002,-0.376465,-548.583557,-0.012193,-0.029492,-0.749101,-1.674599,-0.085308,-7.491009,-548.583557,-0.747687,0.000000
24.260000,-0.376465,-548.539062,-0.012197,-0.029486,-0.748945,-1.674599,-0.085308,-7.489448,-548.539062,-0.747514,0.000000
24.270000,-0.374603,-548.628052,-0.012184,-0.029480,-0.748780,-1.666319,-0.084886,-7.487801,-548.628052,-0.747340,0.000000
24.280001,-0.347412,-548.450134,-0.012171,-0.029476,-0.748685,-1.545366,-0.078725,-7.486846,-548.450134,-0.747184,0.000000
24.290001,-0.369766,-548.628052,-0.012197,-0.029471,-0.748563,-1.644802,-0.083790,-7.485632,-548.628052,-0.747011,0.000000
24.300001,-0.370132,-548.539062,-0.012210,-0.029466,-0.748424,-1.646431,-0.083873,-7.484245,-548.539062,-0.746855,0.000000
24.310001,-0.360825,-548.494629,-0.012206,-0.029459,-0.748268,-1.605028,-0.081764,-7.482684,-548.494629,-0.746681,0.000000
24.320002,-0.361572,-548.628052,-0.012180,-0.029451,-0.748060,-1.608354,-0.081933,-7.480602,-548.628052,-0.746508,0.000000
24.330002,-0.355606,-548.494629,-0.012215,-0.029442,-0.747817,-1.581815,-0.080581,-7.478174,-548.494629,-0.746352,0.000000
24.340002,-0.345932,-548.583557,-0.012232,-0.029432,-0.747566,-1.538782,-0.078389,-7.475659,-548.583557,-0.746178,0.000000
24.350000,-0.321350,-548.539062,-0.012240,-0.029423,-0.747349,-1.429437,-0.072819,-7.473491,-548.539062,-0.746022,0.000000
24.360001,-0.321716,-548.583557,-0.012240,-0.029417,-0.747202,-1.431066,-0.072902,-7.472017,-548.583557,-0.745849,0.000000
24.370001,-0.336624,-548.672546,-0.012262,-0.029413,-0.747080,-1.497379,-0.076280,-7.470803,-548.672546,-0.745675,0.000000
24.380001,-0.354858,-548.539062,-0.012309,-0.029407,-0.746942,-1.578489,-0.080412,-7.469415,-548.539062,-0.745519,0.000000
24.390001,-0.354126,-548.628052,-0.012266,-0.029402,-0.746803,-1.575231,-0.080246,-7.468028,-548.628052,-0.745346,0.000000
24.400002,-0.354492,-548.583557,-0.012335,-0.029396,-0.746664,-1.576860,-0.080329,-7.466640,-548.583557,-0.745190,0.000000
24.410002,-0.347046,-548.539062,-0.012327,-0.029389,-0.746482,-1.543737,-0.078642,-7.464818,-548.539062,-0.745016,0.000000
24.420002,-0.358582,-548.583557,-0.012284,-0.029380,-0.746256,-1.595050,-0.081256,-7.462564,-548.583557,-0.744843,0.000000
24.430000,-0.354492,-548.539062,-0.012210,-0.029372,-0.746057,-1.576860,-0.080329,-7.460570,-548.539062,-0.744687,0.000000
24.440001,-0.379807,-548.628052,-0.012184,-0.029365,-0.745875,-1.689464,-0.086065,-7.458748,-548.628052,-0.744513,0.000000
24.450001,-0.378693,-548.583557,-0.012167,-0.029360,-0.745736,-1.684509,-0.085813,-7.457361,-548.583557,-0.744357,0.000000
24.460001,-0.375717,-548.539062,-0.012163,-0.029356,-0.745649,-1.671273,-0.085139,-7.456493,-548.539062,-0.744184,0.000000
24.470001,-0.379074,-548.628052,-0.012193,-0.029354,-0.745589,-1.686206,-0.085899,-7.455886,-548.628052,-0.744010,0.000000
24.480001,-0.393967,-548.539062,-0.012223,-0.029349,-0.745467,-1.752451,-0.089274,-7.454672,-548.539062,-0.743854,0.000000
24.490002,-0.388382,-548.583557,-0.012258,-0.029342,-0.745285,-1.727609,-0.088009,-7.452851,-548.583557,-0.743681,0.000000
24.500002,-0.374222,-548.539062,-0.012314,-0.029333,-0.745051,-1.664622,-0.084800,-7.450510,-548.539062,-0.743525,0.000000
24.510000,-0.367523,-548.494629,-0.012279,-0.029322,-0.744791,-1.634825,-0.083282,-7.447908,-548.494629,-0.743351,0.000000
24.520000,-0.356354,-548.583557,-0.012240,-0.029314,-0.744583,-1.585141,-0.080751,-7.445827,-548.583557,-0.743178,0.000000
24.530001,-0.341461,-548.539062,-0.012193,-0.029306,-0.744375,-1.518895,-0.077376,-7.443745,-548.539062,-0.743022,0.000000
24.540001,-0.332520,-548.628052,-0.012193,-0.029298,-0.744166,-1.479121,-0.075350,-7.441664,-548.628052,-0.742848,0.000000
24.550001,-0.337738,-548.583557,-0.012240,-0.029292,-0.744028,-1.502334,-0.076533,-7.440277,-548.583557,-0.742675,0.000000
24.560001,-0.341827,-548.583557,-0.012279,-0.029289,-0.743932,-1.520524,-0.077459,-7.439322,-548.583557,-0.742519,0.000000
24.570002,-0.355988,-548.628052,-0.012275,-0.029284,-0.743811,-1.583512,-0.080668,-7.438108,-548.628052,-0.742345,0.000000
24.580002,-0.353378,-548.494629,-0.012284,-0.029278,-0.743672,-1.571905,-0.080077,-7.436720,-548.494629,-0.742189,0.000000
24.590002,-0.361191,-548.628052,-0.012262,-0.029272,-0.743499,-1.606657,-0.081847,-7.434986,-548.628052,-0.742016,0.000000
24.600000,-0.359711,-548.539062,-0.012262,-0.029263,-0.743273,-1.600073,-0.081512,-7.432731,-548.539062,-0.741842,0.000000
24.610001,-0.347046,-548.583557,-0.012266,-0.029255,-0.743074,-1.543737,-0.078642,-7.430737,-548.583557,-0.741686,0.000000
24.620001,-0.355988,-548.672546,-0.012322,-0.029247,-0.742874,-1.583512,-0.080668,-7.428742,-548.672546,-0.741513,0.000000
24.630001,-0.376831,-548.494629,-0.012296,-0.029240,-0.742683,-1.676228,-0.085391,-7.426835,-548.494629,-0.741357,0.000000
24.640001,-0.388748,-548.583557,-0.012305,-0.029234,-0.742545,-1.729238,-0.088092,-7.425447,-548.583557,-0.741183,0.000000
24.650002,-0.383530,-548.583557,-0.012253,-0.029229,-0.742423,-1.706025,-0.086909,-7.424233,-548.583557,-0.741010,0.000000
24.660002,-0.377945,-548.583557,-0.012223,-0.029226,-0.742345,-1.681183,-0.085644,-7.423452,-548.583557,-0.740854,0.000000
24.670002,-0.389496,-548.583557,-0.012171,-0.029223,-0.742258,-1.732564,-0.088261,-7.422585,-548.583557,-0.740680,0.000000
24.680000,-0.394333,-548.494629,-0.012197,-0.029216,-0.742076,-1.754080,-0.089357,-7.420764,-548.494629,-0.740524,0.000000
24.690001,-0.383530,-548.583557,-0.012202,-0.029206,-0.741825,-1.706025,-0.086909,-7.418249,-548.583557,-0.740351,0.000000
24.700001,-0.354858,-548.494629,-0.012314,-0.029194,-0.741530,-1.578489,-0.080412,-7.415300,-548.494629,-0.740177,0.000000
24.710001,-0.351517,-548.539062,-0.012266,-0.029185,-0.741305,-1.563625,-0.079655,-7.413045,-548.539062,-0.740021,0.000000
24.720001,-0.352997,-548.583557,-0.012232,-0.029179,-0.741140,-1.570208,-0.079990,-7.411398,-548.583557,-0.739848,0.000000
24.730001,-0.336624,-548.494629,-0.012236,-0.029172,-0.740975,-1.497379,-0.076280,-7.409750,-548.494629,-0.739691,0.000000
24.740002,-0.339218,-548.628052,-0.012189,-0.029167,-0.740854,-1.508918,-0.076868,-7.408536,-548.628052,-0.739518,0.000000
24.750002,-0.329544,-548.583557,-0.012167,-0.029164,-0.740758,-1.465885,-0.074676,-7.407582,-548.583557,-0.739345,0.000000
24.760000,-0.348160,-548.583557,-0.012206,-0.029158,-0.740619,-1.548692,-0.078894,-7.406195,-548.583557,-0.739188,0.000000
24.770000,-0.357101,-548.628052,-0.012215,-0.029151,-0.740446,-1.588467,-0.080920,-7.404460,-548.628052,-0.739015,0.000000
24.780001,-0.349274,-548.539062,-0.012167,-0.029144,-0.740247,-1.553647,-0.079147,-7.402465,-548.539062,-0.738859,0.000000
24.790001,-0.351135,-548.628052,-0.012240,-0.029136,-0.740056,-1.561928,-0.079568,-7.400558,-548.628052,-0.738685,0.000000
24.800001,-0.351883,-548.583557,-0.012327,-0.029130,-0.739900,-1.565253,-0.079738,-7.398996,-548.583557,-0.738512,0.000000
24.810001,-0.361191,-548.539062,-0.012314,-0.029123,-0.739735,-1.606657,-0.081847,-7.397349,-548.539062,-0.738356,0.000000
24.820002,-0.364548,-548.672546,-0.012275,-0.029116,-0.739544,-1.621589,-0.082608,-7.395441,-548.672546,-0.738183,0.000000
24.830002,-0.367889,-548.539062,-0.012227,-0.029109,-0.739362,-1.636454,-0.083365,-7.393620,-548.539062,-0.738026,0.000000
24.840002,-0.370499,-548.628052,-0.012215,-0.029103,-0.739206,-1.648060,-0.083956,-7.392059,-548.628052,-0.737853,0.000000
24.850000,-0.375717,-548.539062,-0.012193,-0.029096,-0.739041,-1.671273,-0.085139,-7.390411,-548.539062,-0.737680,0.000000
24.860001,-0.366409,-548.539062,-0.012193,-0.029089,-0.738868,-1.629870,-0.083030,-7.388677,-548.539062,-0.737523,0.000000
24.870001,-0.379440,-548.672546,-0.012197,-0.029080,-0.738634,-1.687835,-0.085982,-7.386335,-548.672546,-0.737350,0.000000
24.880001,-0.367889,-548.539062,-0.012232,-0.029070,-0.738373,-1.636454,-0.083365,-7.383733,-548.539062,-0.737194,0.000000
24.890001,-0.328796,-548.628052,-0.012266,-0.029064,-0.738226,-1.462559,-0.074506,-7.382259,-548.628052,-0.737020,0.000000
24.900002,-0.319855,-548.583557,-0.012258,-0.029062,-0.738165,-1.422785,-0.072480,-7.381652,-548.583557,-0.736847,0.000000
24.910002,-0.334763,-548.583557,-0.012309,-0.029059,-0.738087,-1.489098,-0.075858,-7.380872,-548.583557,-0.736691,0.000000
24.920002,-0.322098,-548.628052,-0.012301,-0.029055,-0.737992,-1.432763,-0.072988,-7.379917,-548.628052,-0.736517,0.000000
24.930000,-0.318375,-548.539062,-0.012284,-0.029048,-0.737810,-1.416201,-0.072145,-7.378096,-548.539062,-0.736344,0.000000
24.940001,-0.321350,-548.583557,-0.012232,-0.029039,-0.737593,-1.429437,-0.072819,-7.375928,-548.583557,-0.736188,0.000000
24.950001,-0.318375,-548.628052,-0.012171,-0.029029,-0.737341,-1.416201,-0.072145,-7.373414,-548.628052,-0.736014,0.000000
24.960001,-0.321716,-548.539062,-0.012275,-0.029022,-0.737159,-1.431066,-0.072902,-7.371592,-548.539062,-0.735858,0.000000
24.970001,-0.328049,-548.628052,-0.012262,-0.029016,-0.737012,-1.459234,-0.074337,-7.370118,-548.628052,-0.735685,0.000000
24.980001,-0.326935,-548.539062,-0.012301,-0.029012,-0.736908,-1.454279,-0.074084,-7.369077,-548.539062,-0.735511,0.000000
24.990002,-0.329910,-548.583557,-0.012305,-0.029008,-0.736804,-1.467514,-0.074759,-7.368037,-548.583557,-0.735355,0.000000
25.000002,-0.319855,-548.539062,-0.012296,-0.029002,-0.736656,-1.422785,-0.072480,-7.366562,-548.539062,-0.735182,0.000000
25.010002,-0.332520,-548.628052,-0.012210,-0.028993,-0.736431,-1.479121,-0.075350,-7.364307,-548.628052,-0.735026,0.000000
25.020000,-0.331406,-548.628052,-0.012193,-0.028984,-0.736197,-1.474166,-0.075098,-7.361966,-548.628052,-0.734852,0.000000
25.030001,-0.335129,-548.494629,-0.012206,-0.028977,-0.736014,-1.490727,-0.075941,-7.360145,-548.494629,-0.734679,0.000000
25.040001,-0.354126,-548.628052,-0.012171,-0.028971,-0.735867,-1.575231,-0.080246,-7.358670,-548.628052,-0.734523,0.000000
25.050001,-0.343689,-548.583557,-0.012227,-0.028966,-0.735746,-1.528805,-0.077881,-7.357456,-548.583557,-0.734349,0.000000
25.060001,-0.335495,-548.583557,-0.012279,-0.028960,-0.735581,-1.492356,-0.076024,-7.355809,-548.583557,-0.734193,0.000000
25.070002,-0.341461,-548.672546,-0.012279,-0.028953,-0.735399,-1.518895,-0.077376,-7.353988,-548.672546,-0.734020,0.000000
25.080002,-0.335495,-548.539062,-0.012223,-0.028945,-0.735191,-1.492356,-0.076024,-7.351906,-548.539062,-0.733846,0.000000
25.090002,-0.323959,-548.628052,-0.012240,-0.028938,-0.735017,-1.441043,-0.073410,-7.350172,-548.628052,-0.733690,0.000000
25.100000,-0.323578,-548.539062,-0.012197,-0.028932,-0.734861,-1.439346,-0.073324,-7.348610,-548.539062,-0.733517,0.000000
25.110001,-0.318375,-548.539062,-0.012193,-0.028926,-0.734731,-1.416201,-0.072145,-7.347310,-548.539062,-0.733361,0.000000
25.120001,-0.313904,-548.628052,-0.012215,-0.028920,-0.734575,-1.396314,-0.071132,-7.345749,-548.628052,-0.733187,0.000000
25.130001,-0.319122,-548.539062,-0.012258,-0.028912,-0.734375,-1.419527,-0.072314,-7.343754,-548.539062,-0.733014,0.000000
25.140001,-0.323578,-548.628052,-0.012249,-0.028903,-0.734133,-1.439346,-0.073324,-7.341326,-548.628052,-0.732858,0.000000
25.150002,-0.333267,-548.583557,-0.012245,-0.028894,-0.733916,-1.482447,-0.075519,-7.339158,-548.583557,-0.732684,0.000000
25.160002,-0.330658,-548.539062,-0.012271,-0.028889,-0.733777,-1.470840,-0.074928,-7.337770,-548.539062,-0.732528,0.000000
25.170002,-0.338852,-548.628052,-0.012288,-0.028883,-0.733621,-1.507289,-0.076785,-7.336209,-548.628052,-0.732355,0.000000
25.180000,-0.327301,-548.450134,-0.012309,-0.028876,-0.733447,-1.455908,-0.074167,-7.334475,-548.450134,-0.732181,0.000000
25.190001,-0.343323,-548.672546,-0.012292,-0.028869,-0.733265,-1.527176,-0.077798,-7.332654,-548.672546,-0.732025,0.000000
25.200001,-0.341461,-548.628052,-0.012314,-0.028862,-0.733101,-1.518895,-0.077376,-7.331006,-548.628052,-0.731852,0.000000
25.210001,-0.358963,-548.583557,-0.012309,-0.028856,-0.732944,-1.596747,-0.081342,-7.329445,-548.583557,-0.731696,0.000000
25.220001,-0.365662,-548.628052,-0.012288,-0.028849,-0.732771,-1.626544,-0.082860,-7.327711,-548.628052,-0.731522,0.000000
25.230001,-0.359711,-548.539062,-0.012318,-0.028843,-0.732615,-1.600073,-0.081512,-7.326149,-548.539062,-0.731349,0.000000
25.240002,-0.356720,-548.672546,-0.012296,-0.028838,-0.732485,-1.586770,-0.080834,-7.324849,-548.672546,-0.731193,0.000000
25.250002,-0.354858,-548.539062,-0.012253,-0.028834,-0.732381,-1.578489,-0.080412,-7.323808,-548.539062,-0.731019,0.000000
25.260002,-0.338486,-548.583557,-0.012215,-0.028831,-0.732303,-1.505660,-0.076702,-7.323028,-548.583557,-0.730863,0.000000
25.270000,-0.339600,-548.717041,-0.012202,-0.028826,-0.732190,-1.510615,-0.076954,-7.321900,-548.717041,-0.730690,0.000000
25.280001,-0.335495,-548.494629,-0.012197,-0.028819,-0.731991,-1.492356,-0.076024,-7.319905,-548.494629,-0.730516,0.000000
25.290001,-0.325821,-548.672546,-0.012171,-0.028809,-0.731739,-1.449324,-0.073832,-7.317390,-548.672546,-0.730360,0.000000
25.300001,-0.318741,-548.583557,-0.012215,-0.028799,-0.731488,-1.417830,-0.072228,-7.314875,-548.583557,-0.730187,0.000000
25.310001,-0.314270,-548.583557,-0.012240,-0.028792,-0.731305,-1.397943,-0.071215,-7.313055,-548.583557,-0.730013,0.000000
25.320002,-0.306076,-548.672546,-0.012335,-0.028783,-0.731089,-1.361494,-0.069358,-7.310886,-548.672546,-0.729857,0.000000
25.330002,-0.307571,-548.494629,-0.012288,-0.028773,-0.730828,-1.368146,-0.069697,-7.308284,-548.494629,-0.729684,0.000000
25.340002,-0.306076,-548.628052,-0.012279,-0.028766,-0.730646,-1.361494,-0.069358,-7.306463,-548.628052,-0.729528,0.000000
25.350000,-0.315018,-548.539062,-0.012275,-0.028759,-0.730490,-1.401269,-0.071384,-7.304903,-548.539062,-0.729354,0.000000
25.360001,-0.308319,-548.539062,-0.012292,-0.028753,-0.730317,-1.371472,-0.069866,-7.303168,-548.539062,-0.729181,0.000000
25.370001,-0.303101,-548.672546,-0.012305,-0.028746,-0.730152,-1.348259,-0.068684,-7.301520,-548.672546,-0.729025,0.000000
25.380001,-0.300873,-548.539062,-0.012262,-0.028740,-0.729996,-1.338349,-0.068179,-7.299959,-548.539062,-0.728851,0.000000
25.390001,-0.332153,-548.628052,-0.012215,-0.028734,-0.729840,-1.477492,-0.075267,-7.298398,-548.628052,-0.728695,0.000000
25.400002,-0.341080,-548.539062,-0.012154,-0.028728,-0.729692,-1.517198,-0.077290,-7.296924,-548.539062,-0.728522,0.000000
25.410002,-0.344803,-548.583557,-0.012171,-0.028722,-0.729528,-1.533760,-0.078133,-7.295276,-548.583557,-0.728348,0.000000
25.420002,-0.335876,-548.628052,-0.012193,-0.028715,-0.729372,-1.494053,-0.076111,-7.293715,-548.628052,-0.728192,0.000000
25.430000,-0.332901,-548.494629,-0.012206,-0.028710,-0.729241,-1.480818,-0.075436,-7.292414,-548.494629,-0.728019,0.000000
25.440001,-0.340347,-548.672546,-0.012249,-0.028706,-0.729129,-1.513940,-0.077124,-7.291287,-548.672546,-0.727863,0.000000
25.450001,-0.337357,-548.583557,-0.012253,-0.028699,-0.728964,-1.500637,-0.076446,-7.289639,-548.583557,-0.727689,0.000000
25.460001,-0.336243,-548.494629,-0.012305,-0.028692,-0.728782,-1.495682,-0.076194,-7.287818,-548.494629,-0.727516,0.000000
25.470001,-0.328796,-548.628052,-0.012258,-0.028685,-0.728608,-1.462559,-0.074506,-7.286084,-548.628052,-0.727360,0.000000
25.480001,-0.328796,-548.583557,-0.012309,-0.028679,-0.728452,-1.462559,-0.074506,-7.284523,-548.583557,-0.727186,0.000000
25.490002,-0.327682,-548.672546,-0.012245,-0.028674,-0.728314,-1.457605,-0.074254,-7.283135,-548.672546,-0.727030,0.000000
25.500002,-0.314651,-548.628052,-0.012284,-0.028669,-0.728201,-1.399640,-0.071301,-7.282008,-548.628052,-0.726857,0.000000
25.510002,-0.298630,-548.583557,-0.012249,-0.028664,-0.728071,-1.328372,-0.067670,-7.280707,-548.583557,-0.726683,0.000000
25.520000,-0.294174,-548.672546,-0.012262,-0.028657,-0.727889,-1.308552,-0.066661,-7.278886,-548.672546,-0.726527,0.000000
25.530001,-0.288574,-548.583557,-0.012240,-0.028650,-0.727698,-1.283642,-0.065392,-7.276978,-548.583557,-0.726354,0.000000
25.540001,-0.299011,-548.672546,-0.012215,-0.028641,-0.727481,-1.330068,-0.067757,-7.274810,-548.672546,-0.726197,0.000000
25.550001,-0.315399,-548.628052,-0.012210,-0.028633,-0.727290,-1.402966,-0.071470,-7.272902,-548.628052,-0.726024,0.000000
25.560001,-0.303482,-548.583557,-0.012158,-0.028627,-0.727117,-1.349956,-0.068770,-7.271167,-548.583557,-0.725851,0.000000
25.570002,-0.308319,-548.672546,-0.012219,-0.028619,-0.726926,-1.371472,-0.069866,-7.269259,-548.672546,-0.725694,0.000000
25.580002,-0.323212,-548.539062,-0.012249,-0.028613,-0.726761,-1.437717,-0.073241,-7.267612,-548.539062,-0.725521,0.000000
25.590002,-0.341827,-548.672546,-0.012197,-0.028607,-0.726614,-1.520524,-0.077459,-7.266137,-548.672546,-0.725365,0.000000
25.600000,-0.351883,-548.628052,-0.012197,-0.028602,-0.726492,-1.565253,-0.079738,-7.264923,-548.628052,-0.725191,0.000000
25.610001,-0.341461,-548.539062,-0.012163,-0.028598,-0.726380,-1.518895,-0.077376,-7.263796,-548.539062,-0.725018,0.000000
25.620001,-0.343689,-548.717041,-0.012210,-0.028593,-0.726250,-1.528805,-0.077881,-7.262495,-548.717041,-0.724862,0.000000
25.630001,-0.341827,-548.628052,-0.012206,-0.028587,-0.726102,-1.520524,-0.077459,-7.261021,-548.628052,-0.724688,0.000000
25.640001,-0.336624,-548.672546,-0.012215,-0.028580,-0.725929,-1.497379,-0.076280,-7.259286,-548.672546,-0.724532,0.000000
25.650002,-0.331406,-548.539062,-0.012223,-0.028572,-0.725738,-1.474166,-0.075098,-7.257379,-548.539062,-0.724359,0.000000
25.660002,-0.327301,-548.628052,-0.012223,-0.028563,-0.725512,-1.455908,-0.074167,-7.255124,-548.628052,-0.724186,0.000000
25.670002,-0.329544,-548.717041,-0.012245,-0.028555,-0.725304,-1.465885,-0.074676,-7.253043,-548.717041,-0.724029,0.000000
25.680000,-0.327682,-548.539062,-0.012240,-0.028548,-0.725131,-1.457605,-0.074254,-7.251308,-548.539062,-0.723856,0.000000
25.690001,-0.311676,-548.672546,-0.012210,-0.028544,-0.725009,-1.386404,-0.070627,-7.250093,-548.672546,-0.723683,0.000000
25.700001,-0.301987,-548.583557,-0.012266,-0.028539,-0.724897,-1.343304,-0.068431,-7.248967,-548.583557,-0.723526,0.000000
25.710001,-0.303848,-548.539062,-0.012279,-0.028533,-0.724749,-1.351585,-0.068853,-7.247492,-548.539062,-0.723353,0.000000
25.720001,-0.306824,-548.672546,-0.012318,-0.028528,-0.724619,-1.364820,-0.069527,-7.246192,-548.672546,-0.723197,0.000000
25.730001,-0.301987,-548.539062,-0.012279,-0.028524,-0.724498,-1.343304,-0.068431,-7.244977,-548.539062,-0.723023,0.000000
25.740002,-0.314270,-548.628052,-0.012275,-0.028518,-0.724350,-1.397943,-0.071215,-7.243503,-548.628052,-0.722850,0.000000
25.750002,-0.312042,-548.583557,-0.012232,-0.028510,-0.724151,-1.388033,-0.070710,-7.241508,-548.583557,-0.722694,0.000000
25.760002,-0.312408,-548.583557,-0.012210,-0.028500,-0.723891,-1.389662,-0.070793,-7.238906,-548.583557,-0.722520,0.000000
25.770000,-0.307571,-548.672546,-0.012240,-0.028490,-0.723648,-1.368146,-0.069697,-7.236478,-548.672546,-0.722364,0.000000
25.780001,-0.319122,-548.539062,-0.012262,-0.028483,-0.723466,-1.419527,-0.072314,-7.234657,-548.539062,-0.722191,0.000000
25.790001,-0.346298,-548.672546,-0.012249,-0.028476,-0.723301,-1.540411,-0.078472,-7.233009,-548.672546,-0.722017,0.000000
25.800001,-0.340714,-548.583557,-0.012288,-0.028470,-0.723136,-1.515569,-0.077207,-7.231362,-548.583557,-0.721861,0.000000
25.810001,-0.345184,-548.628052,-0.012249,-0.028463,-0.722971,-1.535457,-0.078220,-7.229714,-548.628052,-0.721688,0.000000
25.820002,-0.345932,-548.672546,-0.012232,-0.028458,-0.722833,-1.538782,-0.078389,-7.228327,-548.672546,-0.721532,0.000000
25.830002,-0.333267,-548.494629,-0.012262,-0.028453,-0.722703,-1.482447,-0.075519,-7.227026,-548.494629,-0.721358,0.000000
25.840002,-0.329544,-548.628052,-0.012309,-0.028447,-0.722555,-1.465885,-0.074676,-7.225551,-548.628052,-0.721185,0.000000
25.850000,-0.326935,-548.628052,-0.012314,-0.028441,-0.722399,-1.454279,-0.074084,-7.223990,-548.628052,-0.721029,0.000000
25.860001,-0.332901,-548.628052,-0.012292,-0.028433,-0.722200,-1.480818,-0.075436,-7.221995,-548.628052,-0.720855,0.000000
25.870001,-0.331406,-548.717041,-0.012296,-0.028425,-0.722000,-1.474166,-0.075098,-7.220001,-548.717041,-0.720699,0.000000
25.880001,-0.333267,-548.583557,-0.012236,-0.028419,-0.721853,-1.482447,-0.075519,-7.218526,-548.583557,-0.720526,0.000000
25.890001,-0.320236,-548.717041,-0.012176,-0.028414,-0.721705,-1.424482,-0.072567,-7.217052,-548.717041,-0.720352,0.000000
25.900002,-0.313538,-548.539062,-0.012202,-0.028407,-0.721549,-1.394685,-0.071049,-7.215492,-548.539062,-0.720196,0.000000
25.910002,-0.320602,-548.583557,-0.012232,-0.028401,-0.721393,-1.426111,-0.072650,-7.213930,-548.583557,-0.720023,0.000000
25.920002,-0.316513,-548.672546,-0.012318,-0.028396,-0.721263,-1.407920,-0.071723,-7.212630,-548.672546,-0.719867,0.000000
25.930000,-0.321350,-548.628052,-0.012292,-0.028390,-0.721098,-1.429437,-0.072819,-7.210982,-548.628052,-0.719693,0.000000
25.940001,-0.324707,-548.717041,-0.012223,-0.028384,-0.720951,-1.444369,-0.073580,-7.209507,-548.717041,-0.719520,0.000000
25.950001,-0.323578,-548.583557,-0.012193,-0.028377,-0.720786,-1.439346,-0.073324,-7.207860,-548.583557,-0.719364,0.000000
25.960001,-0.322464,-548.583557,-0.012215,-0.028367,-0.720534,-1.434391,-0.073071,-7.205345,-548.583557,-0.719190,0.000000
25.970001,-0.329544,-548.717041,-0.012227,-0.028357,-0.720257,-1.465885,-0.074676,-7.202570,-548.717041,-0.719034,0.000000
25.980001,-0.352997,-548.583557,-0.012210,-0.028348,-0.720031,-1.570208,-0.079990,-7.200315,-548.583557,-0.718861,0.000000
25.990002,-0.357468,-548.628052,-0.012171,-0.028342,-0.719893,-1.590096,-0.081003,-7.198927,-548.628052,-0.718687,0.000000
26.000002,-0.353378,-548.672546,-0.012184,-0.028338,-0.719789,-1.571905,-0.080077,-7.197886,-548.672546,-0.718531,0.000000
26.010002,-0.364914,-548.583557,-0.012206,-0.028335,-0.719702,-1.623218,-0.082691,-7.197020,-548.583557,-0.718358,0.000000
26.020000,-0.364914,-548.672546,-0.012215,-0.028331,-0.719615,-1.623218,-0.082691,-7.196152,-548.672546,-0.718202,0.000000
26.030001,-0.357849,-548.583557,-0.012171,-0.028327,-0.719502,-1.591792,-0.081090,-7.195025,-548.583557,-0.718028,0.000000
26.040001,-0.360077,-548.672546,-0.012206,-0.028320,-0.719320,-1.601702,-0.081595,-7.193204,-548.672546,-0.717855,0.000000
26.050001,-0.352264,-548.628052,-0.012193,-0.028310,-0.719078,-1.566950,-0.079824,-7.190776,-548.628052,-0.717699,0.000000
26.060001,-0.336624,-548.583557,-0.012206,-0.028302,-0.718869,-1.497379,-0.076280,-7.188694,-548.583557,-0.717525,0.000000
26.070002,-0.347794,-548.717041,-0.012219,-0.028295,-0.718687,-1.547063,-0.078811,-7.186873,-548.717041,-0.717352,0.000000
26.080002,-0.343323,-548.539062,-0.012223,-0.028289,-0.718549,-1.527176,-0.077798,-7.185485,-548.539062,-0.717196,0.000000
26.090002,-0.342209,-548.672546,-0.012210,-0.028284,-0.718418,-1.522221,-0.077546,-7.184185,-548.672546,-0.717022,0.000000
26.100000,-0.331772,-548.628052,-0.012271,-0.028280,-0.718306,-1.475795,-0.075181,-7.183057,-548.628052,-0.716866,0.000000
26.110001,-0.326569,-548.628052,-0.012292,-0.028275,-0.718193,-1.452650,-0.074001,-7.181930,-548.628052,-0.716693,0.000000
26.120001,-0.337357,-548.717041,-0.012305,-0.028272,-0.718098,-1.500637,-0.076446,-7.180976,-548.717041,-0.716519,0.000000
26.130001,-0.341080,-548.539062,-0.012292,-0.028267,-0.717993,-1.517198,-0.077290,-7.179935,-548.539062,-0.716363,0.000000
26.140001,-0.346298,-548.628052,-0.012176,-0.028261,-0.717820,-1.540411,-0.078472,-7.178201,-548.628052,-0.716190,0.000000
26.150002,-0.344070,-548.672546,-0.012193,-0.028251,-0.717586,-1.530502,-0.077967,-7.175859,-548.672546,-0.716034,0.000000
26.160002,-0.345184,-548.583557,-0.012154,-0.028241,-0.717317,-1.535457,-0.078220,-7.173171,-548.583557,-0.715860,0.000000
26.170002,-0.339218,-548.717041,-0.012202,-0.028231,-0.717066,-1.508918,-0.076868,-7.170656,-548.717041,-0.715687,0.000000
26.180000,-0.346664,-548.583557,-0.012232,-0.028223,-0.716866,-1.542040,-0.078555,-7.168661,-548.583557,-0.715531,0.000000
26.190001,-0.358582,-548.672546,-0.012240,-0.028218,-0.716745,-1.595050,-0.081256,-7.167447,-548.672546,-0.715357,0.000000
26.200001,-0.347046,-548.628052,-0.012331,-0.028214,-0.716641,-1.543737,-0.078642,-7.166407,-548.628052,-0.715201,0.000000
26.210001,-0.351517,-548.628052,-0.012309,-0.028210,-0.716537,-1.563625,-0.079655,-7.165366,-548.628052,-0.715028,0.000000
26.220001,-0.361191,-548.672546,-0.012331,-0.028206,-0.716433,-1.606657,-0.081847,-7.164325,-548.672546,-0.714854,0.000000
26.230001,-0.363052,-548.583557,-0.012288,-0.028201,-0.716311,-1.614938,-0.082269,-7.163111,-548.583557,-0.714698,0.000000
26.240002,-0.359329,-548.628052,-0.012314,-0.028196,-0.716172,-1.598376,-0.081425,-7.161723,-548.628052,-0.714525,0.000000
26.250002,-0.344803,-548.583557,-0.012292,-0.028190,-0.716034,-1.533760,-0.078133,-7.160336,-548.583557,-0.714368,0.000000
26.260002,-0.339600,-548.583557,-0.012279,-0.028184,-0.715877,-1.510615,-0.076954,-7.158775,-548.583557,-0.714195,0.000000
26.270000,-0.342941,-548.717041,-0.012296,-0.028175,-0.715652,-1.525479,-0.077712,-7.156520,-548.717041,-0.714022,0.000000
26.280001,-0.350403,-548.583557,-0.012240,-0.028165,-0.715383,-1.558670,-0.079402,-7.153832,-548.583557,-0.713866,0.000000
26.290001,-0.338486,-548.672546,-0.012266,-0.028153,-0.715080,-1.505660,-0.076702,-7.150796,-548.672546,-0.713692,0.000000
26.300001,-0.321350,-548.628052,-0.012271,-0.028143,-0.714828,-1.429437,-0.072819,-7.148281,-548.628052,-0.713536,0.000000
26.310001,-0.331406,-548.628052,-0.012271,-0.028136,-0.714655,-1.474166,-0.075098,-7.146547,-548.628052,-0.713363,0.000000
26.320002,-0.347046,-548.672546,-0.012309,-0.028131,-0.714525,-1.543737,-0.078642,-7.145247,-548.672546,-0.713189,0.000000
26.330002,-0.344803,-548.628052,-0.012305,-0.028125,-0.714368,-1.533760,-0.078133,-7.143685,-548.628052,-0.713033,0.000000
26.340002,-0.338486,-548.672546,-0.012296,-0.028118,-0.714195,-1.505660,-0.076702,-7.141951,-548.672546,-0.712860,0.000000
26.350000,-0.342209,-548.628052,-0.012279,-0.028111,-0.714030,-1.522221,-0.077546,-7.140303,-548.628052,-0.712703,0.000000
26.360001,-0.346298,-548.583557,-0.012253,-0.028105,-0.713866,-1.540411,-0.078472,-7.138655,-548.583557,-0.712530,0.000000
26.370001,-0.360443,-548.628052,-0.012206,-0.028100,-0.713735,-1.603331,-0.081678,-7.137354,-548.628052,-0.712357,0.000000
26.380001,-0.367889,-548.583557,-0.012210,-0.028097,-0.713657,-1.636454,-0.083365,-7.136574,-548.583557,-0.712200,0.000000
26.390001,-0.369385,-548.672546,-0.012180,-0.028092,-0.713545,-1.643106,-0.083704,-7.135447,-548.672546,-0.712027,0.000000
26.400002,-0.384659,-548.583557,-0.012219,-0.028085,-0.713363,-1.711048,-0.087165,-7.133625,-548.583557,-0.711871,0.000000
26.410002,-0.382416,-548.628052,-0.012292,-0.028079,-0.713206,-1.701070,-0.086657,-7.132064,-548.628052,-0.711697,0.000000
26.420002,-0.366409,-548.717041,-0.012318,-0.028074,-0.713085,-1.629870,-0.083030,-7.130850,-548.717041,-0.711524,0.000000
26.430000,-0.367889,-548.583557,-0.012305,-0.028069,-0.712955,-1.636454,-0.083365,-7.129550,-548.583557,-0.711368,0.000000
26.440001,-0.362686,-548.717041,-0.012288,-0.028063,-0.712807,-1.613309,-0.082186,-7.128075,-548.717041,-0.711194,0.000000
26.450001,-0.347412,-548.628052,-0.012271,-0.028056,-0.712617,-1.545366,-0.078725,-7.126167,-548.628052,-0.711021,0.000000
26.460001,-0.350021,-548.628052,-0.012253,-0.028047,-0.712383,-1.556973,-0.079316,-7.123826,-548.628052,-0.710865,0.000000
26.470001,-0.352997,-548.628052,-0.012176,-0.028036,-0.712122,-1.570208,-0.079990,-7.121224,-548.628052,-0.710691,0.000000
26.480001,-0.327301,-548.583557,-0.012193,-0.028027,-0.711888,-1.455908,-0.074167,-7.118883,-548.583557,-0.710535,0.000000
26.490002,-0.321350,-548.761475,-0.012180,-0.028020,-0.711715,-1.429437,-0.072819,-7.117148,-548.761475,-0.710362,0.000000
26.500002,-0.325821,-548.628052,-0.012189,-0.028014,-0.711567,-1.449324,-0.073832,-7.115674,-548.628052,-0.710189,0.000000
26.510002,-0.342575,-548.628052,-0.012158,-0.028009,-0.711420,-1.523850,-0.077629,-7.114200,-548.628052,-0.710032,0.000000
26.520000,-0.346664,-548.672546,-0.012176,-0.028003,-0.711272,-1.542040,-0.078555,-7.112725,-548.672546,-0.709859,0.000000
26.530001,-0.342209,-548.583557,-0.012167,-0.027997,-0.711134,-1.522221,-0.077546,-7.111338,-548.583557,-0.709703,0.000000
26.540001,-0.346298,-548.672546,-0.012189,-0.027990,-0.710952,-1.540411,-0.078472,-7.109517,-548.672546,-0.709529,0.000000
26.550001,-0.348160,-548.628052,-0.012171,-0.027982,-0.710752,-1.548692,-0.078894,-7.107522,-548.628052,-0.709356,0.000000
26.560001,-0.341080,-548.628052,-0.012193,-0.027975,-0.710561,-1.517198,-0.077290,-7.105614,-548.628052,-0.709200,0.000000
26.570002,-0.367889,-548.717041,-0.012258,-0.027969,-0.710405,-1.636454,-0.083365,-7.104053,-548.717041,-0.709026,0.000000
26.580002,-0.382416,-548.583557,-0.012309,-0.027964,-0.710284,-1.701070,-0.086657,-7.102839,-548.583557,-0.708870,0.000000
26.590002,-0.373856,-548.717041,-0.012305,-0.027962,-0.710223,-1.662993,-0.084717,-7.102232,-548.717041,-0.708697,0.000000
26.600000,-0.382416,-548.583557,-0.012266,-0.027958,-0.710136,-1.701070,-0.086657,-7.101365,-548.583557,-0.708523,0.000000
26.610001,-0.377945,-548.628052,-0.012197,-0.027953,-0.709998,-1.681183,-0.085644,-7.099977,-548.628052,-0.708367,0.000000
26.620001,-0.382050,-548.628052,-0.012232,-0.027945,-0.709807,-1.699441,-0.086574,-7.098069,-548.628052,-0.708194,0.000000
26.630001,-0.376465,-548.583557,-0.012202,-0.027936,-0.709573,-1.674599,-0.085308,-7.095727,-548.583557,-0.708038,0.000000
26.640001,-0.364914,-548.717041,-0.012184,-0.027926,-0.709313,-1.623218,-0.082691,-7.093126,-548.717041,-0.707864,0.000000
26.650002,-0.347412,-548.583557,-0.012193,-0.027917,-0.709096,-1.545366,-0.078725,-7.090958,-548.583557,-0.707691,0.000000
26.660002,-0.335876,-548.628052,-0.012215,-0.027909,-0.708879,-1.494053,-0.076111,-7.088790,-548.628052,-0.707535,0.000000
26.670002,-0.329163,-548.761475,-0.012262,-0.027900,-0.708671,-1.464188,-0.074589,-7.086709,-548.761475,-0.707361,0.000000
26.680002,-0.318375,-548.628052,-0.012245,-0.027895,-0.708523,-1.416201,-0.072145,-7.085235,-548.628052,-0.707205,0.000000
26.690001,-0.339218,-548.717041,-0.012219,-0.027891,-0.708419,-1.508918,-0.076868,-7.084194,-548.717041,-0.707032,0.000000
26.700001,-0.347412,-548.628052,-0.012193,-0.027886,-0.708307,-1.545366,-0.078725,-7.083066,-548.628052,-0.706858,0.000000
26.710001,-0.350403,-548.628052,-0.012184,-0.027881,-0.708185,-1.558670,-0.079402,-7.081852,-548.628052,-0.706702,0.000000
26.720001,-0.360077,-548.761475,-0.012193,-0.027874,-0.708012,-1.601702,-0.081595,-7.080118,-548.761475,-0.706529,0.000000
26.730001,-0.359711,-548.583557,-0.012171,-0.027866,-0.707786,-1.600073,-0.081512,-7.077863,-548.583557,-0.706373,0.000000
26.740002,-0.348526,-548.672546,-0.012197,-0.027857,-0.707578,-1.550321,-0.078977,-7.075782,-548.672546,-0.706199,0.000000
26.750002,-0.352264,-548.628052,-0.012184,-0.027850,-0.707387,-1.566950,-0.079824,-7.073874,-548.628052,-0.706026,0.000000
26.760002,-0.372360,-548.628052,-0.012189,-0.027843,-0.707205,-1.656341,-0.084378,-7.072052,-548.628052,-0.705870,0.000000
26.770000,-0.384659,-548.717041,-0.012163,-0.027838,-0.707075,-1.711048,-0.087165,-7.070752,-548.717041,-0.705696,0.000000
26.780001,-0.381668,-548.539062,-0.012219,-0.027833,-0.706954,-1.697744,-0.086487,-7.069538,-548.539062,-0.705540,0.000000
26.790001,-0.380554,-548.672546,-0.012236,-0.027829,-0.706867,-1.692790,-0.086235,-7.068670,-548.672546,-0.705367,0.000000
26.800001,-0.385391,-548.672546,-0.012180,-0.027826,-0.706789,-1.714306,-0.087331,-7.067890,-548.672546,-0.705193,0.000000
26.810001,-0.386520,-548.628052,-0.012158,-0.027821,-0.706659,-1.719329,-0.087587,-7.066588,-548.628052,-0.705037,0.000000
26.820002,-0.376831,-548.717041,-0.012206,-0.027813,-0.706442,-1.676228,-0.085391,-7.064421,-548.717041,-0.704864,0.000000
26.830002,-0.363052,-548.583557,-0.012184,-0.027801,-0.706147,-1.614938,-0.082269,-7.061472,-548.583557,-0.704690,0.000000
26.840002,-0.358582,-548.717041,-0.012180,-0.027790,-0.705870,-1.595050,-0.081256,-7.058697,-548.717041,-0.704534,0.000000
26.850000,-0.344070,-548.628052,-0.012206,-0.027783,-0.705688,-1.530502,-0.077967,-7.056876,-548.628052,-0.704361,0.000000
26.860001,-0.336624,-548.628052,-0.012163,-0.027776,-0.705514,-1.497379,-0.076280,-7.055141,-548.628052,-0.704205,0.000000
26.870001,-0.329163,-548.672546,-0.012189,-0.027770,-0.705367,-1.464188,-0.074589,-7.053667,-548.672546,-0.704031,0.000000
26.880001,-0.326569,-548.583557,-0.012197,-0.027766,-0.705254,-1.452650,-0.074001,-7.052539,-548.583557,-0.703858,0.000000
26.890001,-0.337738,-548.717041,-0.012206,-0.027761,-0.705124,-1.502334,-0.076533,-7.051239,-548.717041,-0.703702,0.000000
26.900002,-0.342941,-548.628052,-0.012206,-0.027754,-0.704959,-1.525479,-0.077712,-7.049591,-548.628052,-0.703528,0.000000
26.910002,-0.350769,-548.583557,-0.012223,-0.027746,-0.704751,-1.560299,-0.079485,-7.047510,-548.583557,-0.703372,0.000000
26.920002,-0.343689,-548.717041,-0.012215,-0.027739,-0.704560,-1.528805,-0.077881,-7.045602,-548.717041,-0.703199,0.000000
26.930002,-0.339218,-548.583557,-0.012202,-0.027732,-0.704404,-1.508918,-0.076868,-7.044041,-548.583557,-0.703025,0.000000
26.940001,-0.337357,-548.761475,-0.012245,-0.027726,-0.704248,-1.500637,-0.076446,-7.042480,-548.761475,-0.702869,0.000000
26.950001,-0.347794,-548.672546,-0.012253,-0.027719,-0.704057,-1.547063,-0.078811,-7.040572,-548.672546,-0.702696,0.000000
26.960001,-0.368637,-548.628052,-0.012240,-0.027712,-0.703875,-1.639780,-0.083534,-7.038751,-548.628052,-0.702540,0.000000
26.970001,-0.370499,-548.717041,-0.012253,-0.027705,-0.703702,-1.648060,-0.083956,-7.037016,-548.717041,-0.702366,0.000000
26.980001,-0.369019,-548.583557,-0.012223,-0.027699,-0.703563,-1.641477,-0.083621,-7.035629,-548.583557,-0.702193,0.000000
26.990002,-0.364914,-548.717041,-0.012249,-0.027693,-0.703407,-1.623218,-0.082691,-7.034068,-548.717041,-0.702037,0.000000
27.000002,-0.363800,-548.628052,-0.012284,-0.027685,-0.703207,-1.618263,-0.082438,-7.032073,-548.628052,-0.701863,0.000000
27.010002,-0.374603,-548.628052,-0.012284,-0.027675,-0.702938,-1.666319,-0.084886,-7.029385,-548.628052,-0.701707,0.000000
27.020000,-0.350021,-548.761475,-0.012318,-0.027667,-0.702730,-1.556973,-0.079316,-7.027303,-548.761475,-0.701534,0.000000
27.030001,-0.317627,-548.583557,-0.012305,-0.027663,-0.702644,-1.412875,-0.071975,-7.026436,-548.583557,-0.701360,0.000000
27.040001,-0.329544,-548.717041,-0.012275,-0.027660,-0.702574,-1.465885,-0.074676,-7.025743,-548.717041,-0.701204,0.000000
27.050001,-0.332520,-548.628052,-0.012309,-0.027658,-0.702514,-1.479121,-0.075350,-7.025136,-548.628052,-0.701031,0.000000
27.060001,-0.325439,-548.628052,-0.012309,-0.027652,-0.702357,-1.447627,-0.073746,-7.023574,-548.628052,-0.700875,0.000000
27.070002,-0.323212,-548.717041,-0.012296,-0.027643,-0.702132,-1.437717,-0.073241,-7.021320,-548.717041,-0.700701,0.000000
27.080002,-0.313904,-548.628052,-0.012288,-0.027633,-0.701880,-1.396314,-0.071132,-7.018805,-548.628052,-0.700528,0.000000
27.090002,-0.326569,-548.761475,-0.012322,-0.027624,-0.701655,-1.452650,-0.074001,-7.016550,-548.761475,-0.700372,0.000000
27.100000,-0.323212,-548.628052,-0.012335,-0.027618,-0.701490,-1.437717,-0.073241,-7.014902,-548.628052,-0.700198,0.000000
27.110001,-0.326569,-548.539062,-0.012296,-0.027613,-0.701360,-1.452650,-0.074001,-7.013601,-548.539062,-0.700042,0.000000
27.120001,-0.331039,-548.672546,-0.012296,-0.027609,-0.701256,-1.472537,-0.075015,-7.012561,-548.672546,-0.699869,0.000000
27.130001,-0.326187,-548.583557,-0.012271,-0.027602,-0.701091,-1.450953,-0.073915,-7.010913,-548.583557,-0.699695,0.000000
27.140001,-0.328430,-548.717041,-0.012215,-0.027593,-0.700875,-1.460930,-0.074423,-7.008745,-548.717041,-0.699539,0.000000
27.150002,-0.348160,-548.628052,-0.012163,-0.027585,-0.700666,-1.548692,-0.078894,-7.006663,-548.628052,-0.699365,0.000000
27.160002,-0.353378,-548.672546,-0.012189,-0.027579,-0.700510,-1.571905,-0.080077,-7.005103,-548.672546,-0.699209,0.000000
27.170002,-0.350403,-548.761475,-0.012189,-0.027574,-0.700372,-1.558670,-0.079402,-7.003715,-548.761475,-0.699036,0.000000
27.180002,-0.344803,-548.583557,-0.012193,-0.027569,-0.700259,-1.533760,-0.078133,-7.002587,-548.583557,-0.698863,0.000000
27.190001,-0.352631,-548.717041,-0.012176,-0.027563,-0.700094,-1.568579,-0.079907,-7.000940,-548.717041,-0.698706,0.000000
27.200001,-0.340347,-548.628052,-0.012215,-0.027555,-0.699903,-1.513940,-0.077124,-6.999032,-548.628052,-0.698533,0.000000
27.210001,-0.334763,-548.583557,-0.012275,-0.027547,-0.699686,-1.489098,-0.075858,-6.996864,-548.583557,-0.698359,0.000000
27.220001,-0.323212,-548.761475,-0.012305,-0.027540,-0.699504,-1.437717,-0.073241,-6.995043,-548.761475,-0.698203,0.000000
27.230001,-0.329910,-548.583557,-0.012288,-0.027534,-0.699357,-1.467514,-0.074759,-6.993568,-548.583557,-0.698030,0.000000
27.240002,-0.327682,-548.717041,-0.012288,-0.027529,-0.699235,-1.457605,-0.074254,-6.992354,-548.717041,-0.697874,0.000000
27.250002,-0.316879,-548.672546,-0.012305,-0.027523,-0.699079,-1.409549,-0.071806,-6.990793,-548.672546,-0.697700,0.000000
27.260002,-0.324707,-548.672546,-0.012327,-0.027516,-0.698897,-1.444369,-0.073580,-6.988972,-548.672546,-0.697527,0.000000
27.270000,-0.324707,-548.761475,-0.012327,-0.027507,-0.698672,-1.444369,-0.073580,-6.986717,-548.761475,-0.697371,0.000000
27.280001,-0.328796,-548.583557,-0.012322,-0.027498,-0.698438,-1.462559,-0.074506,-6.984376,-548.583557,-0.697197,0.000000
27.290001,-0.314651,-548.761475,-0.012284,-0.027491,-0.698273,-1.399640,-0.071301,-6.982728,-548.761475,-0.697041,0.000000
27.300001,-0.329163,-548.628052,-0.012271,-0.027485,-0.698108,-1.464188,-0.074589,-6.981080,-548.628052,-0.696868,0.000000
27.310001,-0.335495,-548.672546,-0.012288,-0.027477,-0.697926,-1.492356,-0.076024,-6.979259,-548.672546,-0.696694,0.000000
27.320002,-0.331039,-548.717041,-0.012296,-0.027470,-0.697735,-1.472537,-0.075015,-6.977351,-548.717041,-0.696538,0.000000
27.330002,-0.344437,-548.583557,-0.012318,-0.027463,-0.697570,-1.532131,-0.078050,-6.975704,-548.583557,-0.696365,0.000000
27.340002,-0.355606,-548.672546,-0.012296,-0.027458,-0.697423,-1.581815,-0.080581,-6.974229,-548.672546,-0.696209,0.000000
27.350000,-0.348526,-548.583557,-0.012271,-0.027451,-0.697258,-1.550321,-0.078977,-6.972582,-548.583557,-0.696035,0.000000
27.360001,-0.347412,-548.583557,-0.012275,-0.027446,-0.697119,-1.545366,-0.078725,-6.971194,-548.583557,-0.695862,0.000000
27.370001,-0.355988,-548.672546,-0.012292,-0.027441,-0.697007,-1.583512,-0.080668,-6.970067,-548.672546,-0.695706,0.000000
27.380001,-0.355606,-548.628052,-0.012301,-0.027436,-0.696885,-1.581815,-0.080581,-6.968853,-548.628052,-0.695532,0.000000
27.390001,-0.347794,-548.761475,-0.012309,-0.027433,-0.696807,-1.547063,-0.078811,-6.968072,-548.761475,-0.695376,0.000000
27.400002,-0.345184,-548.672546,-0.012249,-0.027430,-0.696712,-1.535457,-0.078220,-6.967118,-548.672546,-0.695203,0.000000
27.410002,-0.338486,-548.672546,-0.012215,-0.027422,-0.696512,-1.505660,-0.076702,-6.965124,-548.672546,-0.695029,0.000000
27.420002,-0.327301,-548.761475,-0.012171,-0.027412,-0.696261,-1.455908,-0.074167,-6.962608,-548.761475,-0.694873,0.000000
27.430002,-0.320602,-548.628052,-0.012163,-0.027402,-0.696001,-1.426111,-0.072650,-6.960007,-548.628052,-0.694700,0.000000
27.440001,-0.321350,-548.717041,-0.012197,-0.027394,-0.695810,-1.429437,-0.072819,-6.958099,-548.717041,-0.694544,0.000000
27.450001,-0.316132,-548.672546,-0.012184,-0.027386,-0.695602,-1.406224,-0.071636,-6.956017,-548.672546,-0.694370,0.000000
27.460001,-0.310181,-548.628052,-0.012167,-0.027376,-0.695350,-1.379753,-0.070288,-6.953503,-548.628052,-0.694197,0.000000
27.470001,-0.298630,-548.717041,-0.012193,-0.027368,-0.695159,-1.328372,-0.067670,-6.951594,-548.717041,-0.694041,0.000000
27.480001,-0.296768,-548.672546,-0.012210,-0.027362,-0.695003,-1.320091,-0.067249,-6.950034,-548.672546,-0.693867,0.000000
27.490002,-0.301987,-548.761475,-0.012249,-0.027356,-0.694830,-1.343304,-0.068431,-6.948299,-548.761475,-0.693711,0.000000
27.500002,-0.303482,-548.672546,-0.012322,-0.027348,-0.694648,-1.349956,-0.068770,-6.946478,-548.672546,-0.693538,0.000000
27.510002,-0.296402,-548.717041,-0.012292,-0.027342,-0.694483,-1.318462,-0.067166,-6.944830,-548.717041,-0.693364,0.000000
27.520000,-0.329163,-548.717041,-0.012340,-0.027336,-0.694327,-1.464188,-0.074589,-6.943269,-548.717041,-0.693208,0.000000
27.530001,-0.339600,-548.672546,-0.012288,-0.027330,-0.694188,-1.510615,-0.076954,-6.941882,-548.672546,-0.693035,0.000000
27.540001,-0.338104,-548.717041,-0.012240,-0.027324,-0.694032,-1.503963,-0.076616,-6.940320,-548.717041,-0.692879,0.000000
27.550001,-0.337738,-548.672546,-0.012253,-0.027318,-0.693885,-1.502334,-0.076533,-6.938847,-548.672546,-0.692705,0.000000
27.560001,-0.331406,-548.628052,-0.012262,-0.027313,-0.693755,-1.474166,-0.075098,-6.937545,-548.628052,-0.692532,0.000000
27.570002,-0.339966,-548.717041,-0.012292,-0.027309,-0.693642,-1.512244,-0.077037,-6.936418,-548.717041,-0.692376,0.000000
27.580002,-0.337357,-548.628052,-0.012305,-0.027303,-0.693503,-1.500637,-0.076446,-6.935031,-548.628052,-0.692202,0.000000
27.590002,-0.332901,-548.717041,-0.012266,-0.027296,-0.693312,-1.480818,-0.075436,-6.933123,-548.717041,-0.692029,0.000000
27.600000,-0.315765,-548.628052,-0.012284,-0.027288,-0.693121,-1.404595,-0.071553,-6.931215,-548.628052,-0.691873,0.000000
27.610001,-0.319855,-548.717041,-0.012266,-0.027282,-0.692957,-1.422785,-0.072480,-6.929567,-548.717041,-0.691699,0.000000
27.620001,-0.314651,-548.761475,-0.012258,-0.027276,-0.692801,-1.399640,-0.071301,-6.928006,-548.761475,-0.691543,0.000000
27.630001,-0.311295,-548.628052,-0.012227,-0.027271,-0.692688,-1.384707,-0.070540,-6.926878,-548.628052,-0.691370,0.000000
27.640001,-0.294907,-548.761475,-0.012240,-0.027266,-0.692566,-1.311810,-0.066827,-6.925664,-548.761475,-0.691196,0.000000
27.650002,-0.300491,-548.583557,-0.012301,-0.027260,-0.692410,-1.336652,-0.068092,-6.924104,-548.583557,-0.691040,0.000000
27.660002,-0.293793,-548.672546,-0.012266,-0.027254,-0.692246,-1.306855,-0.066574,-6.922456,-548.672546,-0.690867,0.000000
27.670002,-0.296402,-548.717041,-0.012318,-0.027246,-0.692037,-1.318462,-0.067166,-6.920375,-548.717041,-0.690711,0.000000
27.680002,-0.294540,-548.628052,-0.012301,-0.027238,-0.691838,-1.310181,-0.066744,-6.918380,-548.628052,-0.690537,0.000000
27.690001,-0.312042,-548.761475,-0.012301,-0.027230,-0.691639,-1.388033,-0.070710,-6.916386,-548.761475,-0.690364,0.000000
27.700001,-0.309799,-548.628052,-0.012305,-0.027222,-0.691439,-1.378056,-0.070202,-6.914391,-548.628052,-0.690208,0.000000
27.710001,-0.304214,-548.672546,-0.012344,-0.027214,-0.691248,-1.353214,-0.068936,-6.912483,-548.672546,-0.690034,0.000000
27.720001,-0.330658,-548.717041,-0.012292,-0.027208,-0.691092,-1.470840,-0.074928,-6.910922,-548.717041,-0.689878,0.000000
27.730001,-0.326935,-548.628052,-0.012331,-0.027204,-0.690971,-1.454279,-0.074084,-6.909708,-548.628052,-0.689705,0.000000
27.740002,-0.333633,-548.805969,-0.012314,-0.027199,-0.690867,-1.484076,-0.075602,-6.908667,-548.805969,-0.689531,0.000000
27.750002,-0.338852,-548.628052,-0.012322,-0.027195,-0.690745,-1.507289,-0.076785,-6.907453,-548.628052,-0.689375,0.000000
27.760002,-0.335495,-548.628052,-0.012258,-0.027189,-0.690598,-1.492356,-0.076024,-6.905979,-548.628052,-0.689202,0.000000
27.770000,-0.324707,-548.717041,-0.012253,-0.027182,-0.690424,-1.444369,-0.073580,-6.904244,-548.717041,-0.689045,0.000000
27.780001,-0.319489,-548.672546,-0.012253,-0.027175,-0.690242,-1.421156,-0.072397,-6.902423,-548.672546,-0.688872,0.000000
27.790001,-0.331039,-548.717041,-0.012232,-0.027167,-0.690034,-1.472537,-0.075015,-6.900342,-548.717041,-0.688699,0.000000
27.800001,-0.322845,-548.628052,-0.012240,-0.027159,-0.689835,-1.436088,-0.073158,-6.898347,-548.628052,-0.688543,0.000000
27.810001,-0.324707,-548.583557,-0.012223,-0.027152,-0.689653,-1.444369,-0.073580,-6.896526,-548.583557,-0.688369,0.000000
27.820002,-0.319122,-548.761475,-0.012227,-0.027147,-0.689531,-1.419527,-0.072314,-6.895312,-548.761475,-0.688213,0.000000
27.830002,-0.301620,-548.583557,-0.012236,-0.027142,-0.689418,-1.341675,-0.068348,-6.894184,-548.583557,-0.688040,0.000000
27.840002,-0.302353,-548.761475,-0.012227,-0.027138,-0.689297,-1.344933,-0.068514,-6.892970,-548.761475,-0.687866,0.000000
27.850000,-0.294540,-548.717041,-0.012227,-0.027132,-0.689158,-1.310181,-0.066744,-6.891582,-548.717041,-0.687710,0.000000
27.860001,-0.296768,-548.672546,-0.012189,-0.027127,-0.689020,-1.320091,-0.067249,-6.890195,-548.672546,-0.687537,0.000000
27.870001,-0.303848,-548.761475,-0.012184,-0.027121,-0.688881,-1.351585,-0.068853,-6.888807,-548.761475,-0.687380,0.000000
27.880001,-0.302734,-548.583557,-0.012158,-0.027114,-0.688699,-1.346630,-0.068601,-6.886986,-548.583557,-0.687207,0.000000
27.890001,-0.303101,-548.717041,-0.012180,-0.027105,-0.688456,-1.348259,-0.068684,-6.884558,-548.717041,-0.687034,0.000000
27.900002,-0.296402,-548.717041,-0.012193,-0.027094,-0.688187,-1.318462,-0.067166,-6.881870,-548.717041,-0.686877,0.000000
27.910002,-0.300491,-548.628052,-0.012180,-0.027086,-0.687979,-1.336652,-0.068092,-6.879788,-548.628052,-0.686704,0.000000
27.920002,-0.342209,-548.717041,-0.012227,-0.027079,-0.687805,-1.522221,-0.077546,-6.878054,-548.717041,-0.686548,0.000000
27.930002,-0.335129,-548.628052,-0.012189,-0.027072,-0.687632,-1.490727,-0.075941,-6.876319,-548.628052,-0.686374,0.000000
27.940001,-0.325073,-548.717041,-0.012176,-0.027066,-0.687476,-1.445998,-0.073663,-6.874758,-548.717041,-0.686201,0.000000
27.950001,-0.341827,-548.717041,-0.012223,-0.027061,-0.687346,-1.520524,-0.077459,-6.873458,-548.717041,-0.686045,0.000000
27.960001,-0.335129,-548.628052,-0.012223,-0.027056,-0.687233,-1.490727,-0.075941,-6.872330,-548.628052,-0.685871,0.000000
27.970001,-0.326187,-548.717041,-0.012206,-0.027051,-0.687094,-1.450953,-0.073915,-6.870943,-548.717041,-0.685698,0.000000
27.980001,-0.312042,-548.628052,-0.012189,-0.027045,-0.686938,-1.388033,-0.070710,-6.869382,-548.628052,-0.685542,0.000000
27.990002,-0.319489,-548.717041,-0.012184,-0.027037,-0.686730,-1.421156,-0.072397,-6.867300,-548.717041,-0.685368,0.000000
28.000002,-0.329163,-548.672546,-0.012210,-0.027029,-0.686531,-1.464188,-0.074589,-6.865305,-548.672546,-0.685212,0.000000
28.010002,-0.328430,-548.717041,-0.012176,-0.027022,-0.686366,-1.460930,-0.074423,-6.863658,-548.717041,-0.685039,0.000000
28.020000,-0.322464,-548.717041,-0.012193,-0.027017,-0.686236,-1.434391,-0.073071,-6.862357,-548.717041,-0.684865,0.000000
28.030001,-0.307938,-548.628052,-0.012189,-0.027011,-0.686071,-1.369775,-0.069780,-6.860709,-548.628052,-0.684709,0.000000
28.040001,-0.317261,-548.717041,-0.012206,-0.027005,-0.685924,-1.411246,-0.071892,-6.859235,-548.717041,-0.684536,0.000000
28.050001,-0.314270,-548.717041,-0.012206,-0.026999,-0.685776,-1.397943,-0.071215,-6.857761,-548.717041,-0.684380,0.000000
28.060001,-0.310928,-548.672546,-0.012197,-0.026993,-0.685611,-1.383078,-0.070457,-6.856113,-548.672546,-0.684206,0.000000
28.070002,-0.316132,-548.761475,-0.012215,-0.026987,-0.685473,-1.406224,-0.071636,-6.854726,-548.761475,-0.684033,0.000000
28.080002,-0.317261,-548.628052,-0.012236,-0.026981,-0.685316,-1.411246,-0.071892,-6.853165,-548.628052,-0.683877,0.000000
28.090002,-0.323578,-548.761475,-0.012245,-0.026971,-0.685065,-1.439346,-0.073324,-6.850649,-548.761475,-0.683703,0.000000
28.100000,-0.321716,-548.583557,-0.012275,-0.026959,-0.684770,-1.431066,-0.072902,-6.847701,-548.583557,-0.683547,0.000000
28.110001,-0.347046,-548.672546,-0.012223,-0.026950,-0.684527,-1.543737,-0.078642,-6.845273,-548.672546,-0.683374,0.000000
28.120001,-0.342209,-548.717041,-0.012210,-0.026943,-0.684363,-1.522221,-0.077546,-6.843625,-548.717041,-0.683200,0.000000
28.130001,-0.336624,-548.628052,-0.012180,-0.026939,-0.684258,-1.497379,-0.076280,-6.842584,-548.628052,-0.683044,0.000000
28.140001,-0.342941,-548.761475,-0.012163,-0.026936,-0.684172,-1.525479,-0.077712,-6.841717,-548.761475,-0.682871,0.000000
28.150002,-0.363052,-548.628052,-0.012206,-0.026932,-0.684085,-1.614938,-0.082269,-6.840850,-548.628052,-0.682715,0.000000
28.160002,-0.348526,-548.672546,-0.012193,-0.026928,-0.683964,-1.550321,-0.078977,-6.839636,-548.672546,-0.682541,0.000000
28.170002,-0.352997,-548.761475,-0.012202,-0.026920,-0.683773,-1.570208,-0.079990,-6.837728,-548.761475,-0.682368,0.000000
28.180002,-0.355240,-548.672546,-0.012206,-0.026911,-0.683547,-1.580186,-0.080499,-6.835473,-548.672546,-0.682212,0.000000
28.190001,-0.341827,-548.761475,-0.012158,-0.026904,-0.683374,-1.520524,-0.077459,-6.833738,-548.761475,-0.682038,0.000000
28.200001,-0.335876,-548.628052,-0.012193,-0.026898,-0.683200,-1.494053,-0.076111,-6.832004,-548.628052,-0.681882,0.000000
28.210001,-0.331406,-548.628052,-0.012219,-0.026892,-0.683053,-1.474166,-0.075098,-6.830530,-548.628052,-0.681709,0.000000
28.220001,-0.317627,-548.761475,-0.012210,-0.026887,-0.682923,-1.412875,-0.071975,-6.829229,-548.761475,-0.681535,0.000000
28.230001,-0.317627,-548.628052,-0.012180,-0.026882,-0.682801,-1.412875,-0.071975,-6.828015,-548.628052,-0.681379,0.000000
28.240002,-0.315018,-548.717041,-0.012176,-0.026878,-0.682689,-1.401269,-0.071384,-6.826888,-548.717041,-0.681206,0.000000
28.250002,-0.318375,-548.672546,-0.012197,-0.026874,-0.682602,-1.416201,-0.072145,-6.826020,-548.672546,-0.681050,0.000000
28.260002,-0.333633,-548.672546,-0.012206,-0.026871,-0.682515,-1.484076,-0.075602,-6.825153,-548.672546,-0.680876,0.000000
28.270000,-0.336624,-548.805969,-0.012180,-0.026865,-0.682359,-1.497379,-0.076280,-6.823592,-548.805969,-0.680703,0.000000
28.280001,-0.335129,-548.628052,-0.012240,-0.026855,-0.682116,-1.490727,-0.075941,-6.821164,-548.628052,-0.680547,0.000000
28.290001,-0.340347,-548.761475,-0.012301,-0.026843,-0.681822,-1.513940,-0.077124,-6.818215,-548.761475,-0.680373,0.000000
28.300001,-0.330292,-548.672546,-0.012309,-0.026833,-0.681553,-1.469211,-0.074845,-6.815527,-548.672546,-0.680217,0.000000
28.310001,-0.335129,-548.717041,-0.012314,-0.026825,-0.681353,-1.490727,-0.075941,-6.813532,-548.717041,-0.680044,0.000000
28.320002,-0.349655,-548.761475,-0.012284,-0.026820,-0.681223,-1.555344,-0.079233,-6.812232,-548.761475,-0.679870,0.000000
28.330002,-0.343323,-548.628052,-0.012284,-0.026816,-0.681119,-1.527176,-0.077798,-6.811191,-548.628052,-0.679714,0.000000
28.340002,-0.340347,-548.717041,-0.012322,-0.026811,-0.680998,-1.513940,-0.077124,-6.809977,-548.717041,-0.679541,0.000000
28.350002,-0.345184,-548.672546,-0.012314,-0.026807,-0.680894,-1.535457,-0.078220,-6.808936,-548.672546,-0.679367,0.000000
28.360001,-0.358215,-548.672546,-0.012296,-0.026802,-0.680781,-1.593421,-0.081173,-6.807809,-548.672546,-0.679211,0.000000
28.370001,-0.349274,-548.761475,-0.012258,-0.026797,-0.680642,-1.553647,-0.079147,-6.806421,-548.761475,-0.679038,0.000000
28.380001,-0.339966,-548.628052,-0.012249,-0.026792,-0.680521,-1.512244,-0.077037,-6.805207,-548.628052,-0.678882,0.000000
28.390001,-0.342941,-548.761475,-0.012262,-0.026787,-0.680382,-1.525479,-0.077712,-6.803820,-548.761475,-0.678708,0.000000
28.400002,-0.328049,-548.717041,-0.012249,-0.026779,-0.680191,-1.459234,-0.074337,-6.801911,-548.717041,-0.678535,0.000000
28.410002,-0.329163,-548.717041,-0.012206,-0.026769,-0.679931,-1.464188,-0.074589,-6.799310,-548.717041,-0.678379,0.000000
28.420002,-0.328430,-548.717041,-0.012189,-0.026757,-0.679627,-1.460930,-0.074423,-6.796275,-548.717041,-0.678205,0.000000
28.430002,-0.317627,-548.672546,-0.012206,-0.026746,-0.679359,-1.412875,-0.071975,-6.793586,-548.672546,-0.678049,0.000000
28.440001,-0.327301,-548.717041,-0.012202,-0.026740,-0.679185,-1.455908,-0.074167,-6.791852,-548.717041,-0.677876,0.000000
28.450001,-0.335876,-548.717041,-0.012206,-0.026734,-0.679055,-1.494053,-0.076111,-6.790551,-548.717041,-0.677702,0.000000
28.460001,-0.328049,-548.672546,-0.012167,-0.026729,-0.678925,-1.459234,-0.074337,-6.789250,-548.672546,-0.677546,0.000000
28.470001,-0.325073,-548.761475,-0.012197,-0.026723,-0.678752,-1.445998,-0.073663,-6.787516,-548.761475,-0.677373,0.000000
28.480001,-0.329163,-548.628052,-0.012193,-0.026715,-0.678569,-1.464188,-0.074589,-6.785695,-548.628052,-0.677217,0.000000
28.490002,-0.333267,-548.761475,-0.012167,-0.026709,-0.678405,-1.482447,-0.075519,-6.784047,-548.761475,-0.677043,0.000000
28.500002,-0.344070,-548.628052,-0.012184,-0.026702,-0.678240,-1.530502,-0.077967,-6.782399,-548.628052,-0.676870,0.000000
28.510002,-0.352997,-548.628052,-0.012193,-0.026698,-0.678136,-1.570208,-0.079990,-6.781358,-548.628052,-0.676714,0.000000
28.520000,-0.363052,-548.717041,-0.012215,-0.026693,-0.678014,-1.614938,-0.082269,-6.780144,-548.717041,-0.676540,0.000000
28.530001,-0.369019,-548.583557,-0.012197,-0.026687,-0.677841,-1.641477,-0.083621,-6.778409,-548.583557,-0.676384,0.000000
28.540001,-0.366409,-548.805969,-0.012180,-0.026681,-0.677685,-1.629870,-0.083030,-6.776849,-548.805969,-0.676211,0.000000
28.550001,-0.360077,-548.628052,-0.012189,-0.026676,-0.677572,-1.601702,-0.081595,-6.775722,-548.628052,-0.676037,0.000000
28.560001,-0.372360,-548.717041,-0.012189,-0.026671,-0.677433,-1.656341,-0.084378,-6.774333,-548.717041,-0.675881,0.000000
28.570002,-0.367523,-548.761475,-0.012197,-0.026665,-0.677303,-1.634825,-0.083282,-6.773033,-548.761475,-0.675708,0.000000
28.580002,-0.347412,-548.672546,-0.012210,-0.026658,-0.677121,-1.545366,-0.078725,-6.771212,-548.672546,-0.675552,0.000000
28.590002,-0.350403,-548.761475,-0.012206,-0.026650,-0.676904,-1.558670,-0.079402,-6.769044,-548.761475,-0.675378,0.000000
28.600002,-0.347412,-548.628052,-0.012223,-0.026640,-0.676653,-1.545366,-0.078725,-6.766529,-548.628052,-0.675205,0.000000
28.610001,-0.327682,-548.717041,-0.012249,-0.026630,-0.676401,-1.457605,-0.074254,-6.764014,-548.717041,-0.675048,0.000000
28.620001,-0.312408,-548.717041,-0.012279,-0.026622,-0.676211,-1.389662,-0.070793,-6.762106,-548.717041,-0.674875,0.000000
28.630001,-0.325821,-548.672546,-0.012240,-0.026617,-0.676063,-1.449324,-0.073832,-6.760632,-548.672546,-0.674719,0.000000
28.640001,-0.334763,-548.717041,-0.012284,-0.026611,-0.675916,-1.489098,-0.075858,-6.759157,-548.717041,-0.674545,0.000000
28.650002,-0.326187,-548.672546,-0.012335,-0.026606,-0.675786,-1.450953,-0.073915,-6.757857,-548.672546,-0.674372,0.000000
28.660002,-0.335129,-548.717041,-0.012335,-0.026601,-0.675656,-1.490727,-0.075941,-6.756556,-548.717041,-0.674216,0.000000
28.670002,-0.342941,-548.805969,-0.012296,-0.026594,-0.675499,-1.525479,-0.077712,-6.754995,-548.805969,-0.674043,0.000000
28.680002,-0.352631,-548.672546,-0.012305,-0.026586,-0.675291,-1.568579,-0.079907,-6.752913,-548.672546,-0.673886,0.000000
28.690001,-0.338486,-548.805969,-0.012296,-0.026579,-0.675101,-1.505660,-0.076702,-6.751006,-548.805969,-0.673713,0.000000
28.700001,-0.351135,-548.717041,-0.012314,-0.026572,-0.674927,-1.561928,-0.079568,-6.749271,-548.717041,-0.673540,0.000000
28.710001,-0.363434,-548.672546,-0.012301,-0.026566,-0.674780,-1.616634,-0.082355,-6.747797,-548.672546,-0.673383,0.000000
28.720001,-0.364914,-548.805969,-0.012327,-0.026563,-0.674702,-1.623218,-0.082691,-6.747016,-548.805969,-0.673210,0.000000
28.730001,-0.378693,-548.628052,-0.012314,-0.026560,-0.674624,-1.684509,-0.085813,-6.746235,-548.628052,-0.673037,0.000000
28.740002,-0.392105,-548.761475,-0.012335,-0.026555,-0.674502,-1.744171,-0.088852,-6.745021,-548.761475,-0.672880,0.000000
28.750002,-0.374603,-548.717041,-0.012318,-0.026548,-0.674329,-1.666319,-0.084886,-6.743287,-548.717041,-0.672707,0.000000
28.760002,-0.373108,-548.717041,-0.012288,-0.026540,-0.674112,-1.659667,-0.084547,-6.741119,-548.717041,-0.672551,0.000000
28.770000,-0.370499,-548.761475,-0.012284,-0.026530,-0.673852,-1.648060,-0.083956,-6.738517,-548.761475,-0.672377,0.000000
28.780001,-0.357468,-548.717041,-0.012305,-0.026521,-0.673626,-1.590096,-0.081003,-6.736262,-548.717041,-0.672204,0.000000
28.790001,-0.349274,-548.805969,-0.012301,-0.026512,-0.673409,-1.553647,-0.079147,-6.734095,-548.805969,-0.672048,0.000000
28.800001,-0.334763,-548.628052,-0.012301,-0.026503,-0.673184,-1.489098,-0.075858,-6.731840,-548.628052,-0.671874,0.000000
28.810001,-0.325439,-548.672546,-0.012253,-0.026497,-0.673028,-1.447627,-0.073746,-6.730279,-548.672546,-0.671718,0.000000
28.820002,-0.327301,-548.805969,-0.012262,-0.026493,-0.672932,-1.455908,-0.074167,-6.729325,-548.805969,-0.671545,0.000000
28.830002,-0.347794,-548.628052,-0.012292,-0.026490,-0.672854,-1.547063,-0.078811,-6.728544,-548.628052,-0.671371,0.000000
28.840002,-0.356720,-548.850464,-0.012284,-0.026486,-0.672742,-1.586770,-0.080834,-6.727417,-548.850464,-0.671215,0.000000
28.850002,-0.357468,-548.717041,-0.012266,-0.026480,-0.672594,-1.590096,-0.081003,-6.725943,-548.717041,-0.671042,0.000000
28.860001,-0.351135,-548.717041,-0.012284,-0.026472,-0.672395,-1.561928,-0.079568,-6.723948,-548.717041,-0.670886,0.000000
28.870001,-0.358582,-548.761475,-0.012318,-0.026463,-0.672152,-1.595050,-0.081256,-6.721520,-548.761475,-0.670712,0.000000
28.880001,-0.350769,-548.628052,-0.012296,-0.026454,-0.671935,-1.560299,-0.079485,-6.719351,-548.628052,-0.670539,0.000000
28.890001,-0.355240,-548.805969,-0.012305,-0.026446,-0.671718,-1.580186,-0.080499,-6.717184,-548.805969,-0.670383,0.000000
28.900002,-0.360077,-548.672546,-0.012309,-0.026439,-0.671554,-1.601702,-0.081595,-6.715536,-548.672546,-0.670209,0.000000
28.910002,-0.373108,-548.672546,-0.012327,-0.026434,-0.671415,-1.659667,-0.084547,-6.714148,-548.672546,-0.670053,0.000000
28.920002,-0.368271,-548.761475,-0.012266,-0.026430,-0.671328,-1.638151,-0.083451,-6.713281,-548.761475,-0.669880,0.000000
28.930002,-0.370132,-548.628052,-0.012284,-0.026427,-0.671250,-1.646431,-0.083873,-6.712501,-548.628052,-0.669706,0.000000
28.940001,-0.388748,-548.850464,-0.012305,-0.026422,-0.671129,-1.729238,-0.088092,-6.711287,-548.850464,-0.669550,0.000000
28.950001,-0.377579,-548.672546,-0.012309,-0.026414,-0.670903,-1.679554,-0.085561,-6.709032,-548.672546,-0.669377,0.000000
28.960001,-0.369385,-548.717041,-0.012292,-0.026402,-0.670617,-1.643106,-0.083704,-6.706170,-548.717041,-0.669221,0.000000
28.970001,-0.355240,-548.717041,-0.012223,-0.026392,-0.670366,-1.580186,-0.080499,-6.703655,-548.717041,-0.669047,0.000000
28.980001,-0.339966,-548.628052,-0.012215,-0.026386,-0.670192,-1.512244,-0.077037,-6.701921,-548.628052,-0.668874,0.000000
28.990002,-0.333267,-548.761475,-0.012223,-0.026379,-0.670027,-1.482447,-0.075519,-6.700273,-548.761475,-0.668718,0.000000
29.000002,-0.323959,-548.672546,-0.012305,-0.026373,-0.669880,-1.441043,-0.073410,-6.698799,-548.672546,-0.668544,0.000000
29.010002,-0.316132,-548.672546,-0.012309,-0.026369,-0.669767,-1.406224,-0.071636,-6.697671,-548.672546,-0.668388,0.000000
29.020000,-0.327682,-548.761475,-0.012314,-0.026364,-0.669646,-1.457605,-0.074254,-6.696457,-548.761475,-0.668215,0.000000
29.030001,-0.334381,-548.672546,-0.012314,-0.026358,-0.669498,-1.487401,-0.075772,-6.694983,-548.672546,-0.668041,0.000000
29.040001,-0.348907,-548.761475,-0.012318,-0.026350,-0.669290,-1.552018,-0.079064,-6.692901,-548.761475,-0.667885,0.000000
29.050001,-0.337357,-548.717041,-0.012314,-0.026342,-0.669082,-1.500637,-0.076446,-6.690820,-548.717041,-0.667712,0.000000
29.060001,-0.344803,-548.672546,-0.012284,-0.026335,-0.668909,-1.533760,-0.078133,-6.689085,-548.672546,-0.667556,0.000000
29.070002,-0.346664,-548.761475,-0.012232,-0.026329,-0.668752,-1.542040,-0.078555,-6.687524,-548.761475,-0.667382,0.000000
29.080002,-0.353378,-548.672546,-0.012227,-0.026322,-0.668570,-1.571905,-0.080077,-6.685703,-548.672546,-0.667209,0.000000
29.090002,-0.366028,-548.805969,-0.012253,-0.026314,-0.668388,-1.628173,-0.082943,-6.683882,-548.805969,-0.667053,0.000000
29.100002,-0.366776,-548.672546,-0.012232,-0.026308,-0.668215,-1.631499,-0.083113,-6.682148,-548.672546,-0.666879,0.000000
29.110001,-0.367889,-548.672546,-0.012189,-0.026302,-0.668076,-1.636454,-0.083365,-6.680760,-548.672546,-0.666706,0.000000
29.120001,-0.364548,-548.761475,-0.012258,-0.026296,-0.667929,-1.621589,-0.082608,-6.679286,-548.761475,-0.666550,0.000000
29.130001,-0.365295,-548.672546,-0.012314,-0.026290,-0.667755,-1.624915,-0.082777,-6.677552,-548.672546,-0.666376,0.000000
29.140001,-0.369385,-548.717041,-0.012327,-0.026280,-0.667512,-1.643106,-0.083704,-6.675123,-548.717041,-0.666220,0.000000
29.150002,-0.353378,-548.761475,-0.012309,-0.026270,-0.667269,-1.571905,-0.080077,-6.672695,-548.761475,-0.666047,0.000000
29.160002,-0.317627,-548.672546,-0.012271,-0.026265,-0.667139,-1.412875,-0.071975,-6.671394,-548.672546,-0.665873,0.000000
29.170002,-0.323959,-548.761475,-0.012288,-0.026262,-0.667053,-1.441043,-0.073410,-6.670527,-548.761475,-0.665717,0.000000
29.180002,-0.326935,-548.628052,-0.012322,-0.026259,-0.666975,-1.454279,-0.074084,-6.669746,-548.628052,-0.665544,0.000000
29.190001,-0.317261,-548.850464,-0.012279,-0.026252,-0.666810,-1.411246,-0.071892,-6.668099,-548.850464,-0.665388,0.000000
29.200001,-0.311295,-548.717041,-0.012309,-0.026244,-0.666602,-1.384707,-0.070540,-6.666017,-548.717041,-0.665214,0.000000
29.210001,-0.303848,-548.761475,-0.012279,-0.026235,-0.666376,-1.351585,-0.068853,-6.663763,-548.761475,-0.665041,0.000000
29.220001,-0.318375,-548.761475,-0.012335,-0.026228,-0.666185,-1.416201,-0.072145,-6.661855,-548.761475,-0.664885,0.000000
29.230001,-0.327682,-548.717041,-0.012279,-0.026222,-0.666029,-1.457605,-0.074254,-6.660294,-548.717041,-0.664711,0.000000
29.240002,-0.323212,-548.761475,-0.012253,-0.026217,-0.665899,-1.437717,-0.073241,-6.658993,-548.761475,-0.664555,0.000000
29.250002,-0.322098,-548.717041,-0.012249,-0.026212,-0.665787,-1.432763,-0.072988,-6.657866,-548.717041,-0.664382,0.000000
29.260002,-0.323212,-548.672546,-0.012245,-0.026207,-0.665648,-1.437717,-0.073241,-6.656478,-548.672546,-0.664208,0.000000
29.270000,-0.319855,-548.805969,-0.012266,-0.026198,-0.665440,-1.422785,-0.072480,-6.654397,-548.805969,-0.664052,0.000000
29.280001,-0.331406,-548.717041,-0.012284,-0.026189,-0.665205,-1.474166,-0.075098,-6.652055,-548.717041,-0.663879,0.000000
29.290001,-0.338104,-548.761475,-0.012240,-0.026182,-0.665023,-1.503963,-0.076616,-6.650234,-548.761475,-0.663723,0.000000
29.300001,-0.335129,-548.761475,-0.012258,-0.026176,-0.664876,-1.490727,-0.075941,-6.648759,-548.761475,-0.663549,0.000000
29.310001,-0.344437,-548.717041,-0.012232,-0.026172,-0.664763,-1.532131,-0.078050,-6.647632,-548.717041,-0.663376,0.000000
29.320002,-0.344070,-548.761475,-0.012309,-0.026166,-0.664607,-1.530502,-0.077967,-6.646071,-548.761475,-0.663220,0.000000
29.330002,-0.345184,-548.672546,-0.012314,-0.026158,-0.664416,-1.535457,-0.078220,-6.644163,-548.672546,-0.663046,0.000000
29.340002,-0.325821,-548.805969,-0.012288,-0.026150,-0.664208,-1.449324,-0.073832,-6.642082,-548.805969,-0.662890,0.000000
29.350002,-0.324326,-548.672546,-0.012284,-0.026143,-0.664026,-1.442672,-0.073493,-6.640261,-548.672546,-0.662717,0.000000
29.360001,-0.326935,-548.761475,-0.012296,-0.026137,-0.663879,-1.454279,-0.074084,-6.638786,-548.761475,-0.662543,0.000000
29.370001,-0.328430,-548.805969,-0.012275,-0.026132,-0.663749,-1.460930,-0.074423,-6.637486,-548.805969,-0.662387,0.000000
29.380001,-0.317993,-548.628052,-0.012206,-0.026126,-0.663610,-1.414504,-0.072058,-6.636098,-548.628052,-0.662214,0.000000
29.390001,-0.307938,-548.805969,-0.012236,-0.026120,-0.663436,-1.369775,-0.069780,-6.634364,-548.805969,-0.662057,0.000000
29.400002,-0.303101,-548.717041,-0.012236,-0.026111,-0.663211,-1.348259,-0.068684,-6.632109,-548.717041,-0.661884,0.000000
29.410002,-0.321350,-548.717041,-0.012335,-0.026101,-0.662968,-1.429437,-0.072819,-6.629681,-548.717041,-0.661711,0.000000
29.420002,-0.324326,-548.805969,-0.012301,-0.026094,-0.662795,-1.442672,-0.073493,-6.627946,-548.805969,-0.661554,0.000000
29.430002,-0.320236,-548.672546,-0.012292,-0.026088,-0.662647,-1.424482,-0.072567,-6.626472,-548.672546,-0.661381,0.000000
29.440001,-0.332901,-548.805969,-0.012240,-0.026082,-0.662474,-1.480818,-0.075436,-6.624737,-548.805969,-0.661225,0.000000
29.450001,-0.322464,-548.672546,-0.012176,-0.026074,-0.662283,-1.434391,-0.073071,-6.622829,-548.672546,-0.661051,0.000000
29.460001,-0.343689,-548.761475,-0.012189,-0.026067,-0.662109,-1.528805,-0.077881,-6.621095,-548.761475,-0.660878,0.000000
29.470001,-0.346664,-548.805969,-0.012197,-0.026061,-0.661962,-1.542040,-0.078555,-6.619621,-548.805969,-0.660722,0.000000
29.480001,-0.348526,-548.717041,-0.012223,-0.026055,-0.661806,-1.550321,-0.078977,-6.618060,-548.717041,-0.660548,0.000000
29.490002,-0.361572,-548.805969,-0.012262,-0.026049,-0.661650,-1.608354,-0.081933,-6.616499,-548.805969,-0.660375,0.000000
29.500002,-0.345184,-548.717041,-0.012322,-0.026044,-0.661520,-1.535457,-0.078220,-6.615198,-548.717041,-0.660219,0.000000
29.510002,-0.341461,-548.761475,-0.012271,-0.026039,-0.661398,-1.518895,-0.077376,-6.613984,-548.761475,-0.660046,0.000000
29.520000,-0.333633,-548.717041,-0.012327,-0.026036,-0.661303,-1.484076,-0.075602,-6.613030,-548.717041,-0.659889,0.000000
29.530001,-0.335129,-548.717041,-0.012318,-0.026031,-0.661199,-1.490727,-0.075941,-6.611989,-548.717041,-0.659716,0.000000
29.540001,-0.340347,-548.805969,-0.012305,-0.026024,-0.661017,-1.513940,-0.077124,-6.610168,-548.805969,-0.659543,0.000000
29.550001,-0.327301,-548.672546,-0.012309,-0.026015,-0.660783,-1.455908,-0.074167,-6.607826,-548.672546,-0.659386,0.000000
29.560001,-0.322845,-548.717041,-0.012271,-0.026005,-0.660531,-1.436088,-0.073158,-6.605311,-548.717041,-0.659213,0.000000
29.570002,-0.315018,-548.805969,-0.012296,-0.025997,-0.660332,-1.401269,-0.071384,-6.603317,-548.805969,-0.659057,0.000000
29.580002,-0.304214,-548.761475,-0.012305,-0.025990,-0.660150,-1.353214,-0.068936,-6.601496,-548.761475,-0.658883,0.000000
29.590002,-0.305344,-548.761475,-0.012266,-0.025980,-0.659898,-1.358236,-0.069192,-6.598981,-548.761475,-0.658710,0.000000
29.600002,-0.306458,-548.717041,-0.012249,-0.025972,-0.659690,-1.363191,-0.069444,-6.596899,-548.717041,-0.658554,0.000000
29.610001,-0.296768,-548.672546,-0.012236,-0.025966,-0.659534,-1.320091,-0.067249,-6.595338,-548.672546,-0.658380,0.000000
29.620001,-0.290070,-548.805969,-0.012219,-0.025960,-0.659386,-1.290294,-0.065731,-6.593864,-548.805969,-0.658224,0.000000
29.630001,-0.300125,-548.717041,-0.012223,-0.025953,-0.659204,-1.335023,-0.068009,-6.592043,-548.717041,-0.658051,0.000000
29.640001,-0.307205,-548.805969,-0.012215,-0.025946,-0.659031,-1.366517,-0.069614,-6.590308,-548.805969,-0.657877,0.000000
29.650002,-0.314651,-548.717041,-0.012176,-0.025940,-0.658875,-1.399640,-0.071301,-6.588748,-548.717041,-0.657721,0.000000
29.660002,-0.334381,-548.761475,-0.012189,-0.025934,-0.658727,-1.487401,-0.075772,-6.587273,-548.761475,-0.657548,0.000000
29.670002,-0.335495,-548.761475,-0.012171,-0.025928,-0.658580,-1.492356,-0.076024,-6.585799,-548.761475,-0.657392,0.000000
29.680002,-0.345932,-548.717041,-0.012240,-0.025922,-0.658415,-1.538782,-0.078389,-6.584151,-548.717041,-0.657218,0.000000
29.690001,-0.338104,-548.850464,-0.012279,-0.025917,-0.658285,-1.503963,-0.076616,-6.582850,-548.850464,-0.657045,0.000000
29.700001,-0.334763,-548.717041,-0.012314,-0.025912,-0.658172,-1.489098,-0.075858,-6.581723,-548.717041,-0.656889,0.000000
29.710001,-0.337357,-548.717041,-0.012305,-0.025908,-0.658060,-1.500637,-0.076446,-6.580595,-548.717041,-0.656715,0.000000
29.720001,-0.332901,-548.850464,-0.012318,-0.025901,-0.657886,-1.480818,-0.075436,-6.578861,-548.850464,-0.656559,0.000000
29.730001,-0.323212,-548.672546,-0.012301,-0.025893,-0.657687,-1.437717,-0.073241,-6.576866,-548.672546,-0.656386,0.000000
29.740002,-0.314651,-548.805969,-0.012301,-0.025886,-0.657504,-1.399640,-0.071301,-6.575045,-548.805969,-0.656212,0.000000
29.750002,-0.314651,-548.761475,-0.012327,-0.025880,-0.657340,-1.399640,-0.071301,-6.573397,-548.761475,-0.656056,0.000000
29.760002,-0.301987,-548.761475,-0.012305,-0.025874,-0.657201,-1.343304,-0.068431,-6.572010,-548.761475,-0.655883,0.000000
29.770002,-0.284119,-548.805969,-0.012296,-0.025869,-0.657071,-1.263823,-0.064382,-6.570709,-548.805969,-0.655727,0.000000
29.780001,-0.285599,-548.672546,-0.012288,-0.025862,-0.656906,-1.270407,-0.064718,-6.569061,-548.672546,-0.655553,0.000000
29.790001,-0.284485,-548.805969,-0.012292,-0.025856,-0.656750,-1.265452,-0.064465,-6.567501,-548.805969,-0.655380,0.000000
29.800001,-0.287460,-548.717041,-0.012258,-0.025848,-0.656551,-1.278687,-0.065139,-6.565506,-548.717041,-0.655224,0.000000
29.810001,-0.289703,-548.761475,-0.012240,-0.025841,-0.656360,-1.288665,-0.065648,-6.563598,-548.761475,-0.655050,0.000000
29.820002,-0.299011,-548.805969,-0.012258,-0.025834,-0.656178,-1.330068,-0.067757,-6.561777,-548.805969,-0.654894,0.000000
29.830002,-0.297150,-548.628052,-0.012245,-0.025826,-0.655987,-1.321788,-0.067335,-6.559869,-548.628052,-0.654721,0.000000
29.840002,-0.301239,-548.805969,-0.012288,-0.025819,-0.655796,-1.339978,-0.068262,-6.557961,-548.805969,-0.654547,0.000000
29.850002,-0.318375,-548.761475,-0.012292,-0.025812,-0.655614,-1.416201,-0.072145,-6.556139,-548.761475,-0.654391,0.000000
29.860001,-0.346298,-548.717041,-0.012305,-0.025806,-0.655467,-1.540411,-0.078472,-6.554666,-548.717041,-0.654218,0.000000
29.870001,-0.336243,-548.805969,-0.012327,-0.025801,-0.655354,-1.495682,-0.076194,-6.553538,-548.805969,-0.654062,0.000000
29.880001,-0.331039,-548.717041,-0.012284,-0.025797,-0.655241,-1.472537,-0.075015,-6.552411,-548.717041,-0.653888,0.000000
29.890001,-0.336624,-548.850464,-0.012292,-0.025792,-0.655111,-1.497379,-0.076280,-6.551110,-548.850464,-0.653715,0.000000
29.900002,-0.336990,-548.717041,-0.012309,-0.025786,-0.654955,-1.499008,-0.076363,-6.549549,-548.717041,-0.653559,0.000000
29.910002,-0.328430,-548.717041,-0.012301,-0.025778,-0.654773,-1.460930,-0.074423,-6.547728,-548.717041,-0.653385,0.000000
29.920002,-0.319122,-548.805969,-0.012309,-0.025770,-0.654565,-1.419527,-0.072314,-6.545647,-548.805969,-0.653212,0.000000
29.930002,-0.314651,-548.672546,-0.012279,-0.025762,-0.654348,-1.399640,-0.071301,-6.543478,-548.672546,-0.653056,0.000000
29.940001,-0.315399,-548.850464,-0.012314,-0.025754,-0.654157,-1.402966,-0.071470,-6.541570,-548.850464,-0.652882,0.000000
29.950001,-0.318741,-548.761475,-0.012305,-0.025749,-0.654027,-1.417830,-0.072228,-6.540270,-548.761475,-0.652726,0.000000
29.960001,-0.307571,-548.717041,-0.012296,-0.025745,-0.653923,-1.368146,-0.069697,-6.539229,-548.717041,-0.652553,0.000000
29.970001,-0.306458,-548.805969,-0.012279,-0.025740,-0.653801,-1.363191,-0.069444,-6.538015,-548.805969,-0.652379,0.000000
29.980001,-0.304214,-548.717041,-0.012275,-0.025735,-0.653663,-1.353214,-0.068936,-6.536627,-548.717041,-0.652223,0.000000
29.990002,-0.297897,-548.894958,-0.012279,-0.025730,-0.653533,-1.325114,-0.067505,-6.535326,-548.894958,-0.652050,0.000000
30.000002,-0.296036,-548.761475,-0.012292,-0.025725,-0.653403,-1.316833,-0.067083,-6.534026,-548.761475,-0.651894,0.000000
30.010002,-0.306458,-548.805969,-0.012296,-0.025718,-0.653229,-1.363191,-0.069444,-6.532291,-548.805969,-0.651720,0.000000
30.020002,-0.305344,-548.805969,-0.012318,-0.025708,-0.652986,-1.358236,-0.069192,-6.529863,-548.805969,-0.651547,0.000000
30.030001,-0.298264,-548.717041,-0.012296,-0.025698,-0.652717,-1.326743,-0.067587,-6.527174,-548.717041,-0.651391,0.000000
30.040001,-0.291565,-548.805969,-0.012275,-0.025689,-0.652501,-1.296946,-0.066070,-6.525007,-548.805969,-0.651217,0.000000
30.050001,-0.317261,-548.761475,-0.012249,-0.025682,-0.652318,-1.411246,-0.071892,-6.523185,-548.761475,-0.651061,0.000000
30.060001,-0.327682,-548.761475,-0.012232,-0.025675,-0.652145,-1.457605,-0.074254,-6.521451,-548.761475,-0.650888,0.000000
30.070002,-0.334763,-548.805969,-0.012223,-0.025669,-0.651980,-1.489098,-0.075858,-6.519803,-548.805969,-0.650714,0.000000
30.080002,-0.327301,-548.672546,-0.012219,-0.025663,-0.651842,-1.455908,-0.074167,-6.518415,-548.672546,-0.650558,0.000000
30.090002,-0.328049,-548.850464,-0.012206,-0.025659,-0.651729,-1.459234,-0.074337,-6.517288,-548.850464,-0.650385,0.000000
30.100002,-0.327682,-548.805969,-0.012219,-0.025653,-0.651599,-1.457605,-0.074254,-6.515987,-548.805969,-0.650229,0.000000
30.110001,-0.320236,-548.761475,-0.012180,-0.025647,-0.651443,-1.424482,-0.072567,-6.514426,-548.761475,-0.650055,0.000000
30.120001,-0.321716,-548.805969,-0.012180,-0.025640,-0.651260,-1.431066,-0.072902,-6.512605,-548.805969,-0.649882,0.000000
30.130001,-0.317261,-548.672546,-0.012163,-0.025633,-0.651070,-1.411246,-0.071892,-6.510697,-548.672546,-0.649725,0.000000
30.140001,-0.319489,-548.850464,-0.012180,-0.025625,-0.650888,-1.421156,-0.072397,-6.508876,-548.850464,-0.649552,0.000000
30.150002,-0.310547,-548.761475,-0.012176,-0.025620,-0.650757,-1.381382,-0.070371,-6.507575,-548.761475,-0.649396,0.000000
30.160002,-0.300491,-548.717041,-0.012210,-0.025614,-0.650593,-1.336652,-0.068092,-6.505928,-548.717041,-0.649222,0.000000
30.170002,-0.310928,-548.761475,-0.012189,-0.025608,-0.650437,-1.383078,-0.070457,-6.504366,-548.761475,-0.649049,0.000000
30.180002,-0.312042,-548.717041,-0.012189,-0.025602,-0.650281,-1.388033,-0.070710,-6.502805,-548.717041,-0.648893,0.000000
30.190001,-0.315018,-548.850464,-0.012193,-0.025595,-0.650124,-1.401269,-0.071384,-6.501245,-548.850464,-0.648720,0.000000
30.200001,-0.312790,-548.717041,-0.012189,-0.025590,-0.649986,-1.391359,-0.070879,-6.499857,-548.717041,-0.648563,0.000000
30.210001,-0.313904,-548.761475,-0.012171,-0.025585,-0.649847,-1.396314,-0.071132,-6.498469,-548.761475,-0.648390,0.000000
30.220001,-0.318741,-548.894958,-0.012189,-0.025576,-0.649621,-1.417830,-0.072228,-6.496214,-548.894958,-0.648217,0.000000
30.230001,-0.315018,-548.672546,-0.012171,-0.025564,-0.649335,-1.401269,-0.071384,-6.493352,-548.672546,-0.648060,0.000000
30.240002,-0.335129,-548.805969,-0.012206,-0.025554,-0.649075,-1.490727,-0.075941,-6.490751,-548.805969,-0.647887,0.000000
30.250002,-0.343323,-548.717041,-0.012193,-0.025547,-0.648893,-1.527176,-0.077798,-6.488930,-548.717041,-0.647731,0.000000
30.260002,-0.344437,-548.717041,-0.012210,-0.025543,-0.648789,-1.532131,-0.078050,-6.487889,-548.717041,-0.647557,0.000000
30.270002,-0.355988,-548.761475,-0.012171,-0.025539,-0.648694,-1.583512,-0.080668,-6.486935,-548.761475,-0.647384,0.000000
30.280001,-0.355606,-548.717041,-0.012180,-0.025535,-0.648598,-1.581815,-0.080581,-6.485981,-548.717041,-0.647228,0.000000
30.290001,-0.363800,-548.805969,-0.012189,-0.025531,-0.648494,-1.618263,-0.082438,-6.484941,-548.805969,-0.647054,0.000000
30.300001,-0.355988,-548.717041,-0.012193,-0.025525,-0.648338,-1.583512,-0.080668,-6.483379,-548.717041,-0.646881,0.000000
30.310001,-0.355606,-548.761475,-0.012189,-0.025516,-0.648112,-1.581815,-0.080581,-6.481125,-548.761475,-0.646725,0.000000
30.320002,-0.330292,-548.805969,-0.012184,-0.025508,-0.647904,-1.469211,-0.074845,-6.479043,-548.805969,-0.646551,0.000000
30.330002,-0.341461,-548.717041,-0.012210,-0.025501,-0.647722,-1.518895,-0.077376,-6.477222,-548.717041,-0.646395,0.000000
30.340002,-0.341080,-548.894958,-0.012184,-0.025495,-0.647566,-1.517198,-0.077290,-6.475661,-548.894958,-0.646222,0.000000
30.350002,-0.327301,-548.717041,-0.012206,-0.025490,-0.647436,-1.455908,-0.074167,-6.474360,-548.717041,-0.646048,0.000000
30.360001,-0.327682,-548.761475,-0.012236,-0.025484,-0.647306,-1.457605,-0.074254,-6.473059,-548.761475,-0.645892,0.000000
30.370001,-0.322464,-548.850464,-0.012232,-0.025480,-0.647193,-1.434391,-0.073071,-6.471932,-548.850464,-0.645719,0.000000
30.380001,-0.327682,-548.717041,-0.012202,-0.025476,-0.647098,-1.457605,-0.074254,-6.470978,-548.717041,-0.645563,0.000000
30.390001,-0.332901,-548.805969,-0.012206,-0.025473,-0.647002,-1.480818,-0.075436,-6.470024,-548.805969,-0.645389,0.000000
30.400002,-0.336624,-548.717041,-0.012197,-0.025467,-0.646864,-1.497379,-0.076280,-6.468637,-548.717041,-0.645216,0.000000
30.410002,-0.326569,-548.761475,-0.012206,-0.025458,-0.646621,-1.452650,-0.074001,-6.466208,-548.761475,-0.645060,0.000000
30.420002,-0.344437,-548.850464,-0.012176,-0.025446,-0.646317,-1.532131,-0.078050,-6.463173,-548.850464,-0.644886,0.000000
30.430002,-0.343323,-548.717041,-0.012206,-0.025435,-0.646057,-1.527176,-0.077798,-6.460572,-548.717041,-0.644730,0.000000
30.440001,-0.338852,-548.805969,-0.012189,-0.025428,-0.645866,-1.507289,-0.076785,-6.458663,-548.805969,-0.644557,0.000000
30.450001,-0.349274,-548.761475,-0.012180,-0.025423,-0.645754,-1.553647,-0.079147,-6.457536,-548.761475,-0.644383,0.000000
30.460001,-0.353745,-548.761475,-0.012176,-0.025420,-0.645658,-1.573534,-0.080160,-6.456582,-548.761475,-0.644227,0.000000
30.470001,-0.351517,-548.894958,-0.012193,-0.025416,-0.645563,-1.563625,-0.079655,-6.455628,-548.894958,-0.644054,0.000000
30.480001,-0.358963,-548.717041,-0.012215,-0.025410,-0.645424,-1.596747,-0.081342,-6.454241,-548.717041,-0.643898,0.000000
30.490002,-0.344803,-548.850464,-0.012322,-0.025406,-0.645303,-1.533760,-0.078133,-6.453027,-548.850464,-0.643724,0.000000
30.500002,-0.347046,-548.761475,-0.012348,-0.025400,-0.645173,-1.543737,-0.078642,-6.451726,-548.761475,-0.643551,0.000000
30.510002,-0.347046,-548.717041,-0.012296,-0.025395,-0.645034,-1.543737,-0.078642,-6.450338,-548.717041,-0.643395,0.000000
30.520002,-0.333633,-548.850464,-0.012309,-0.025390,-0.644904,-1.484076,-0.075602,-6.449038,-548.850464,-0.643221,0.000000
30.530001,-0.337738,-548.761475,-0.012344,-0.025383,-0.644730,-1.502334,-0.076533,-6.447303,-548.761475,-0.643065,0.000000
30.540001,-0.329544,-548.850464,-0.012292,-0.025374,-0.644487,-1.465885,-0.074676,-6.444875,-548.850464,-0.642892,0.000000
30.550001,-0.332153,-548.717041,-0.012318,-0.025362,-0.644201,-1.477492,-0.075267,-6.442013,-548.717041,-0.642718,0.000000
30.560001,-0.332520,-548.717041,-0.012314,-0.025351,-0.643906,-1.479121,-0.075350,-6.439065,-548.717041,-0.642562,0.000000
30.570002,-0.329163,-548.850464,-0.012292,-0.025342,-0.643698,-1.464188,-0.074589,-6.436983,-548.850464,-0.642389,0.000000
30.580002,-0.336624,-548.717041,-0.012236,-0.025337,-0.643560,-1.497379,-0.076280,-6.435596,-548.717041,-0.642233,0.000000
30.590002,-0.336243,-548.850464,-0.012253,-0.025332,-0.643421,-1.495682,-0.076194,-6.434208,-548.850464,-0.642059,0.000000
30.600002,-0.337738,-548.717041,-0.012249,-0.025325,-0.643247,-1.502334,-0.076533,-6.432474,-548.717041,-0.641886,0.000000
30.610001,-0.331039,-548.761475,-0.012249,-0.025318,-0.643065,-1.472537,-0.075015,-6.430653,-548.761475,-0.641730,0.000000
30.620001,-0.333633,-548.805969,-0.012210,-0.025311,-0.642909,-1.484076,-0.075602,-6.429091,-548.805969,-0.641556,0.000000
30.630001,-0.339966,-548.717041,-0.012202,-0.025306,-0.642762,-1.512244,-0.077037,-6.427617,-548.717041,-0.641400,0.000000
30.640001,-0.351883,-548.850464,-0.012262,-0.025302,-0.642666,-1.565253,-0.079738,-6.426663,-548.850464,-0.641227,0.000000
30.650002,-0.352631,-548.672546,-0.012245,-0.025299,-0.642597,-1.568579,-0.079907,-6.425969,-548.672546,-0.641053,0.000000
30.660002,-0.363052,-548.761475,-0.012262,-0.025294,-0.642458,-1.614938,-0.082269,-6.424582,-548.761475,-0.640897,0.000000
30.670002,-0.373856,-548.805969,-0.012258,-0.025286,-0.642267,-1.662993,-0.084717,-6.422674,-548.805969,-0.640724,0.000000
30.680002,-0.373108,-548.717041,-0.012292,-0.025280,-0.642120,-1.659667,-0.084547,-6.421200,-548.717041,-0.640550,0.000000
30.690001,-0.369385,-548.805969,-0.012318,-0.025275,-0.641981,-1.643106,-0.083704,-6.419812,-548.805969,-0.640394,0.000000
30.700001,-0.369019,-548.805969,-0.012288,-0.025269,-0.641842,-1.641477,-0.083621,-6.418425,-548.805969,-0.640221,0.000000
30.710001,-0.355240,-548.805969,-0.012288,-0.025264,-0.641695,-1.580186,-0.080499,-6.416950,-548.805969,-0.640065,0.000000
30.720001,-0.343323,-548.805969,-0.012305,-0.025255,-0.641487,-1.527176,-0.077798,-6.414868,-548.805969,-0.639891,0.000000
30.730001,-0.332520,-548.761475,-0.012301,-0.025246,-0.641244,-1.479121,-0.075350,-6.412440,-548.761475,-0.639718,0.000000
30.740002,-0.343689,-548.894958,-0.012292,-0.025236,-0.640993,-1.528805,-0.077881,-6.409925,-548.894958,-0.639562,0.000000
30.750002,-0.326569,-548.805969,-0.012288,-0.025227,-0.640758,-1.452650,-0.074001,-6.407584,-548.805969,-0.639388,0.000000
30.760002,-0.310547,-548.761475,-0.012335,-0.025220,-0.640585,-1.381382,-0.070371,-6.405849,-548.761475,-0.639232,0.000000
30.770002,-0.334763,-548.850464,-0.012305,-0.025214,-0.640438,-1.489098,-0.075858,-6.404376,-548.850464,-0.639059,0.000000
30.780001,-0.329910,-548.717041,-0.012258,-0.025209,-0.640299,-1.467514,-0.074759,-6.402987,-548.717041,-0.638885,0.000000
30.790001,-0.328049,-548.850464,-0.012279,-0.025203,-0.640169,-1.459234,-0.074337,-6.401687,-548.850464,-0.638729,0.000000
30.800001,-0.341827,-548.805969,-0.012245,-0.025198,-0.640030,-1.520524,-0.077459,-6.400300,-548.805969,-0.638556,0.000000
30.810001,-0.354126,-548.761475,-0.012236,-0.025190,-0.639830,-1.575231,-0.080246,-6.398305,-548.761475,-0.638400,0.000000
30.820002,-0.354126,-548.850464,-0.012206,-0.025182,-0.639622,-1.575231,-0.080246,-6.396223,-548.850464,-0.638226,0.000000
30.830002,-0.347412,-548.717041,-0.012219,-0.025175,-0.639449,-1.545366,-0.078725,-6.394489,-548.717041,-0.638053,0.000000
30.840002,-0.363434,-548.894958,-0.012223,-0.025169,-0.639293,-1.616634,-0.082355,-6.392928,-548.894958,-0.637897,0.000000
30.850002,-0.360825,-548.717041,-0.012210,-0.025166,-0.639215,-1.605028,-0.081764,-6.392147,-548.717041,-0.637723,0.000000
30.860001,-0.371628,-548.761475,-0.012193,-0.025163,-0.639145,-1.653083,-0.084212,-6.391454,-548.761475,-0.637567,0.000000
30.870001,-0.374222,-548.805969,-0.012253,-0.025159,-0.639050,-1.664622,-0.084800,-6.390500,-548.805969,-0.637394,0.000000
30.880001,-0.376465,-548.717041,-0.012279,-0.025153,-0.638885,-1.674599,-0.085308,-6.388852,-548.717041,-0.637220,0.000000
30.890001,-0.379440,-548.894958,-0.012340,-0.025145,-0.638677,-1.687835,-0.085982,-6.386770,-548.894958,-0.637064,0.000000
30.900002,-0.370499,-548.717041,-0.012335,-0.025135,-0.638417,-1.648060,-0.083956,-6.384169,-548.717041,-0.636891,0.000000
30.910002,-0.361191,-548.761475,-0.012314,-0.025125,-0.638174,-1.606657,-0.081847,-6.381741,-548.761475,-0.636734,0.000000
30.920002,-0.340347,-548.850464,-0.012309,-0.025117,-0.637966,-1.513940,-0.077124,-6.379660,-548.850464,-0.636561,0.000000
30.930002,-0.338852,-548.805969,-0.012296,-0.025108,-0.637749,-1.507289,-0.076785,-6.377491,-548.805969,-0.636388,0.000000
30.940001,-0.331772,-548.850464,-0.012240,-0.025101,-0.637558,-1.475795,-0.075181,-6.375583,-548.850464,-0.636231,0.000000
30.950001,-0.327301,-548.761475,-0.012275,-0.025096,-0.637446,-1.455908,-0.074167,-6.374456,-548.761475,-0.636058,0.000000
30.960001,-0.334381,-548.805969,-0.012288,-0.025094,-0.637394,-1.487401,-0.075772,-6.373936,-548.805969,-0.635902,0.000000
30.970001,-0.347412,-548.805969,-0.012288,-0.025090,-0.637289,-1.545366,-0.078725,-6.372895,-548.805969,-0.635728,0.000000
30.980001,-0.353378,-548.717041,-0.012271,-0.025084,-0.637125,-1.571905,-0.080077,-6.371247,-548.717041,-0.635555,0.000000
30.990002,-0.347412,-548.850464,-0.012279,-0.025075,-0.636917,-1.545366,-0.078725,-6.369166,-548.850464,-0.635399,0.000000
31.000002,-0.355988,-548.717041,-0.012184,-0.025066,-0.636674,-1.583512,-0.080668,-6.366738,-548.717041,-0.635225,0.000000
31.010002,-0.351135,-548.805969,-0.012219,-0.025057,-0.636457,-1.561928,-0.079568,-6.364570,-548.805969,-0.635069,0.000000
31.020002,-0.353378,-548.805969,-0.012197,-0.025049,-0.636249,-1.571905,-0.080077,-6.362488,-548.805969,-0.634896,0.000000
31.030001,-0.368271,-548.761475,-0.012197,-0.025043,-0.636084,-1.638151,-0.083451,-6.360840,-548.761475,-0.634723,0.000000
31.040001,-0.374603,-548.805969,-0.012189,-0.025038,-0.635963,-1.666319,-0.084886,-6.359626,-548.805969,-0.634566,0.000000
31.050001,-0.374969,-548.805969,-0.012219,-0.025034,-0.635859,-1.667948,-0.084969,-6.358586,-548.805969,-0.634393,0.000000
31.060001,-0.380188,-548.717041,-0.012258,-0.025031,-0.635781,-1.691161,-0.086152,-6.357805,-548.717041,-0.634220,0.000000
31.070002,-0.386520,-548.894958,-0.012271,-0.025027,-0.635676,-1.719329,-0.087587,-6.356765,-548.894958,-0.634063,0.000000
31.080002,-0.375351,-548.761475,-0.012301,-0.025019,-0.635494,-1.669644,-0.085056,-6.354943,-548.761475,-0.633890,0.000000
31.090002,-0.359711,-548.894958,-0.012301,-0.025009,-0.635225,-1.600073,-0.081512,-6.352255,-548.894958,-0.633734,0.000000
31.100002,-0.352264,-548.717041,-0.012301,-0.024998,-0.634939,-1.566950,-0.079824,-6.349393,-548.717041,-0.633560,0.000000
31.110001,-0.344070,-548.805969,-0.012327,-0.024989,-0.634731,-1.530502,-0.077967,-6.347312,-548.805969,-0.633387,0.000000
31.120001,-0.334763,-548.894958,-0.012318,-0.024983,-0.634575,-1.489098,-0.075858,-6.345751,-548.894958,-0.633231,0.000000
31.130001,-0.323578,-548.717041,-0.012309,-0.024976,-0.634393,-1.439346,-0.073324,-6.343930,-548.717041,-0.633057,0.000000
31.140001,-0.319122,-548.850464,-0.012352,-0.024971,-0.634263,-1.419527,-0.072314,-6.342629,-548.850464,-0.632901,0.000000
31.150002,-0.318741,-548.761475,-0.012309,-0.024966,-0.634133,-1.417830,-0.072228,-6.341328,-548.761475,-0.632728,0.000000
31.160002,-0.332153,-548.761475,-0.012279,-0.024959,-0.633968,-1.477492,-0.075267,-6.339680,-548.761475,-0.632554,0.000000
31.170002,-0.344437,-548.850464,-0.012271,-0.024951,-0.633760,-1.532131,-0.078050,-6.337599,-548.850464,-0.632398,0.000000
31.180002,-0.341080,-548.805969,-0.012253,-0.024944,-0.633569,-1.517198,-0.077290,-6.335691,-548.805969,-0.632225,0.000000
31.190001,-0.336243,-548.850464,-0.012219,-0.024938,-0.633413,-1.495682,-0.076194,-6.334130,-548.850464,-0.632069,0.000000
31.200001,-0.345184,-548.805969,-0.012150,-0.024932,-0.633283,-1.535457,-0.078220,-6.332829,-548.805969,-0.631895,0.000000
31.210001,-0.350769,-548.850464,-0.012146,-0.024926,-0.633109,-1.560299,-0.079485,-6.331095,-548.850464,-0.631722,0.000000
31.220001,-0.352997,-548.850464,-0.012189,-0.024918,-0.632927,-1.570208,-0.079990,-6.329274,-548.850464,-0.631566,0.000000
31.230001,-0.358582,-548.672546,-0.012189,-0.024912,-0.632754,-1.595050,-0.081256,-6.327539,-548.672546,-0.631392,0.000000
31.240002,-0.359329,-548.805969,-0.012219,-0.024906,-0.632607,-1.598376,-0.081425,-6.326065,-548.805969,-0.631236,0.000000
31.250002,-0.362686,-548.717041,-0.012206,-0.024899,-0.632442,-1.613309,-0.082186,-6.324417,-548.717041,-0.631063,0.000000
31.260002,-0.356354,-548.805969,-0.012210,-0.024892,-0.632268,-1.585141,-0.080751,-6.322683,-548.805969,-0.630889,0.000000
31.270002,-0.362305,-548.805969,-0.012184,-0.024883,-0.632034,-1.611612,-0.082099,-6.320341,-548.805969,-0.630733,0.000000
31.280001,-0.363434,-548.805969,-0.012266,-0.024873,-0.631783,-1.616634,-0.082355,-6.317826,-548.805969,-0.630560,0.000000
31.290001,-0.329163,-548.894958,-0.012245,-0.024868,-0.631652,-1.464188,-0.074589,-6.316525,-548.894958,-0.630404,0.000000
31.300001,-0.323578,-548.761475,-0.012309,-0.024867,-0.631609,-1.439346,-0.073324,-6.316092,-548.761475,-0.630230,0.000000
31.310001,-0.333633,-548.805969,-0.012296,-0.024863,-0.631531,-1.484076,-0.075602,-6.315311,-548.805969,-0.630057,0.000000
31.320002,-0.326187,-548.805969,-0.012296,-0.024859,-0.631427,-1.450953,-0.073915,-6.314270,-548.805969,-0.629901,0.000000
31.330002,-0.307205,-548.761475,-0.012271,-0.024851,-0.631228,-1.366517,-0.069614,-6.312276,-548.761475,-0.629727,0.000000
31.340002,-0.305710,-548.850464,-0.012266,-0.024842,-0.630985,-1.359865,-0.069275,-6.309847,-548.850464,-0.629571,0.000000
31.350002,-0.315399,-548.805969,-0.012266,-0.024832,-0.630725,-1.402966,-0.071470,-6.307246,-548.805969,-0.629398,0.000000
31.360001,-0.315399,-548.761475,-0.012189,-0.024824,-0.630534,-1.402966,-0.071470,-6.305338,-548.761475,-0.629224,0.000000
31.370001,-0.315018,-548.850464,-0.012227,-0.024818,-0.630378,-1.401269,-0.071384,-6.303777,-548.850464,-0.629068,0.000000
31.380001,-0.315018,-548.717041,-0.012180,-0.024814,-0.630265,-1.401269,-0.071384,-6.302649,-548.717041,-0.628895,0.000000
31.390001,-0.322098,-548.850464,-0.012202,-0.024809,-0.630152,-1.432763,-0.072988,-6.301522,-548.850464,-0.628739,0.000000
31.400002,-0.326187,-548.761475,-0.012193,-0.024802,-0.629970,-1.450953,-0.073915,-6.299701,-548.761475,-0.628565,0.000000
31.410002,-0.321716,-548.761475,-0.012202,-0.024793,-0.629736,-1.431066,-0.072902,-6.297360,-548.761475,-0.628392,0.000000
31.420002,-0.334763,-548.894958,-0.012232,-0.024785,-0.629545,-1.489098,-0.075858,-6.295452,-548.894958,-0.628236,0.000000
31.430002,-0.348160,-548.761475,-0.012258,-0.024779,-0.629389,-1.548692,-0.078894,-6.293891,-548.761475,-0.628062,0.000000
31.440002,-0.343689,-548.894958,-0.012284,-0.024774,-0.629268,-1.528805,-0.077881,-6.292676,-548.894958,-0.627889,0.000000
31.450001,-0.340347,-548.850464,-0.012279,-0.024769,-0.629129,-1.513940,-0.077124,-6.291289,-548.850464,-0.627733,0.000000
31.460001,-0.331039,-548.805969,-0.012314,-0.024762,-0.628947,-1.472537,-0.075015,-6.289468,-548.805969,-0.627559,0.000000
31.470001,-0.323959,-548.894958,-0.012284,-0.024753,-0.628730,-1.441043,-0.073410,-6.287300,-548.894958,-0.627403,0.000000
31.480001,-0.324326,-548.761475,-0.012284,-0.024745,-0.628531,-1.442672,-0.073493,-6.285306,-548.761475,-0.627230,0.000000
31.490002,-0.322845,-548.850464,-0.012279,-0.024739,-0.628383,-1.436088,-0.073158,-6.283831,-548.850464,-0.627056,0.000000
31.500002,-0.316879,-548.761475,-0.012292,-0.024734,-0.628253,-1.409549,-0.071806,-6.282530,-548.761475,-0.626900,0.000000
31.510002,-0.307205,-548.805969,-0.012253,-0.024729,-0.628123,-1.366517,-0.069614,-6.281229,-548.805969,-0.626727,0.000000
31.520002,-0.310547,-548.894958,-0.012232,-0.024723,-0.627958,-1.381382,-0.070371,-6.279582,-548.894958,-0.626571,0.000000
31.530001,-0.317627,-548.761475,-0.012197,-0.024715,-0.627750,-1.412875,-0.071975,-6.277500,-548.761475,-0.626397,0.000000
31.540001,-0.320984,-548.850464,-0.012180,-0.024705,-0.627507,-1.427808,-0.072736,-6.275072,-548.850464,-0.626224,0.000000
31.550001,-0.328049,-548.761475,-0.012202,-0.024697,-0.627316,-1.459234,-0.074337,-6.273164,-548.761475,-0.626068,0.000000
31.560001,-0.323578,-548.805969,-0.012193,-0.024691,-0.627160,-1.439346,-0.073324,-6.271603,-548.805969,-0.625894,0.000000
31.570002,-0.332901,-548.805969,-0.012176,-0.024685,-0.626987,-1.480818,-0.075436,-6.269869,-548.805969,-0.625738,0.000000
31.580002,-0.316132,-548.805969,-0.012163,-0.024677,-0.626805,-1.406224,-0.071636,-6.268047,-548.805969,-0.625565,0.000000
31.590002,-0.327301,-548.805969,-0.012193,-0.024671,-0.626631,-1.455908,-0.074167,-6.266313,-548.805969,-0.625391,0.000000
31.600002,-0.341461,-548.805969,-0.012262,-0.024664,-0.626467,-1.518895,-0.077376,-6.264666,-548.805969,-0.625235,0.000000
31.610001,-0.340714,-548.805969,-0.012219,-0.024659,-0.626328,-1.515569,-0.077207,-6.263278,-548.805969,-0.625062,0.000000
31.620001,-0.347412,-548.894958,-0.012202,-0.024652,-0.626163,-1.545366,-0.078725,-6.261630,-548.894958,-0.624905,0.000000
31.630001,-0.350021,-548.761475,-0.012206,-0.024647,-0.626024,-1.556973,-0.079316,-6.260242,-548.761475,-0.624732,0.000000
31.640001,-0.353378,-548.894958,-0.012327,-0.024642,-0.625903,-1.571905,-0.080077,-6.259028,-548.894958,-0.624559,0.000000
31.650002,-0.333267,-548.805969,-0.012314,-0.024638,-0.625799,-1.482447,-0.075519,-6.257987,-548.805969,-0.624403,0.000000
31.660002,-0.322464,-548.805969,-0.012305,-0.024633,-0.625686,-1.434391,-0.073071,-6.256860,-548.805969,-0.624229,0.000000
31.670002,-0.332901,-548.850464,-0.012271,-0.024626,-0.625513,-1.480818,-0.075436,-6.255126,-548.850464,-0.624073,0.000000
31.680002,-0.315399,-548.805969,-0.012258,-0.024618,-0.625296,-1.402966,-0.071470,-6.252958,-548.805969,-0.623900,0.000000
31.690002,-0.312790,-548.850464,-0.012215,-0.024608,-0.625053,-1.391359,-0.070879,-6.250529,-548.850464,-0.623726,0.000000
31.700001,-0.309433,-548.717041,-0.012240,-0.024601,-0.624862,-1.376427,-0.070119,-6.248622,-548.717041,-0.623570,0.000000
31.710001,-0.300125,-548.805969,-0.012206,-0.024595,-0.624706,-1.335023,-0.068009,-6.247060,-548.805969,-0.623397,0.000000
31.720001,-0.304962,-548.894958,-0.012171,-0.024586,-0.624472,-1.356539,-0.069105,-6.244719,-548.894958,-0.623240,0.000000
31.730001,-0.301620,-548.761475,-0.012206,-0.024576,-0.624229,-1.341675,-0.068348,-6.242291,-548.761475,-0.623067,0.000000
31.740002,-0.294174,-548.894958,-0.012240,-0.024569,-0.624047,-1.308552,-0.066661,-6.240469,-548.894958,-0.622894,0.000000
31.750002,-0.295288,-548.805969,-0.012219,-0.024563,-0.623891,-1.313507,-0.066913,-6.238909,-548.805969,-0.622737,0.000000
31.760002,-0.291183,-548.805969,-0.012184,-0.024556,-0.623717,-1.295249,-0.065983,-6.237175,-548.805969,-0.622564,0.000000
31.770002,-0.294907,-548.894958,-0.012197,-0.024549,-0.623544,-1.311810,-0.066827,-6.235440,-548.894958,-0.622408,0.000000
31.780001,-0.301987,-548.805969,-0.012206,-0.024543,-0.623397,-1.343304,-0.068431,-6.233966,-548.805969,-0.622234,0.000000
31.790001,-0.326187,-548.894958,-0.012258,-0.024537,-0.623240,-1.450953,-0.073915,-6.232404,-548.894958,-0.622061,0.000000
31.800001,-0.326569,-548.805969,-0.012240,-0.024532,-0.623102,-1.452650,-0.074001,-6.231017,-548.805969,-0.621905,0.000000
31.810001,-0.333267,-548.805969,-0.012245,-0.024524,-0.622920,-1.482447,-0.075519,-6.229196,-548.805969,-0.621731,0.000000
31.820002,-0.327301,-548.850464,-0.012322,-0.024519,-0.622772,-1.455908,-0.074167,-6.227722,-548.850464,-0.621558,0.000000
31.830002,-0.322464,-548.717041,-0.012301,-0.024514,-0.622651,-1.434391,-0.073071,-6.226508,-548.717041,-0.621402,0.000000
31.840002,-0.329910,-548.850464,-0.012232,-0.024509,-0.622529,-1.467514,-0.074759,-6.225293,-548.850464,-0.621228,0.000000
31.850002,-0.334015,-548.805969,-0.012223,-0.024502,-0.622356,-1.485772,-0.075689,-6.223558,-548.805969,-0.621072,0.000000
31.860001,-0.318375,-548.850464,-0.012206,-0.024495,-0.622165,-1.416201,-0.072145,-6.221651,-548.850464,-0.620899,0.000000
31.870001,-0.311295,-548.894958,-0.012232,-0.024488,-0.622000,-1.384707,-0.070540,-6.220003,-548.894958,-0.620725,0.000000
31.880001,-0.313156,-548.761475,-0.012215,-0.024482,-0.621844,-1.392988,-0.070962,-6.218442,-548.761475,-0.620569,0.000000
31.890001,-0.301987,-548.894958,-0.012206,-0.024477,-0.621723,-1.343304,-0.068431,-6.217228,-548.894958,-0.620396,0.000000
31.900002,-0.282623,-548.805969,-0.012171,-0.024473,-0.621619,-1.257171,-0.064043,-6.216187,-548.805969,-0.620240,0.000000
31.910002,-0.279648,-548.850464,-0.012124,-0.024468,-0.621480,-1.243936,-0.063369,-6.214800,-548.850464,-0.620066,0.000000
31.920002,-0.284485,-548.894958,-0.012154,-0.024461,-0.621298,-1.265452,-0.064465,-6.212978,-548.894958,-0.619893,0.000000
31.930002,-0.288574,-548.761475,-0.012202,-0.024453,-0.621098,-1.283642,-0.065392,-6.210984,-548.761475,-0.619737,0.000000
31.940002,-0.287460,-548.939392,-0.012215,-0.024444,-0.620882,-1.278687,-0.065139,-6.208816,-548.939392,-0.619563,0.000000
31.950001,-0.292679,-548.805969,-0.012245,-0.024436,-0.620682,-1.301901,-0.066322,-6.206821,-548.805969,-0.619407,0.000000
31.960001,-0.299377,-548.805969,-0.012202,-0.024429,-0.620491,-1.331697,-0.067840,-6.204913,-548.805969,-0.619234,0.000000
31.970001,-0.300125,-548.894958,-0.012189,-0.024421,-0.620292,-1.335023,-0.068009,-6.202919,-548.894958,-0.619060,0.000000
31.980001,-0.304596,-548.761475,-0.012223,-0.024414,-0.620110,-1.354910,-0.069022,-6.201097,-548.761475,-0.618904,0.000000
31.990002,-0.328430,-548.894958,-0.012240,-0.024408,-0.619962,-1.460930,-0.074423,-6.199624,-548.894958,-0.618731,0.000000
32.000000,-0.326187,-548.761475,-0.012253,-0.024404,-0.619850,-1.450953,-0.073915,-6.198496,-548.761475,-0.618575,0.000000
32.010002,-0.332520,-548.894958,-0.012215,-0.024399,-0.619745,-1.479121,-0.075350,-6.197455,-548.894958,-0.618401,0.000000
32.020000,-0.320236,-548.894958,-0.012236,-0.024395,-0.619624,-1.424482,-0.072567,-6.196241,-548.894958,-0.618228,0.000000
32.030003,-0.312408,-548.805969,-0.012296,-0.024389,-0.619468,-1.389662,-0.070793,-6.194680,-548.805969,-0.618072,0.000000
32.040001,-0.327301,-548.894958,-0.012305,-0.024382,-0.619303,-1.455908,-0.074167,-6.193032,-548.894958,-0.617898,0.000000
32.050003,-0.318375,-548.761475,-0.012335,-0.024374,-0.619104,-1.416201,-0.072145,-6.191038,-548.761475,-0.617742,0.000000
32.060001,-0.310547,-548.805969,-0.012314,-0.024365,-0.618878,-1.381382,-0.070371,-6.188783,-548.805969,-0.617569,0.000000
32.070000,-0.308319,-548.850464,-0.012284,-0.024358,-0.618688,-1.371472,-0.069866,-6.186875,-548.850464,-0.617395,0.000000
32.080002,-0.317993,-548.805969,-0.012279,-0.024352,-0.618549,-1.414504,-0.072058,-6.185487,-548.805969,-0.617239,0.000000
32.090000,-0.307205,-548.894958,-0.012240,-0.024349,-0.618453,-1.366517,-0.069614,-6.184534,-548.894958,-0.617066,0.000000
32.100002,-0.290817,-548.761475,-0.012206,-0.024344,-0.618341,-1.293620,-0.065900,-6.183406,-548.761475,-0.616910,0.000000
32.110001,-0.293793,-548.850464,-0.012189,-0.024339,-0.618202,-1.306855,-0.066574,-6.182018,-548.850464,-0.616736,0.000000
32.120003,-0.291565,-548.850464,-0.012206,-0.024333,-0.618054,-1.296946,-0.066070,-6.180544,-548.850464,-0.616563,0.000000
32.130001,-0.300873,-548.761475,-0.012176,-0.024327,-0.617916,-1.338349,-0.068179,-6.179157,-548.761475,-0.616407,0.000000
32.140003,-0.303482,-548.894958,-0.012197,-0.024321,-0.617751,-1.349956,-0.068770,-6.177509,-548.894958,-0.616233,0.000000
32.150002,-0.309433,-548.761475,-0.012202,-0.024312,-0.617517,-1.376427,-0.070119,-6.175167,-548.761475,-0.616077,0.000000
32.160000,-0.307205,-548.894958,-0.012193,-0.024301,-0.617257,-1.366517,-0.069614,-6.172565,-548.894958,-0.615904,0.000000
32.170002,-0.297897,-548.894958,-0.012227,-0.024293,-0.617031,-1.325114,-0.067505,-6.170311,-548.894958,-0.615730,0.000000
32.180000,-0.319122,-548.761475,-0.012249,-0.024286,-0.616875,-1.419527,-0.072314,-6.168750,-548.761475,-0.615574,0.000000
32.190002,-0.340714,-548.850464,-0.012327,-0.024280,-0.616719,-1.515569,-0.077207,-6.167189,-548.850464,-0.615401,0.000000
32.200001,-0.335876,-548.850464,-0.012296,-0.024274,-0.616554,-1.494053,-0.076111,-6.165541,-548.850464,-0.615227,0.000000
32.210003,-0.322098,-548.805969,-0.012292,-0.024267,-0.616389,-1.432763,-0.072988,-6.163894,-548.805969,-0.615071,0.000000
32.220001,-0.335495,-548.894958,-0.012301,-0.024262,-0.616251,-1.492356,-0.076024,-6.162506,-548.894958,-0.614898,0.000000
32.230003,-0.321716,-548.761475,-0.012288,-0.024256,-0.616112,-1.431066,-0.072902,-6.161118,-548.761475,-0.614742,0.000000
32.240002,-0.319489,-548.939392,-0.012279,-0.024250,-0.615956,-1.421156,-0.072397,-6.159557,-548.939392,-0.614568,0.000000
32.250000,-0.315018,-548.850464,-0.012236,-0.024243,-0.615782,-1.401269,-0.071384,-6.157823,-548.850464,-0.614395,0.000000
32.260002,-0.316132,-548.850464,-0.012189,-0.024236,-0.615583,-1.406224,-0.071636,-6.155828,-548.850464,-0.614239,0.000000
32.270000,-0.315765,-548.939392,-0.012206,-0.024228,-0.615392,-1.404595,-0.071553,-6.153920,-548.939392,-0.614065,0.000000
32.280003,-0.314651,-548.761475,-0.012223,-0.024223,-0.615253,-1.399640,-0.071301,-6.152533,-548.761475,-0.613909,0.000000
32.290001,-0.314270,-548.939392,-0.012271,-0.024217,-0.615106,-1.397943,-0.071215,-6.151059,-548.939392,-0.613736,0.000000
32.300003,-0.314270,-548.805969,-0.012292,-0.024211,-0.614958,-1.397943,-0.071215,-6.149584,-548.805969,-0.613562,0.000000
32.310001,-0.313538,-548.894958,-0.012318,-0.024205,-0.614802,-1.394685,-0.071049,-6.148024,-548.894958,-0.613406,0.000000
32.320000,-0.319489,-548.850464,-0.012305,-0.024199,-0.614655,-1.421156,-0.072397,-6.146549,-548.850464,-0.613233,0.000000
32.330002,-0.314651,-548.761475,-0.012288,-0.024193,-0.614490,-1.399640,-0.071301,-6.144901,-548.761475,-0.613077,0.000000
32.340000,-0.304214,-548.939392,-0.012236,-0.024187,-0.614351,-1.353214,-0.068936,-6.143514,-548.939392,-0.612903,0.000000
32.350002,-0.313904,-548.805969,-0.012206,-0.024179,-0.614152,-1.396314,-0.071132,-6.141519,-548.805969,-0.612730,0.000000
32.360001,-0.319855,-548.761475,-0.012176,-0.024168,-0.613874,-1.422785,-0.072480,-6.138744,-548.761475,-0.612574,0.000000
32.370003,-0.334015,-548.894958,-0.012184,-0.024158,-0.613614,-1.485772,-0.075689,-6.136142,-548.894958,-0.612400,0.000000
32.380001,-0.362305,-548.805969,-0.012215,-0.024150,-0.613415,-1.611612,-0.082099,-6.134148,-548.805969,-0.612244,0.000000
32.390003,-0.352997,-548.894958,-0.012240,-0.024146,-0.613302,-1.570208,-0.079990,-6.133020,-548.894958,-0.612071,0.000000
32.400002,-0.357468,-548.805969,-0.012253,-0.024142,-0.613207,-1.590096,-0.081003,-6.132066,-548.805969,-0.611897,0.000000
32.410000,-0.357849,-548.850464,-0.012292,-0.024138,-0.613111,-1.591792,-0.081090,-6.131113,-548.850464,-0.611741,0.000000
32.420002,-0.351517,-548.939392,-0.012240,-0.024135,-0.613025,-1.563625,-0.079655,-6.130245,-548.939392,-0.611568,0.000000
32.430000,-0.343689,-548.717041,-0.012206,-0.024130,-0.612894,-1.528805,-0.077881,-6.128944,-548.717041,-0.611412,0.000000
32.440002,-0.351135,-548.894958,-0.012223,-0.024121,-0.612678,-1.561928,-0.079568,-6.126777,-548.894958,-0.611238,0.000000
32.450001,-0.343689,-548.805969,-0.012249,-0.024112,-0.612444,-1.528805,-0.077881,-6.124435,-548.805969,-0.611065,0.000000
32.460003,-0.323959,-548.850464,-0.012271,-0.024104,-0.612253,-1.441043,-0.073410,-6.122527,-548.850464,-0.610909,0.000000
32.470001,-0.335495,-548.850464,-0.012275,-0.024098,-0.612088,-1.492356,-0.076024,-6.120879,-548.850464,-0.610735,0.000000
32.480003,-0.328796,-548.805969,-0.012284,-0.024093,-0.611958,-1.462559,-0.074506,-6.119578,-548.805969,-0.610579,0.000000
32.490002,-0.331772,-548.894958,-0.012322,-0.024088,-0.611836,-1.475795,-0.075181,-6.118364,-548.894958,-0.610405,0.000000
32.500000,-0.326935,-548.850464,-0.012210,-0.024084,-0.611724,-1.454279,-0.074084,-6.117237,-548.850464,-0.610232,0.000000
32.510002,-0.332520,-548.805969,-0.012193,-0.024079,-0.611611,-1.479121,-0.075350,-6.116110,-548.805969,-0.610076,0.000000
32.520000,-0.333633,-548.850464,-0.012193,-0.024074,-0.611490,-1.484076,-0.075602,-6.114895,-548.850464,-0.609903,0.000000
32.530003,-0.342209,-548.850464,-0.012206,-0.024066,-0.611264,-1.522221,-0.077546,-6.112640,-548.850464,-0.609746,0.000000
32.540001,-0.337357,-548.939392,-0.012210,-0.024055,-0.611004,-1.500637,-0.076446,-6.110039,-548.939392,-0.609573,0.000000
32.550003,-0.331406,-548.805969,-0.012215,-0.024045,-0.610744,-1.474166,-0.075098,-6.107437,-548.805969,-0.609399,0.000000
32.560001,-0.319122,-548.761475,-0.012154,-0.024037,-0.610536,-1.419527,-0.072314,-6.105356,-548.761475,-0.609243,0.000000
32.570000,-0.339600,-548.939392,-0.012202,-0.024031,-0.610397,-1.510615,-0.076954,-6.103968,-548.939392,-0.609070,0.000000
32.580002,-0.357101,-548.805969,-0.012232,-0.024027,-0.610275,-1.588467,-0.080920,-6.102754,-548.805969,-0.608897,0.000000
32.590000,-0.348907,-548.939392,-0.012206,-0.024023,-0.610189,-1.552018,-0.079064,-6.101887,-548.939392,-0.608740,0.000000
32.600002,-0.349655,-548.805969,-0.012210,-0.024019,-0.610076,-1.555344,-0.079233,-6.100760,-548.805969,-0.608567,0.000000
32.610001,-0.356720,-548.805969,-0.012202,-0.024014,-0.609946,-1.586770,-0.080834,-6.099459,-548.805969,-0.608411,0.000000
32.620003,-0.357849,-548.894958,-0.012236,-0.024008,-0.609807,-1.591792,-0.081090,-6.098072,-548.894958,-0.608237,0.000000
32.630001,-0.344070,-548.805969,-0.012253,-0.024003,-0.609677,-1.530502,-0.077967,-6.096770,-548.805969,-0.608064,0.000000
32.640003,-0.335129,-548.939392,-0.012279,-0.023997,-0.609530,-1.490727,-0.075941,-6.095296,-548.939392,-0.607908,0.000000
32.650002,-0.331406,-548.805969,-0.012292,-0.023992,-0.609399,-1.474166,-0.075098,-6.093995,-548.805969,-0.607734,0.000000
32.660000,-0.331039,-548.850464,-0.012296,-0.023986,-0.609243,-1.472537,-0.075015,-6.092434,-548.850464,-0.607578,0.000000
32.670002,-0.338486,-548.894958,-0.012292,-0.023976,-0.609001,-1.505660,-0.076702,-6.090006,-548.894958,-0.607405,0.000000
32.680000,-0.327682,-548.805969,-0.012305,-0.023965,-0.608723,-1.457605,-0.074254,-6.087231,-548.805969,-0.607231,0.000000
32.690002,-0.319855,-548.894958,-0.012258,-0.023954,-0.608437,-1.422785,-0.072480,-6.084369,-548.894958,-0.607075,0.000000
32.700001,-0.309433,-548.761475,-0.012262,-0.023946,-0.608220,-1.376427,-0.070119,-6.082201,-548.761475,-0.606902,0.000000
32.710003,-0.320236,-548.805969,-0.012279,-0.023940,-0.608064,-1.424482,-0.072567,-6.080640,-548.805969,-0.606746,0.000000
32.720001,-0.328796,-548.805969,-0.012292,-0.023934,-0.607925,-1.462559,-0.074506,-6.079252,-548.805969,-0.606572,0.000000
32.730003,-0.332520,-548.761475,-0.012262,-0.023927,-0.607752,-1.479121,-0.075350,-6.077518,-548.761475,-0.606399,0.000000
32.740002,-0.339966,-548.983887,-0.012189,-0.023920,-0.607570,-1.512244,-0.077037,-6.075697,-548.983887,-0.606243,0.000000
32.750000,-0.336243,-548.805969,-0.012193,-0.023914,-0.607422,-1.495682,-0.076194,-6.074222,-548.805969,-0.606069,0.000000
32.760002,-0.332520,-548.894958,-0.012189,-0.023908,-0.607266,-1.479121,-0.075350,-6.072661,-548.894958,-0.605913,0.000000
32.770000,-0.348907,-548.894958,-0.012193,-0.023904,-0.607153,-1.552018,-0.079064,-6.071534,-548.894958,-0.605740,0.000000
32.780003,-0.348907,-548.761475,-0.012184,-0.023901,-0.607075,-1.552018,-0.079064,-6.070754,-548.761475,-0.605566,0.000000
32.790001,-0.373489,-548.939392,-0.012206,-0.023895,-0.606937,-1.661364,-0.084634,-6.069366,-548.939392,-0.605410,0.000000
32.800003,-0.364166,-548.805969,-0.012189,-0.023888,-0.606754,-1.619892,-0.082521,-6.067545,-548.805969,-0.605237,0.000000
32.810001,-0.367889,-548.850464,-0.012197,-0.023883,-0.606616,-1.636454,-0.083365,-6.066157,-548.850464,-0.605081,0.000000
32.820000,-0.362305,-548.939392,-0.012171,-0.023877,-0.606486,-1.611612,-0.082099,-6.064857,-548.939392,-0.604907,0.000000
32.830002,-0.354492,-548.805969,-0.012167,-0.023872,-0.606347,-1.576860,-0.080329,-6.063469,-548.805969,-0.604734,0.000000
32.840000,-0.357849,-548.894958,-0.012202,-0.023866,-0.606208,-1.591792,-0.081090,-6.062081,-548.894958,-0.604578,0.000000
32.850002,-0.339600,-548.894958,-0.012202,-0.023858,-0.606000,-1.510615,-0.076954,-6.060000,-548.894958,-0.604404,0.000000
32.860001,-0.342941,-548.850464,-0.012206,-0.023849,-0.605766,-1.525479,-0.077712,-6.057659,-548.850464,-0.604248,0.000000
32.870003,-0.336990,-548.894958,-0.012240,-0.023838,-0.605497,-1.499008,-0.076363,-6.054970,-548.894958,-0.604075,0.000000
32.880001,-0.317261,-548.805969,-0.012284,-0.023830,-0.605272,-1.411246,-0.071892,-6.052715,-548.805969,-0.603901,0.000000
32.890003,-0.315765,-548.939392,-0.012271,-0.023823,-0.605098,-1.404595,-0.071553,-6.050981,-548.939392,-0.603745,0.000000
32.900002,-0.326935,-548.805969,-0.012284,-0.023817,-0.604959,-1.454279,-0.074084,-6.049593,-548.805969,-0.603572,0.000000
32.910000,-0.340347,-548.850464,-0.012284,-0.023812,-0.604821,-1.513940,-0.077124,-6.048206,-548.850464,-0.603416,0.000000
32.920002,-0.346664,-548.939392,-0.012305,-0.023807,-0.604699,-1.542040,-0.078555,-6.046991,-548.939392,-0.603242,0.000000
32.930000,-0.339600,-548.805969,-0.012266,-0.023802,-0.604560,-1.510615,-0.076954,-6.045604,-548.805969,-0.603069,0.000000
32.940002,-0.347412,-548.939392,-0.012262,-0.023794,-0.604378,-1.545366,-0.078725,-6.043783,-548.939392,-0.602913,0.000000
32.950001,-0.345932,-548.850464,-0.012284,-0.023786,-0.604162,-1.538782,-0.078389,-6.041615,-548.850464,-0.602739,0.000000
32.960003,-0.351517,-548.805969,-0.012296,-0.023778,-0.603971,-1.563625,-0.079655,-6.039707,-548.805969,-0.602566,0.000000
32.970001,-0.367523,-548.939392,-0.012309,-0.023772,-0.603806,-1.634825,-0.083282,-6.038059,-548.939392,-0.602410,0.000000
32.980003,-0.363434,-548.717041,-0.012301,-0.023767,-0.603693,-1.616634,-0.082355,-6.036932,-548.717041,-0.602236,0.000000
32.990002,-0.369766,-548.983887,-0.012258,-0.023764,-0.603615,-1.644802,-0.083790,-6.036151,-548.983887,-0.602080,0.000000
33.000000,-0.391724,-548.894958,-0.012210,-0.023760,-0.603511,-1.742474,-0.088766,-6.035110,-548.894958,-0.601907,0.000000
33.010002,-0.374603,-548.850464,-0.012253,-0.023754,-0.603364,-1.666319,-0.084886,-6.033637,-548.850464,-0.601733,0.000000
33.020000,-0.370880,-548.939392,-0.012258,-0.023747,-0.603164,-1.649757,-0.084043,-6.031642,-548.939392,-0.601577,0.000000
33.030003,-0.350021,-548.805969,-0.012227,-0.023737,-0.602913,-1.556973,-0.079316,-6.029127,-548.805969,-0.601404,0.000000
33.040001,-0.340714,-548.939392,-0.012206,-0.023727,-0.602670,-1.515569,-0.077207,-6.026699,-548.939392,-0.601248,0.000000
33.050003,-0.339600,-548.850464,-0.012202,-0.023720,-0.602479,-1.510615,-0.076954,-6.024791,-548.850464,-0.601074,0.000000
33.060001,-0.334763,-548.894958,-0.012193,-0.023711,-0.602262,-1.489098,-0.075858,-6.022622,-548.894958,-0.600901,0.000000
33.070000,-0.326187,-548.894958,-0.012232,-0.023703,-0.602054,-1.450953,-0.073915,-6.020541,-548.894958,-0.600745,0.000000
33.080002,-0.331772,-548.850464,-0.012210,-0.023698,-0.601933,-1.475795,-0.075181,-6.019327,-548.850464,-0.600571,0.000000
33.090000,-0.331772,-548.939392,-0.012206,-0.023694,-0.601837,-1.475795,-0.075181,-6.018373,-548.939392,-0.600415,0.000000
33.100002,-0.345184,-548.894958,-0.012219,-0.023690,-0.601716,-1.535457,-0.078220,-6.017159,-548.894958,-0.600242,0.000000
33.110001,-0.342575,-548.894958,-0.012215,-0.023684,-0.601568,-1.523850,-0.077629,-6.015685,-548.894958,-0.600068,0.000000
33.120003,-0.354492,-548.850464,-0.012206,-0.023677,-0.601386,-1.576860,-0.080329,-6.013864,-548.850464,-0.599912,0.000000
33.130001,-0.354126,-548.805969,-0.012184,-0.023668,-0.601161,-1.575231,-0.080246,-6.011609,-548.805969,-0.599739,0.000000
33.140003,-0.344070,-548.983887,-0.012167,-0.023660,-0.600961,-1.530502,-0.077967,-6.009614,-548.983887,-0.599582,0.000000
33.150002,-0.345184,-548.805969,-0.012240,-0.023652,-0.600771,-1.535457,-0.078220,-6.007706,-548.805969,-0.599409,0.000000
33.160000,-0.372360,-548.850464,-0.012284,-0.023646,-0.600597,-1.656341,-0.084378,-6.005971,-548.850464,-0.599236,0.000000
33.170002,-0.377945,-548.894958,-0.012292,-0.023640,-0.600467,-1.681183,-0.085644,-6.004671,-548.894958,-0.599079,0.000000
33.180000,-0.374969,-548.805969,-0.012288,-0.023636,-0.600346,-1.667948,-0.084969,-6.003457,-548.805969,-0.598906,0.000000
33.190002,-0.373856,-548.983887,-0.012322,-0.023632,-0.600259,-1.662993,-0.084717,-6.002590,-548.983887,-0.598750,0.000000
33.200001,-0.386139,-548.850464,-0.012305,-0.023629,-0.600172,-1.717632,-0.087500,-6.001723,-548.850464,-0.598577,0.000000
33.210003,-0.380188,-548.894958,-0.012301,-0.023623,-0.600016,-1.691161,-0.086152,-6.000161,-548.894958,-0.598403,0.000000
33.220001,-0.388748,-548.983887,-0.012305,-0.023613,-0.599765,-1.729238,-0.088092,-5.997646,-548.983887,-0.598247,0.000000
33.230003,-0.360443,-548.761475,-0.012288,-0.023601,-0.599461,-1.603331,-0.081678,-5.994611,-548.761475,-0.598074,0.000000
33.240002,-0.341827,-548.939392,-0.012258,-0.023592,-0.599227,-1.520524,-0.077459,-5.992270,-548.939392,-0.597917,0.000000
33.250000,-0.336243,-548.850464,-0.012219,-0.023585,-0.599062,-1.495682,-0.076194,-5.990622,-548.850464,-0.597744,0.000000
33.260002,-0.322845,-548.850464,-0.012240,-0.023578,-0.598889,-1.436088,-0.073158,-5.988887,-548.850464,-0.597571,0.000000
33.270000,-0.323578,-548.939392,-0.012284,-0.023573,-0.598759,-1.439346,-0.073324,-5.987586,-548.939392,-0.597414,0.000000
33.280003,-0.330658,-548.850464,-0.012271,-0.023569,-0.598655,-1.470840,-0.074928,-5.986546,-548.850464,-0.597241,0.000000
33.290001,-0.342941,-548.894958,-0.012249,-0.023563,-0.598498,-1.525479,-0.077712,-5.984985,-548.894958,-0.597085,0.000000
33.300003,-0.346298,-548.850464,-0.012240,-0.023554,-0.598282,-1.540411,-0.078472,-5.982817,-548.850464,-0.596911,0.000000
33.310001,-0.344070,-548.850464,-0.012288,-0.023547,-0.598082,-1.530502,-0.077967,-5.980823,-548.850464,-0.596738,0.000000
33.320000,-0.335495,-548.894958,-0.012309,-0.023540,-0.597917,-1.492356,-0.076024,-5.979175,-548.894958,-0.596582,0.000000
33.330002,-0.338486,-548.850464,-0.012309,-0.023535,-0.597787,-1.505660,-0.076702,-5.977873,-548.850464,-0.596408,0.000000
33.340000,-0.347794,-548.894958,-0.012258,-0.023528,-0.597623,-1.547063,-0.078811,-5.976226,-548.894958,-0.596235,0.000000
33.350002,-0.364166,-548.850464,-0.012292,-0.023521,-0.597423,-1.619892,-0.082521,-5.974232,-548.850464,-0.596079,0.000000
33.360001,-0.366028,-548.894958,-0.012258,-0.023513,-0.597241,-1.628173,-0.082943,-5.972410,-548.894958,-0.595905,0.000000
33.370003,-0.357468,-548.939392,-0.012279,-0.023507,-0.597085,-1.590096,-0.081003,-5.970849,-548.939392,-0.595749,0.000000
33.380001,-0.359711,-548.805969,-0.012275,-0.023501,-0.596929,-1.600073,-0.081512,-5.969288,-548.805969,-0.595576,0.000000
33.390003,-0.360825,-548.983887,-0.012240,-0.023494,-0.596755,-1.605028,-0.081764,-5.967554,-548.983887,-0.595402,0.000000
33.400002,-0.367157,-548.850464,-0.012245,-0.023485,-0.596530,-1.633196,-0.083199,-5.965299,-548.850464,-0.595246,0.000000
33.410000,-0.360825,-548.850464,-0.012215,-0.023476,-0.596296,-1.605028,-0.081764,-5.962957,-548.850464,-0.595073,0.000000
33.420002,-0.329544,-548.894958,-0.012206,-0.023470,-0.596148,-1.465885,-0.074676,-5.961483,-548.894958,-0.594917,0.000000
33.430000,-0.322464,-548.805969,-0.012284,-0.023468,-0.596096,-1.434391,-0.073071,-5.960963,-548.805969,-0.594743,0.000000
33.440002,-0.335876,-548.939392,-0.012275,-0.023465,-0.596010,-1.494053,-0.076111,-5.960095,-548.939392,-0.594570,0.000000
33.450001,-0.331772,-548.805969,-0.012258,-0.023460,-0.595888,-1.475795,-0.075181,-5.958881,-548.805969,-0.594414,0.000000
33.460003,-0.317261,-548.894958,-0.012266,-0.023452,-0.595680,-1.411246,-0.071892,-5.956800,-548.894958,-0.594240,0.000000
33.470001,-0.304962,-548.894958,-0.012219,-0.023443,-0.595455,-1.356539,-0.069105,-5.954545,-548.894958,-0.594084,0.000000
33.480003,-0.305344,-548.805969,-0.012210,-0.023434,-0.595212,-1.358236,-0.069192,-5.952117,-548.805969,-0.593911,0.000000
33.490002,-0.319489,-548.939392,-0.012236,-0.023427,-0.595038,-1.421156,-0.072397,-5.950383,-548.939392,-0.593737,0.000000
33.500000,-0.312042,-548.894958,-0.012240,-0.023421,-0.594900,-1.388033,-0.070710,-5.948995,-548.894958,-0.593581,0.000000
33.510002,-0.326935,-548.850464,-0.012240,-0.023417,-0.594787,-1.454279,-0.074084,-5.947868,-548.850464,-0.593408,0.000000
33.520000,-0.326187,-548.850464,-0.012236,-0.023412,-0.594674,-1.450953,-0.073915,-5.946740,-548.850464,-0.593252,0.000000
33.530003,-0.319855,-548.850464,-0.012318,-0.023406,-0.594501,-1.422785,-0.072480,-5.945006,-548.850464,-0.593078,0.000000
33.540001,-0.327301,-548.939392,-0.012309,-0.023397,-0.594275,-1.455908,-0.074167,-5.942751,-548.939392,-0.592905,0.000000
33.550003,-0.339600,-548.805969,-0.012314,-0.023388,-0.594067,-1.510615,-0.076954,-5.940670,-548.805969,-0.592749,0.000000
33.560001,-0.342941,-548.894958,-0.012352,-0.023382,-0.593902,-1.525479,-0.077712,-5.939022,-548.894958,-0.592575,0.000000
33.570000,-0.345932,-548.939392,-0.012322,-0.023377,-0.593772,-1.538782,-0.078389,-5.937721,-548.939392,-0.592419,0.000000
33.580002,-0.343689,-548.761475,-0.012301,-0.023371,-0.593633,-1.528805,-0.077881,-5.936334,-548.761475,-0.592246,0.000000
33.590000,-0.341080,-548.894958,-0.012322,-0.023364,-0.593443,-1.517198,-0.077290,-5.934426,-548.894958,-0.592072,0.000000
33.600002,-0.331772,-548.850464,-0.012301,-0.023355,-0.593226,-1.475795,-0.075181,-5.932258,-548.850464,-0.591916,0.000000
33.610001,-0.327682,-548.850464,-0.012284,-0.023348,-0.593035,-1.457605,-0.074254,-5.930350,-548.850464,-0.591743,0.000000
33.620003,-0.331406,-548.894958,-0.012288,-0.023342,-0.592896,-1.474166,-0.075098,-5.928962,-548.894958,-0.591587,0.000000
33.630001,-0.334015,-548.850464,-0.012288,-0.023337,-0.592766,-1.485772,-0.075689,-5.927661,-548.850464,-0.591413,0.000000
33.640003,-0.324707,-548.983887,-0.012275,-0.023333,-0.592662,-1.444369,-0.073580,-5.926621,-548.983887,-0.591240,0.000000
33.650002,-0.315018,-548.850464,-0.012240,-0.023327,-0.592497,-1.401269,-0.071384,-5.924973,-548.850464,-0.591084,0.000000
33.660000,-0.327682,-548.850464,-0.012215,-0.023319,-0.592298,-1.457605,-0.074254,-5.922978,-548.850464,-0.590910,0.000000
33.670002,-0.317993,-548.894958,-0.012163,-0.023309,-0.592055,-1.414504,-0.072058,-5.920550,-548.894958,-0.590754,0.000000
33.680000,-0.316879,-548.894958,-0.012219,-0.023300,-0.591830,-1.409549,-0.071806,-5.918295,-548.894958,-0.590581,0.000000
33.690002,-0.321716,-549.028381,-0.012240,-0.023295,-0.591682,-1.431066,-0.072902,-5.916821,-549.028381,-0.590407,0.000000
33.700001,-0.328796,-548.850464,-0.012266,-0.023288,-0.591509,-1.462559,-0.074506,-5.915086,-548.850464,-0.590251,0.000000
33.710003,-0.332901,-548.894958,-0.012266,-0.023281,-0.591327,-1.480818,-0.075436,-5.913265,-548.894958,-0.590078,0.000000
33.720001,-0.326935,-548.894958,-0.012292,-0.023274,-0.591153,-1.454279,-0.074084,-5.911531,-548.894958,-0.589904,0.000000
33.730003,-0.341827,-548.850464,-0.012314,-0.023267,-0.590988,-1.520524,-0.077459,-5.909883,-548.850464,-0.589748,0.000000
33.740002,-0.349655,-548.939392,-0.012322,-0.023261,-0.590841,-1.555344,-0.079233,-5.908409,-548.939392,-0.589575,0.000000
33.750000,-0.353378,-548.850464,-0.012340,-0.023255,-0.590667,-1.571905,-0.080077,-5.906674,-548.850464,-0.589419,0.000000
33.760002,-0.349274,-548.894958,-0.012288,-0.023248,-0.590511,-1.553647,-0.079147,-5.905114,-548.894958,-0.589245,0.000000
33.770000,-0.350769,-548.983887,-0.012305,-0.023244,-0.590390,-1.560299,-0.079485,-5.903899,-548.983887,-0.589072,0.000000
33.780003,-0.342209,-548.761475,-0.012296,-0.023240,-0.590286,-1.522221,-0.077546,-5.902859,-548.761475,-0.588916,0.000000
33.790001,-0.343689,-548.983887,-0.012296,-0.023236,-0.590182,-1.528805,-0.077881,-5.901818,-548.983887,-0.588742,0.000000
33.800003,-0.333633,-548.850464,-0.012322,-0.023229,-0.590008,-1.484076,-0.075602,-5.900084,-548.850464,-0.588586,0.000000
33.810001,-0.320236,-548.894958,-0.012301,-0.023220,-0.589792,-1.424482,-0.072567,-5.897916,-548.894958,-0.588413,0.000000
33.820004,-0.325821,-548.894958,-0.012327,-0.023211,-0.589557,-1.449324,-0.073832,-5.895574,-548.894958,-0.588239,0.000000
33.830002,-0.320236,-548.805969,-0.012305,-0.023203,-0.589367,-1.424482,-0.072567,-5.893666,-548.805969,-0.588083,0.000000
33.840000,-0.300125,-549.028381,-0.012296,-0.023198,-0.589219,-1.335023,-0.068009,-5.892192,-549.028381,-0.587910,0.000000
33.850002,-0.309799,-548.805969,-0.012309,-0.023190,-0.589020,-1.378056,-0.070202,-5.890197,-548.805969,-0.587754,0.000000
33.860001,-0.309433,-548.850464,-0.012314,-0.023179,-0.588751,-1.376427,-0.070119,-5.887509,-548.850464,-0.587580,0.000000
33.870003,-0.306458,-548.894958,-0.012322,-0.023172,-0.588560,-1.363191,-0.069444,-5.885601,-548.894958,-0.587407,0.000000
33.880001,-0.292313,-548.805969,-0.012296,-0.023165,-0.588395,-1.300272,-0.066239,-5.883953,-548.805969,-0.587251,0.000000
33.890003,-0.301239,-548.939392,-0.012275,-0.023158,-0.588222,-1.339978,-0.068262,-5.882219,-548.939392,-0.587077,0.000000
33.900002,-0.296768,-548.894958,-0.012249,-0.023152,-0.588057,-1.320091,-0.067249,-5.880571,-548.894958,-0.586921,0.000000
33.910000,-0.306076,-548.894958,-0.012206,-0.023146,-0.587901,-1.361494,-0.069358,-5.879010,-548.894958,-0.586748,0.000000
33.920002,-0.329544,-548.894958,-0.012206,-0.023140,-0.587754,-1.465885,-0.074676,-5.877535,-548.894958,-0.586574,0.000000
33.930000,-0.332520,-548.805969,-0.012202,-0.023134,-0.587615,-1.479121,-0.075350,-5.876148,-548.805969,-0.586418,0.000000
33.940002,-0.333267,-548.939392,-0.012284,-0.023128,-0.587441,-1.482447,-0.075519,-5.874414,-548.939392,-0.586245,0.000000
33.950001,-0.333633,-548.939392,-0.012227,-0.023121,-0.587285,-1.484076,-0.075602,-5.872853,-548.939392,-0.586088,0.000000
33.960003,-0.329910,-548.894958,-0.012279,-0.023116,-0.587146,-1.467514,-0.074759,-5.871465,-548.894958,-0.585915,0.000000
33.970001,-0.334763,-548.939392,-0.012314,-0.023112,-0.587034,-1.489098,-0.075858,-5.870337,-548.939392,-0.585742,0.000000
33.980003,-0.331406,-548.894958,-0.012305,-0.023105,-0.586869,-1.474166,-0.075098,-5.868690,-548.894958,-0.585585,0.000000
33.990002,-0.321716,-548.939392,-0.012292,-0.023098,-0.586678,-1.431066,-0.072902,-5.866782,-548.939392,-0.585412,0.000000
34.000000,-0.311676,-548.894958,-0.012305,-0.023091,-0.586505,-1.386404,-0.070627,-5.865047,-548.894958,-0.585256,0.000000
34.010002,-0.315399,-548.894958,-0.012215,-0.023085,-0.586357,-1.402966,-0.071470,-5.863574,-548.894958,-0.585082,0.000000
34.020000,-0.315399,-548.983887,-0.012219,-0.023079,-0.586219,-1.402966,-0.071470,-5.862186,-548.983887,-0.584909,0.000000
34.030003,-0.297516,-548.805969,-0.012206,-0.023075,-0.586106,-1.323417,-0.067418,-5.861058,-548.805969,-0.584753,0.000000
34.040001,-0.287094,-548.894958,-0.012184,-0.023070,-0.585967,-1.277058,-0.065056,-5.859671,-548.894958,-0.584580,0.000000
34.050003,-0.278534,-548.894958,-0.012193,-0.023063,-0.585794,-1.238981,-0.063117,-5.857936,-548.894958,-0.584423,0.000000
34.060001,-0.278152,-548.894958,-0.012206,-0.023056,-0.585620,-1.237284,-0.063030,-5.856202,-548.894958,-0.584250,0.000000
34.070004,-0.287094,-548.939392,-0.012240,-0.023047,-0.585403,-1.277058,-0.065056,-5.854033,-548.939392,-0.584077,0.000000
34.080002,-0.292313,-548.850464,-0.012279,-0.023039,-0.585195,-1.300272,-0.066239,-5.851953,-548.850464,-0.583920,0.000000
34.090000,-0.293793,-548.939392,-0.012227,-0.023031,-0.584987,-1.306855,-0.066574,-5.849871,-548.939392,-0.583747,0.000000
34.100002,-0.296036,-548.850464,-0.012240,-0.023023,-0.584788,-1.316833,-0.067083,-5.847877,-548.850464,-0.583574,0.000000
34.110001,-0.304596,-548.894958,-0.012253,-0.023016,-0.584614,-1.354910,-0.069022,-5.846142,-548.894958,-0.583417,0.000000
34.120003,-0.326569,-548.939392,-0.012288,-0.023011,-0.584475,-1.452650,-0.074001,-5.844755,-548.939392,-0.583244,0.000000
34.130001,-0.335129,-548.850464,-0.012271,-0.023007,-0.584371,-1.490727,-0.075941,-5.843714,-548.850464,-0.583088,0.000000
34.140003,-0.342209,-548.939392,-0.012271,-0.023003,-0.584276,-1.522221,-0.077546,-5.842760,-548.939392,-0.582914,0.000000
34.150002,-0.341080,-548.894958,-0.012288,-0.022998,-0.584146,-1.517198,-0.077290,-5.841459,-548.894958,-0.582741,0.000000
34.160000,-0.331772,-548.939392,-0.012301,-0.022992,-0.584007,-1.475795,-0.075181,-5.840072,-548.939392,-0.582585,0.000000
34.170002,-0.336990,-548.939392,-0.012275,-0.022986,-0.583842,-1.499008,-0.076363,-5.838424,-548.939392,-0.582411,0.000000
34.180000,-0.320236,-548.894958,-0.012288,-0.022978,-0.583652,-1.424482,-0.072567,-5.836516,-548.894958,-0.582255,0.000000
34.190002,-0.320236,-548.939392,-0.012288,-0.022970,-0.583435,-1.424482,-0.072567,-5.834348,-548.939392,-0.582082,0.000000
34.200001,-0.313156,-548.850464,-0.012284,-0.022961,-0.583218,-1.392988,-0.070962,-5.832180,-548.850464,-0.581908,0.000000
34.210003,-0.307938,-548.939392,-0.012288,-0.022955,-0.583045,-1.369775,-0.069780,-5.830445,-548.939392,-0.581752,0.000000
34.220001,-0.306824,-548.939392,-0.012296,-0.022950,-0.582923,-1.364820,-0.069527,-5.829231,-548.939392,-0.581579,0.000000
34.230003,-0.295288,-548.894958,-0.012284,-0.022945,-0.582802,-1.313507,-0.066913,-5.828017,-548.894958,-0.581423,0.000000
34.240002,-0.301239,-548.983887,-0.012327,-0.022939,-0.582663,-1.339978,-0.068262,-5.826630,-548.983887,-0.581249,0.000000
34.250000,-0.305344,-548.983887,-0.012327,-0.022934,-0.582533,-1.358236,-0.069192,-5.825328,-548.983887,-0.581076,0.000000
34.260002,-0.305710,-548.850464,-0.012296,-0.022929,-0.582394,-1.359865,-0.069275,-5.823941,-548.850464,-0.580920,0.000000
34.270000,-0.307571,-548.894958,-0.012335,-0.022923,-0.582238,-1.368146,-0.069697,-5.822380,-548.894958,-0.580746,0.000000
34.280003,-0.303101,-548.894958,-0.012292,-0.022914,-0.582021,-1.348259,-0.068684,-5.820212,-548.894958,-0.580590,0.000000
34.290001,-0.294907,-548.939392,-0.012301,-0.022904,-0.581761,-1.311810,-0.066827,-5.817610,-548.939392,-0.580417,0.000000
34.300003,-0.297516,-548.894958,-0.012296,-0.022895,-0.581544,-1.323417,-0.067418,-5.815443,-548.894958,-0.580243,0.000000
34.310001,-0.319855,-548.939392,-0.012288,-0.022889,-0.581388,-1.422785,-0.072480,-5.813881,-548.939392,-0.580087,0.000000
34.320004,-0.337738,-548.983887,-0.012245,-0.022883,-0.581232,-1.502334,-0.076533,-5.812320,-548.983887,-0.579914,0.000000
34.330002,-0.340714,-548.850464,-0.012180,-0.022876,-0.581059,-1.515569,-0.077207,-5.810586,-548.850464,-0.579758,0.000000
34.340000,-0.338852,-549.028381,-0.012193,-0.022869,-0.580885,-1.507289,-0.076785,-5.808851,-549.028381,-0.579584,0.000000
34.350002,-0.332901,-548.894958,-0.012193,-0.022864,-0.580738,-1.480818,-0.075436,-5.807377,-548.894958,-0.579411,0.000000
34.360001,-0.326187,-548.894958,-0.012223,-0.022859,-0.580608,-1.450953,-0.073915,-5.806076,-548.894958,-0.579255,0.000000
34.370003,-0.328430,-548.939392,-0.012206,-0.022852,-0.580452,-1.460930,-0.074423,-5.804515,-548.939392,-0.579081,0.000000
34.380001,-0.322845,-548.805969,-0.012193,-0.022846,-0.580278,-1.436088,-0.073158,-5.802781,-548.805969,-0.578925,0.000000
34.390003,-0.320984,-548.983887,-0.012176,-0.022837,-0.580070,-1.427808,-0.072736,-5.800699,-548.983887,-0.578752,0.000000
34.400002,-0.316132,-548.850464,-0.012193,-0.022830,-0.579879,-1.406224,-0.071636,-5.798792,-548.850464,-0.578578,0.000000
34.410000,-0.319122,-548.939392,-0.012202,-0.022825,-0.579749,-1.419527,-0.072314,-5.797491,-548.939392,-0.578422,0.000000
34.420002,-0.314651,-548.939392,-0.012288,-0.022819,-0.579602,-1.399640,-0.071301,-5.796016,-548.939392,-0.578249,0.000000
34.430000,-0.308685,-548.894958,-0.012305,-0.022813,-0.579454,-1.373101,-0.069949,-5.794542,-548.894958,-0.578093,0.000000
34.440002,-0.312790,-548.983887,-0.012266,-0.022807,-0.579298,-1.391359,-0.070879,-5.792981,-548.983887,-0.577919,0.000000
34.450001,-0.316879,-548.894958,-0.012296,-0.022801,-0.579151,-1.409549,-0.071806,-5.791507,-548.894958,-0.577746,0.000000
34.460003,-0.315765,-548.939392,-0.012284,-0.022794,-0.578977,-1.404595,-0.071553,-5.789772,-548.939392,-0.577590,0.000000
34.470001,-0.309433,-548.939392,-0.012318,-0.022789,-0.578830,-1.376427,-0.070119,-5.788298,-548.939392,-0.577416,0.000000
34.480003,-0.316879,-548.850464,-0.012249,-0.022781,-0.578630,-1.409549,-0.071806,-5.786304,-548.850464,-0.577243,0.000000
34.490002,-0.328430,-548.983887,-0.012223,-0.022770,-0.578362,-1.460930,-0.074423,-5.783615,-548.983887,-0.577087,0.000000
34.500000,-0.332901,-548.850464,-0.012180,-0.022760,-0.578101,-1.480818,-0.075436,-5.781013,-548.850464,-0.576913,0.000000
34.510002,-0.354492,-548.894958,-0.012189,-0.022752,-0.577911,-1.576860,-0.080329,-5.779106,-548.894958,-0.576757,0.000000
34.520000,-0.345184,-548.983887,-0.012202,-0.022748,-0.577789,-1.535457,-0.078220,-5.777892,-548.983887,-0.576584,0.000000
34.530003,-0.357468,-548.850464,-0.012206,-0.022744,-0.577694,-1.590096,-0.081003,-5.776937,-548.850464,-0.576410,0.000000
34.540001,-0.370132,-548.983887,-0.012318,-0.022740,-0.577598,-1.646431,-0.083873,-5.775983,-548.983887,-0.576254,0.000000
34.550003,-0.353745,-548.850464,-0.012301,-0.022736,-0.577503,-1.573534,-0.080160,-5.775030,-548.850464,-0.576081,0.000000
34.560001,-0.352997,-548.939392,-0.012292,-0.022731,-0.577373,-1.570208,-0.079990,-5.773728,-548.939392,-0.575925,0.000000
34.570004,-0.357468,-548.939392,-0.012301,-0.022723,-0.577165,-1.590096,-0.081003,-5.771647,-548.939392,-0.575751,0.000000
34.580002,-0.353745,-548.894958,-0.012296,-0.022714,-0.576939,-1.573534,-0.080160,-5.769392,-548.894958,-0.575578,0.000000
34.590000,-0.340347,-548.983887,-0.012301,-0.022707,-0.576766,-1.513940,-0.077124,-5.767658,-548.983887,-0.575422,0.000000
34.600002,-0.347046,-548.894958,-0.012327,-0.022700,-0.576592,-1.543737,-0.078642,-5.765924,-548.894958,-0.575248,0.000000
34.610001,-0.330292,-548.939392,-0.012271,-0.022695,-0.576454,-1.469211,-0.074845,-5.764536,-548.939392,-0.575092,0.000000
34.620003,-0.323212,-548.983887,-0.012249,-0.022690,-0.576324,-1.437717,-0.073241,-5.763236,-548.983887,-0.574919,0.000000
34.630001,-0.319489,-548.894958,-0.012215,-0.022685,-0.576202,-1.421156,-0.072397,-5.762022,-548.894958,-0.574745,0.000000
34.640003,-0.326187,-549.028381,-0.012202,-0.022681,-0.576089,-1.450953,-0.073915,-5.760894,-549.028381,-0.574589,0.000000
34.650002,-0.328796,-548.850464,-0.012232,-0.022676,-0.575968,-1.462559,-0.074506,-5.759679,-548.850464,-0.574416,0.000000
34.660000,-0.338486,-548.939392,-0.012197,-0.022667,-0.575751,-1.505660,-0.076702,-5.757512,-548.939392,-0.574260,0.000000
34.670002,-0.333267,-548.983887,-0.012167,-0.022658,-0.575508,-1.482447,-0.075519,-5.755083,-548.983887,-0.574086,0.000000
34.680000,-0.335495,-548.850464,-0.012180,-0.022648,-0.575266,-1.492356,-0.076024,-5.752655,-548.850464,-0.573913,0.000000
34.690002,-0.335495,-548.939392,-0.012197,-0.022640,-0.575057,-1.492356,-0.076024,-5.750574,-548.939392,-0.573757,0.000000
34.700001,-0.337357,-548.850464,-0.012180,-0.022635,-0.574919,-1.500637,-0.076446,-5.749187,-548.850464,-0.573583,0.000000
34.710003,-0.361572,-548.939392,-0.012189,-0.022630,-0.574797,-1.608354,-0.081933,-5.747972,-548.939392,-0.573427,0.000000
34.720001,-0.360443,-548.983887,-0.012206,-0.022626,-0.574693,-1.603331,-0.081678,-5.746932,-548.983887,-0.573254,0.000000
34.730003,-0.343323,-548.894958,-0.012271,-0.022621,-0.574580,-1.527176,-0.077798,-5.745804,-548.894958,-0.573080,0.000000
34.740002,-0.351883,-548.939392,-0.012215,-0.022615,-0.574433,-1.565253,-0.079738,-5.744330,-548.939392,-0.572924,0.000000
34.750000,-0.350769,-548.894958,-0.012206,-0.022610,-0.574294,-1.560299,-0.079485,-5.742942,-548.894958,-0.572751,0.000000
34.760002,-0.356354,-548.939392,-0.012184,-0.022605,-0.574155,-1.585141,-0.080751,-5.741555,-548.939392,-0.572594,0.000000
34.770000,-0.351517,-548.939392,-0.012184,-0.022598,-0.573999,-1.563625,-0.079655,-5.739994,-548.939392,-0.572421,0.000000
34.780003,-0.344070,-548.850464,-0.012180,-0.022593,-0.573861,-1.530502,-0.077967,-5.738606,-548.850464,-0.572248,0.000000
34.790001,-0.332153,-548.939392,-0.012184,-0.022586,-0.573687,-1.477492,-0.075267,-5.736872,-548.939392,-0.572091,0.000000
34.800003,-0.344070,-548.894958,-0.012215,-0.022577,-0.573444,-1.530502,-0.077967,-5.734443,-548.894958,-0.571918,0.000000
34.810001,-0.344803,-548.894958,-0.012236,-0.022566,-0.573175,-1.533760,-0.078133,-5.731755,-548.894958,-0.571762,0.000000
34.820004,-0.323578,-548.983887,-0.012227,-0.022555,-0.572907,-1.439346,-0.073324,-5.729067,-548.983887,-0.571588,0.000000
34.830002,-0.324326,-548.850464,-0.012258,-0.022548,-0.572707,-1.442672,-0.073493,-5.727072,-548.850464,-0.571415,0.000000
34.840000,-0.332520,-549.028381,-0.012271,-0.022542,-0.572568,-1.479121,-0.075350,-5.725685,-549.028381,-0.571259,0.000000
34.850002,-0.332520,-548.939392,-0.012309,-0.022537,-0.572438,-1.479121,-0.075350,-5.724383,-548.939392,-0.571085,0.000000
34.860001,-0.335495,-548.939392,-0.012284,-0.022530,-0.572256,-1.492356,-0.076024,-5.722562,-548.939392,-0.570912,0.000000
34.870003,-0.340347,-548.939392,-0.012284,-0.022522,-0.572065,-1.513940,-0.077124,-5.720654,-548.939392,-0.570756,0.000000
34.880001,-0.335876,-548.894958,-0.012279,-0.022516,-0.571909,-1.494053,-0.076111,-5.719094,-548.894958,-0.570583,0.000000
34.890003,-0.335876,-548.983887,-0.012284,-0.022510,-0.571762,-1.494053,-0.076111,-5.717619,-548.983887,-0.570426,0.000000
34.900002,-0.347046,-548.894958,-0.012322,-0.022506,-0.571649,-1.543737,-0.078642,-5.716492,-548.894958,-0.570253,0.000000
34.910000,-0.349274,-548.939392,-0.012292,-0.022503,-0.571580,-1.553647,-0.079147,-5.715798,-548.939392,-0.570080,0.000000
34.920002,-0.369019,-548.983887,-0.012331,-0.022499,-0.571467,-1.641477,-0.083621,-5.714671,-548.983887,-0.569923,0.000000
34.930000,-0.376831,-548.850464,-0.012314,-0.022492,-0.571285,-1.676228,-0.085391,-5.712850,-548.850464,-0.569750,0.000000
34.940002,-0.369019,-548.983887,-0.012301,-0.022485,-0.571120,-1.641477,-0.083621,-5.711202,-548.983887,-0.569594,0.000000
34.950001,-0.370132,-548.894958,-0.012292,-0.022480,-0.570990,-1.646431,-0.083873,-5.709901,-548.894958,-0.569420,0.000000
34.960003,-0.365295,-548.983887,-0.012301,-0.022474,-0.570851,-1.624915,-0.082777,-5.708513,-548.983887,-0.569247,0.000000
34.970001,-0.354492,-548.939392,-0.012305,-0.022469,-0.570704,-1.576860,-0.080329,-5.707039,-548.939392,-0.569091,0.000000
34.980003,-0.343323,-548.805969,-0.012327,-0.022461,-0.570513,-1.527176,-0.077798,-5.705131,-548.805969,-0.568917,0.000000
34.990002,-0.351135,-548.939392,-0.012340,-0.022452,-0.570279,-1.561928,-0.079568,-5.702790,-548.939392,-0.568761,0.000000
35.000000,-0.352631,-548.939392,-0.012331,-0.022442,-0.570019,-1.568579,-0.079907,-5.700188,-548.939392,-0.568588,0.000000
35.010002,-0.334381,-548.983887,-0.012292,-0.022432,-0.569785,-1.487401,-0.075772,-5.697846,-548.983887,-0.568414,0.000000
35.020000,-0.319122,-548.983887,-0.012219,-0.022426,-0.569611,-1.419527,-0.072314,-5.696112,-548.983887,-0.568258,0.000000
35.030003,-0.330658,-548.939392,-0.012240,-0.022420,-0.569472,-1.470840,-0.074928,-5.694725,-548.939392,-0.568085,0.000000
35.040001,-0.336243,-548.939392,-0.012271,-0.022414,-0.569325,-1.495682,-0.076194,-5.693250,-548.939392,-0.567929,0.000000
35.050003,-0.327682,-548.894958,-0.012262,-0.022409,-0.569195,-1.457605,-0.074254,-5.691949,-548.894958,-0.567755,0.000000
35.060001,-0.330292,-548.939392,-0.012258,-0.022403,-0.569048,-1.469211,-0.074845,-5.690475,-548.939392,-0.567582,0.000000
35.070004,-0.337357,-548.939392,-0.012232,-0.022396,-0.568865,-1.500637,-0.076446,-5.688654,-548.939392,-0.567426,0.000000
35.080002,-0.347046,-548.850464,-0.012292,-0.022388,-0.568649,-1.543737,-0.078642,-5.686486,-548.850464,-0.567252,0.000000
35.090000,-0.342941,-548.983887,-0.012292,-0.022380,-0.568458,-1.525479,-0.077712,-5.684578,-548.983887,-0.567096,0.000000
35.100002,-0.369766,-548.850464,-0.012232,-0.022374,-0.568293,-1.644802,-0.083790,-5.682930,-548.850464,-0.566923,0.000000
35.110001,-0.364548,-548.939392,-0.012210,-0.022369,-0.568172,-1.621589,-0.082608,-5.681716,-548.939392,-0.566749,0.000000
35.120003,-0.359711,-548.983887,-0.012236,-0.022366,-0.568094,-1.600073,-0.081512,-5.680936,-548.983887,-0.566593,0.000000
35.130001,-0.373108,-548.894958,-0.012206,-0.022362,-0.568007,-1.659667,-0.084547,-5.680068,-548.894958,-0.566420,0.000000
35.140003,-0.387253,-548.983887,-0.012223,-0.022357,-0.567859,-1.722587,-0.087753,-5.678594,-548.983887,-0.566264,0.000000
35.150002,-0.378693,-548.894958,-0.012245,-0.022349,-0.567660,-1.684509,-0.085813,-5.676600,-548.894958,-0.566090,0.000000
35.160000,-0.363800,-548.939392,-0.012253,-0.022340,-0.567426,-1.618263,-0.082438,-5.674258,-548.939392,-0.565917,0.000000
35.170002,-0.341827,-548.983887,-0.012202,-0.022330,-0.567174,-1.520524,-0.077459,-5.671743,-548.983887,-0.565761,0.000000
35.180000,-0.331772,-548.894958,-0.012253,-0.022322,-0.566984,-1.475795,-0.075181,-5.669835,-548.894958,-0.565587,0.000000
35.190002,-0.336990,-548.983887,-0.012189,-0.022314,-0.566775,-1.499008,-0.076363,-5.667754,-548.983887,-0.565431,0.000000
35.200001,-0.328049,-548.939392,-0.012223,-0.022305,-0.566559,-1.459234,-0.074337,-5.665586,-548.939392,-0.565258,0.000000
35.210003,-0.327682,-548.939392,-0.012163,-0.022300,-0.566411,-1.457605,-0.074254,-5.664112,-548.939392,-0.565084,0.000000
35.220001,-0.338104,-548.983887,-0.012167,-0.022296,-0.566307,-1.503963,-0.076616,-5.663071,-548.983887,-0.564928,0.000000
35.230003,-0.341827,-548.939392,-0.012227,-0.022290,-0.566177,-1.520524,-0.077459,-5.661770,-548.939392,-0.564755,0.000000
35.240002,-0.342941,-548.983887,-0.012258,-0.022285,-0.566038,-1.525479,-0.077712,-5.660382,-548.983887,-0.564581,0.000000
35.250000,-0.350403,-548.894958,-0.012249,-0.022278,-0.565856,-1.558670,-0.079402,-5.658561,-548.894958,-0.564425,0.000000
35.260002,-0.350403,-549.028381,-0.012279,-0.022269,-0.565639,-1.558670,-0.079402,-5.656393,-549.028381,-0.564252,0.000000
35.270000,-0.343689,-548.983887,-0.012288,-0.022262,-0.565449,-1.528805,-0.077881,-5.654485,-548.983887,-0.564096,0.000000
35.280003,-0.343689,-548.894958,-0.012322,-0.022254,-0.565258,-1.528805,-0.077881,-5.652577,-548.894958,-0.563922,0.000000
35.290001,-0.372360,-548.983887,-0.012296,-0.022247,-0.565076,-1.656341,-0.084378,-5.650756,-548.983887,-0.563749,0.000000
35.300003,-0.373108,-548.939392,-0.012292,-0.022242,-0.564946,-1.659667,-0.084547,-5.649456,-548.939392,-0.563593,0.000000
35.310001,-0.374222,-548.939392,-0.012292,-0.022237,-0.564824,-1.664622,-0.084800,-5.648242,-548.939392,-0.563419,0.000000
35.320004,-0.367889,-548.983887,-0.012331,-0.022234,-0.564737,-1.636454,-0.083365,-5.647374,-548.983887,-0.563263,0.000000
35.330002,-0.379074,-548.894958,-0.012292,-0.022230,-0.564633,-1.686206,-0.085899,-5.646333,-548.894958,-0.563090,0.000000
35.340000,-0.385773,-549.028381,-0.012292,-0.022223,-0.564469,-1.716003,-0.087417,-5.644685,-549.028381,-0.562916,0.000000
35.350002,-0.376831,-548.894958,-0.012301,-0.022213,-0.564217,-1.676228,-0.085391,-5.642171,-548.894958,-0.562760,0.000000
35.360001,-0.352631,-548.983887,-0.012296,-0.022202,-0.563922,-1.568579,-0.079907,-5.639222,-548.983887,-0.562587,0.000000
35.370003,-0.344070,-548.939392,-0.012266,-0.022193,-0.563697,-1.530502,-0.077967,-5.636967,-548.939392,-0.562431,0.000000
35.380001,-0.331406,-548.894958,-0.012184,-0.022187,-0.563541,-1.474166,-0.075098,-5.635406,-548.894958,-0.562257,0.000000
35.390003,-0.323959,-549.072876,-0.012206,-0.022180,-0.563367,-1.441043,-0.073410,-5.633672,-549.072876,-0.562084,0.000000
35.400002,-0.320602,-548.894958,-0.012215,-0.022175,-0.563246,-1.426111,-0.072650,-5.632458,-548.894958,-0.561928,0.000000
35.410000,-0.326935,-548.939392,-0.012206,-0.022171,-0.563133,-1.454279,-0.074084,-5.631330,-548.939392,-0.561754,0.000000
35.420002,-0.342941,-548.939392,-0.012245,-0.022164,-0.562960,-1.525479,-0.077712,-5.629596,-548.939392,-0.561598,0.000000
35.430000,-0.343689,-548.894958,-0.012176,-0.022156,-0.562751,-1.528805,-0.077881,-5.627514,-548.894958,-0.561425,0.000000
35.440002,-0.345551,-548.983887,-0.012189,-0.022148,-0.562552,-1.537086,-0.078303,-5.625520,-548.983887,-0.561251,0.000000
35.450001,-0.348907,-548.939392,-0.012180,-0.022142,-0.562396,-1.552018,-0.079064,-5.623959,-548.939392,-0.561095,0.000000
35.460003,-0.342209,-548.983887,-0.012202,-0.022136,-0.562266,-1.522221,-0.077546,-5.622658,-548.983887,-0.560922,0.000000
35.470001,-0.338104,-549.028381,-0.012206,-0.022130,-0.562110,-1.503963,-0.076616,-5.621097,-549.028381,-0.560766,0.000000
35.480003,-0.354492,-548.894958,-0.012193,-0.022123,-0.561928,-1.576860,-0.080329,-5.619276,-548.894958,-0.560592,0.000000
35.490002,-0.364914,-549.028381,-0.012154,-0.022116,-0.561737,-1.623218,-0.082691,-5.617368,-549.028381,-0.560419,0.000000
35.500000,-0.366776,-548.894958,-0.012167,-0.022109,-0.561581,-1.631499,-0.083113,-5.615807,-548.894958,-0.560263,0.000000
35.510002,-0.363052,-548.939392,-0.012215,-0.022103,-0.561407,-1.614938,-0.082269,-5.614073,-548.939392,-0.560089,0.000000
35.520000,-0.356354,-548.939392,-0.012253,-0.022096,-0.561234,-1.585141,-0.080751,-5.612338,-548.939392,-0.559933,0.000000
35.530003,-0.367157,-548.894958,-0.012275,-0.022087,-0.561008,-1.633196,-0.083199,-5.610084,-548.894958,-0.559759,0.000000
35.540001,-0.356720,-548.983887,-0.012275,-0.022077,-0.560766,-1.586770,-0.080834,-5.607655,-548.983887,-0.559586,0.000000
35.550003,-0.312042,-548.894958,-0.012318,-0.022072,-0.560627,-1.388033,-0.070710,-5.606267,-548.894958,-0.559430,0.000000
35.560001,-0.310181,-548.983887,-0.012322,-0.022070,-0.560575,-1.379753,-0.070288,-5.605747,-548.983887,-0.559257,0.000000
35.570004,-0.329163,-548.983887,-0.012322,-0.022067,-0.560497,-1.464188,-0.074589,-5.604967,-548.983887,-0.559100,0.000000
35.580002,-0.318741,-548.939392,-0.012305,-0.022063,-0.560410,-1.417830,-0.072228,-5.604100,-548.939392,-0.558927,0.000000
35.590000,-0.317261,-549.072876,-0.012322,-0.022056,-0.560219,-1.411246,-0.071892,-5.602191,-549.072876,-0.558754,0.000000
35.600002,-0.309799,-548.894958,-0.012305,-0.022047,-0.559994,-1.378056,-0.070202,-5.599936,-548.894958,-0.558597,0.000000
35.610001,-0.305710,-548.983887,-0.012301,-0.022037,-0.559734,-1.359865,-0.069275,-5.597335,-548.983887,-0.558424,0.000000
35.620003,-0.316879,-548.939392,-0.012318,-0.022029,-0.559543,-1.409549,-0.071806,-5.595428,-548.939392,-0.558250,0.000000
35.630001,-0.323578,-548.939392,-0.012344,-0.022023,-0.559395,-1.439346,-0.073324,-5.593953,-548.939392,-0.558094,0.000000
35.640003,-0.325439,-549.028381,-0.012301,-0.022018,-0.559265,-1.447627,-0.073746,-5.592652,-549.028381,-0.557921,0.000000
35.650002,-0.322464,-548.894958,-0.012305,-0.022014,-0.559152,-1.434391,-0.073071,-5.591525,-548.894958,-0.557765,0.000000
35.660000,-0.312790,-548.983887,-0.012314,-0.022007,-0.558988,-1.391359,-0.070879,-5.589877,-548.983887,-0.557591,0.000000
35.670002,-0.312042,-549.028381,-0.012288,-0.021998,-0.558754,-1.388033,-0.070710,-5.587535,-549.028381,-0.557418,0.000000
35.680000,-0.333633,-548.939392,-0.012275,-0.021990,-0.558545,-1.484076,-0.075602,-5.585454,-548.939392,-0.557262,0.000000
35.690002,-0.347412,-549.028381,-0.012258,-0.021984,-0.558389,-1.545366,-0.078725,-5.583893,-549.028381,-0.557088,0.000000
35.700001,-0.351883,-548.939392,-0.012240,-0.021979,-0.558268,-1.565253,-0.079738,-5.582679,-548.939392,-0.556932,0.000000
35.710003,-0.347412,-548.939392,-0.012236,-0.021974,-0.558146,-1.545366,-0.078725,-5.581465,-548.939392,-0.556759,0.000000
35.720001,-0.343689,-548.983887,-0.012193,-0.021967,-0.557956,-1.528805,-0.077881,-5.579557,-548.983887,-0.556585,0.000000
35.730003,-0.329910,-548.894958,-0.012189,-0.021958,-0.557739,-1.467514,-0.074759,-5.577389,-548.894958,-0.556429,0.000000
35.740002,-0.323959,-549.072876,-0.012180,-0.021950,-0.557522,-1.441043,-0.073410,-5.575221,-549.072876,-0.556256,0.000000
35.750000,-0.315018,-548.850464,-0.012167,-0.021944,-0.557366,-1.401269,-0.071384,-5.573660,-548.850464,-0.556100,0.000000
35.760002,-0.329544,-548.983887,-0.012150,-0.021938,-0.557236,-1.465885,-0.074676,-5.572359,-548.983887,-0.555926,0.000000
35.770000,-0.320984,-548.983887,-0.012240,-0.021934,-0.557132,-1.427808,-0.072736,-5.571318,-548.983887,-0.555753,0.000000
35.780003,-0.310547,-548.939392,-0.012301,-0.021928,-0.556967,-1.381382,-0.070371,-5.569671,-548.939392,-0.555597,0.000000
35.790001,-0.321716,-549.028381,-0.012292,-0.021920,-0.556776,-1.431066,-0.072902,-5.567763,-549.028381,-0.555423,0.000000
35.800003,-0.320984,-548.894958,-0.012301,-0.021911,-0.556542,-1.427808,-0.072736,-5.565421,-548.894958,-0.555267,0.000000
35.810001,-0.324326,-548.939392,-0.012309,-0.021903,-0.556334,-1.442672,-0.073493,-5.563340,-548.939392,-0.555094,0.000000
35.820004,-0.322464,-549.028381,-0.012305,-0.021898,-0.556204,-1.434391,-0.073071,-5.562039,-549.028381,-0.554920,0.000000
35.830002,-0.326935,-548.894958,-0.012305,-0.021891,-0.556039,-1.454279,-0.074084,-5.560391,-548.894958,-0.554764,0.000000
35.840000,-0.334015,-549.072876,-0.012301,-0.021884,-0.555848,-1.485772,-0.075689,-5.558484,-549.072876,-0.554591,0.000000
35.850002,-0.330292,-548.939392,-0.012335,-0.021876,-0.555658,-1.469211,-0.074845,-5.556575,-548.939392,-0.554435,0.000000
35.860001,-0.341461,-548.939392,-0.012266,-0.021870,-0.555493,-1.518895,-0.077376,-5.554927,-548.939392,-0.554261,0.000000
35.870003,-0.352631,-548.983887,-0.012258,-0.021864,-0.555345,-1.568579,-0.079907,-5.553453,-548.983887,-0.554088,0.000000
35.880001,-0.352997,-548.894958,-0.012249,-0.021858,-0.555189,-1.570208,-0.079990,-5.551893,-548.894958,-0.553932,0.000000
35.890003,-0.352631,-548.983887,-0.012227,-0.021852,-0.555042,-1.568579,-0.079907,-5.550418,-548.983887,-0.553758,0.000000
35.900002,-0.353378,-548.894958,-0.012219,-0.021847,-0.554912,-1.571905,-0.080077,-5.549117,-548.894958,-0.553602,0.000000
35.910000,-0.337357,-548.983887,-0.012180,-0.021842,-0.554799,-1.500637,-0.076446,-5.547990,-548.983887,-0.553429,0.000000
35.920002,-0.341080,-549.028381,-0.012197,-0.021838,-0.554695,-1.517198,-0.077290,-5.546949,-549.028381,-0.553255,0.000000
35.930000,-0.334763,-548.939392,-0.012163,-0.021832,-0.554539,-1.489098,-0.075858,-5.545388,-548.939392,-0.553099,0.000000
35.940002,-0.332520,-548.983887,-0.012189,-0.021824,-0.554331,-1.479121,-0.075350,-5.543307,-548.983887,-0.552926,0.000000
35.950001,-0.330292,-548.939392,-0.012206,-0.021814,-0.554088,-1.469211,-0.074845,-5.540878,-548.939392,-0.552770,0.000000
35.960003,-0.318375,-548.983887,-0.012249,-0.021806,-0.553880,-1.416201,-0.072145,-5.538797,-548.983887,-0.552596,0.000000
35.970001,-0.304962,-549.028381,-0.012296,-0.021800,-0.553732,-1.356539,-0.069105,-5.537323,-549.028381,-0.552423,0.000000
35.980003,-0.303482,-548.850464,-0.012284,-0.021793,-0.553541,-1.349956,-0.068770,-5.535415,-548.850464,-0.552267,0.000000
35.990002,-0.304214,-549.028381,-0.012301,-0.021783,-0.553281,-1.353214,-0.068936,-5.532814,-549.028381,-0.552093,0.000000
36.000000,-0.306076,-548.939392,-0.012296,-0.021775,-0.553073,-1.361494,-0.069358,-5.530732,-548.939392,-0.551920,0.000000
36.010002,-0.304962,-548.983887,-0.012296,-0.021768,-0.552908,-1.356539,-0.069105,-5.529084,-548.983887,-0.551764,0.000000
36.020000,-0.301620,-548.983887,-0.012271,-0.021761,-0.552726,-1.341675,-0.068348,-5.527263,-548.983887,-0.551590,0.000000
36.030003,-0.304214,-548.939392,-0.012292,-0.021754,-0.552562,-1.353214,-0.068936,-5.525616,-548.939392,-0.551434,0.000000
36.040001,-0.296036,-549.072876,-0.012275,-0.021748,-0.552405,-1.316833,-0.067083,-5.524055,-549.072876,-0.551261,0.000000
36.050003,-0.318375,-548.939392,-0.012275,-0.021743,-0.552267,-1.416201,-0.072145,-5.522667,-548.939392,-0.551087,0.000000
36.060001,-0.324326,-548.939392,-0.012227,-0.021737,-0.552128,-1.442672,-0.073493,-5.521279,-548.939392,-0.550931,0.000000
36.070004,-0.331772,-548.983887,-0.012223,-0.021731,-0.551972,-1.475795,-0.075181,-5.519718,-548.983887,-0.550758,0.000000
36.080002,-0.334015,-548.939392,-0.012245,-0.021725,-0.551807,-1.485772,-0.075689,-5.518071,-548.939392,-0.550602,0.000000
36.090000,-0.333633,-549.072876,-0.012245,-0.021719,-0.551668,-1.484076,-0.075602,-5.516683,-549.072876,-0.550428,0.000000
36.100002,-0.327682,-548.939392,-0.012262,-0.021714,-0.551547,-1.457605,-0.074254,-5.515469,-548.939392,-0.550255,0.000000
36.110001,-0.329910,-549.028381,-0.012232,-0.021709,-0.551399,-1.467514,-0.074759,-5.513995,-549.028381,-0.550099,0.000000
36.120003,-0.319122,-548.983887,-0.012266,-0.021701,-0.551217,-1.419527,-0.072314,-5.512173,-548.983887,-0.549925,0.000000
36.130001,-0.313904,-548.894958,-0.012258,-0.021694,-0.551035,-1.396314,-0.071132,-5.510353,-548.894958,-0.549769,0.000000
36.140003,-0.318741,-549.072876,-0.012309,-0.021688,-0.550879,-1.417830,-0.072228,-5.508791,-549.072876,-0.549596,0.000000
36.150002,-0.316513,-548.894958,-0.012305,-0.021682,-0.550723,-1.407920,-0.071723,-5.507230,-548.894958,-0.549422,0.000000
36.160000,-0.314270,-548.983887,-0.012305,-0.021677,-0.550602,-1.397943,-0.071215,-5.506016,-548.983887,-0.549266,0.000000
36.170002,-0.287842,-548.983887,-0.012301,-0.021672,-0.550472,-1.280384,-0.065226,-5.504715,-548.983887,-0.549093,0.000000
36.180000,-0.281876,-548.894958,-0.012266,-0.021665,-0.550298,-1.253845,-0.063874,-5.502981,-548.894958,-0.548937,0.000000
36.190002,-0.279266,-549.028381,-0.012197,-0.021658,-0.550125,-1.242239,-0.063283,-5.501246,-549.028381,-0.548763,0.000000
36.200001,-0.294174,-548.939392,-0.012202,-0.021650,-0.549917,-1.308552,-0.066661,-5.499165,-548.939392,-0.548590,0.000000
36.210003,-0.293793,-548.983887,-0.012193,-0.021643,-0.549734,-1.306855,-0.066574,-5.497344,-548.983887,-0.548434,0.000000
36.220001,-0.303848,-548.939392,-0.012210,-0.021636,-0.549552,-1.351585,-0.068853,-5.495522,-548.939392,-0.548260,0.000000
36.230003,-0.299377,-548.939392,-0.012219,-0.021628,-0.549361,-1.331697,-0.067840,-5.493615,-548.939392,-0.548104,0.000000
36.240002,-0.304214,-549.072876,-0.012223,-0.021621,-0.549171,-1.353214,-0.068936,-5.491707,-549.072876,-0.547931,0.000000
36.250000,-0.322098,-548.894958,-0.012253,-0.021614,-0.548997,-1.432763,-0.072988,-5.489973,-548.894958,-0.547757,0.000000
36.260002,-0.326935,-548.983887,-0.012296,-0.021609,-0.548858,-1.454279,-0.074084,-5.488585,-548.983887,-0.547601,0.000000
36.270000,-0.344070,-548.983887,-0.012249,-0.021604,-0.548746,-1.530502,-0.077967,-5.487458,-548.983887,-0.547428,0.000000
36.280003,-0.343323,-548.894958,-0.012266,-0.021599,-0.548616,-1.527176,-0.077798,-5.486156,-548.894958,-0.547271,0.000000
36.290001,-0.338104,-549.028381,-0.012227,-0.021594,-0.548477,-1.503963,-0.076616,-5.484769,-549.028381,-0.547098,0.000000
36.300003,-0.322464,-548.939392,-0.012245,-0.021587,-0.548321,-1.434391,-0.073071,-5.483208,-548.939392,-0.546925,0.000000
36.310001,-0.319855,-549.117371,-0.012245,-0.021580,-0.548139,-1.422785,-0.072480,-5.481387,-549.117371,-0.546768,0.000000
36.320004,-0.319122,-548.939392,-0.012227,-0.021572,-0.547931,-1.419527,-0.072314,-5.479306,-548.939392,-0.546595,0.000000
36.330002,-0.314270,-548.894958,-0.012223,-0.021564,-0.547731,-1.397943,-0.071215,-5.477311,-548.894958,-0.546439,0.000000
36.340000,-0.327682,-548.983887,-0.012197,-0.021557,-0.547558,-1.457605,-0.074254,-5.475577,-548.983887,-0.546265,0.000000
36.350002,-0.313538,-548.939392,-0.012215,-0.021553,-0.547436,-1.394685,-0.071049,-5.474362,-548.939392,-0.546092,0.000000
36.360001,-0.297516,-548.983887,-0.012184,-0.021548,-0.547323,-1.323417,-0.067418,-5.473235,-548.983887,-0.545936,0.000000
36.370003,-0.287460,-549.072876,-0.012176,-0.021543,-0.547185,-1.278687,-0.065139,-5.471848,-549.072876,-0.545762,0.000000
36.380001,-0.295654,-548.983887,-0.012180,-0.021537,-0.547037,-1.315136,-0.066996,-5.470373,-548.983887,-0.545589,0.000000
36.390003,-0.299759,-548.983887,-0.012167,-0.021532,-0.546907,-1.333394,-0.067926,-5.469072,-548.983887,-0.545433,0.000000
36.400002,-0.304596,-548.939392,-0.012171,-0.021526,-0.546768,-1.354910,-0.069022,-5.467685,-548.939392,-0.545259,0.000000
36.410000,-0.304962,-548.983887,-0.012219,-0.021519,-0.546578,-1.356539,-0.069105,-5.465777,-548.983887,-0.545103,0.000000
36.420002,-0.301620,-549.028381,-0.012258,-0.021509,-0.546326,-1.341675,-0.068348,-5.463262,-549.028381,-0.544930,0.000000
36.430000,-0.297897,-548.894958,-0.012292,-0.021499,-0.546066,-1.325114,-0.067505,-5.460660,-548.894958,-0.544757,0.000000
36.440002,-0.305344,-549.028381,-0.012322,-0.021491,-0.545884,-1.358236,-0.069192,-5.458839,-549.028381,-0.544600,0.000000
36.450001,-0.331772,-548.983887,-0.012296,-0.021485,-0.545710,-1.475795,-0.075181,-5.457105,-548.983887,-0.544427,0.000000
36.460003,-0.332901,-548.983887,-0.012327,-0.021478,-0.545546,-1.480818,-0.075436,-5.455457,-548.983887,-0.544271,0.000000
36.470001,-0.332520,-549.028381,-0.012305,-0.021472,-0.545381,-1.479121,-0.075350,-5.453809,-549.028381,-0.544097,0.000000
36.480003,-0.329544,-548.983887,-0.012262,-0.021466,-0.545242,-1.465885,-0.074676,-5.452422,-548.983887,-0.543924,0.000000
36.490002,-0.322845,-549.028381,-0.012258,-0.021461,-0.545121,-1.436088,-0.073158,-5.451208,-549.028381,-0.543768,0.000000
36.500000,-0.330658,-548.939392,-0.012150,-0.021456,-0.544982,-1.470840,-0.074928,-5.449820,-548.939392,-0.543594,0.000000
36.510002,-0.325821,-548.983887,-0.012180,-0.021449,-0.544817,-1.449324,-0.073832,-5.448172,-548.983887,-0.543438,0.000000
36.520000,-0.325439,-548.983887,-0.012189,-0.021442,-0.544618,-1.447627,-0.073746,-5.446177,-548.983887,-0.543265,0.000000
36.530003,-0.312790,-548.983887,-0.012189,-0.021434,-0.544418,-1.391359,-0.070879,-5.444183,-548.983887,-0.543091,0.000000
36.540001,-0.307571,-549.072876,-0.012206,-0.021427,-0.544254,-1.368146,-0.069697,-5.442535,-549.072876,-0.542935,0.000000
36.550003,-0.312408,-548.939392,-0.012189,-0.021421,-0.544106,-1.389662,-0.070793,-5.441061,-548.939392,-0.542762,0.000000
36.560001,-0.315018,-548.983887,-0.012219,-0.021415,-0.543950,-1.401269,-0.071384,-5.439500,-548.983887,-0.542606,0.000000
36.570004,-0.314270,-549.028381,-0.012210,-0.021410,-0.543803,-1.397943,-0.071215,-5.438026,-549.028381,-0.542432,0.000000
36.580002,-0.307205,-548.939392,-0.012202,-0.021404,-0.543655,-1.366517,-0.069614,-5.436551,-548.939392,-0.542259,0.000000
36.590000,-0.315018,-549.028381,-0.012219,-0.021397,-0.543490,-1.401269,-0.071384,-5.434904,-549.028381,-0.542103,0.000000
36.600002,-0.301987,-548.983887,-0.012275,-0.021392,-0.543360,-1.343304,-0.068431,-5.433603,-548.983887,-0.541929,0.000000
36.610001,-0.310928,-548.983887,-0.012314,-0.021386,-0.543204,-1.383078,-0.070457,-5.432042,-548.983887,-0.541773,0.000000
36.620003,-0.319122,-549.028381,-0.012318,-0.021376,-0.542953,-1.419527,-0.072314,-5.429527,-549.028381,-0.541600,0.000000
36.630001,-0.308319,-548.939392,-0.012262,-0.021365,-0.542675,-1.371472,-0.069866,-5.426752,-548.939392,-0.541426,0.000000
36.640003,-0.334381,-549.072876,-0.012296,-0.021356,-0.542441,-1.487401,-0.075772,-5.424410,-549.072876,-0.541270,0.000000
36.650002,-0.341827,-548.939392,-0.012284,-0.021350,-0.542285,-1.520524,-0.077459,-5.422849,-548.939392,-0.541097,0.000000
36.660000,-0.339966,-548.983887,-0.012284,-0.021345,-0.542172,-1.512244,-0.077037,-5.421722,-548.983887,-0.540941,0.000000
36.670002,-0.354492,-549.028381,-0.012301,-0.021342,-0.542085,-1.576860,-0.080329,-5.420855,-549.028381,-0.540767,0.000000
36.680000,-0.353378,-548.939392,-0.012322,-0.021339,-0.541999,-1.571905,-0.080077,-5.419988,-548.939392,-0.540594,0.000000
36.690002,-0.351883,-549.072876,-0.012292,-0.021334,-0.541886,-1.565253,-0.079738,-5.418860,-549.072876,-0.540438,0.000000
36.700001,-0.353378,-548.983887,-0.012301,-0.021327,-0.541695,-1.571905,-0.080077,-5.416952,-548.983887,-0.540264,0.000000
36.710003,-0.349655,-548.983887,-0.012305,-0.021317,-0.541461,-1.555344,-0.079233,-5.414611,-548.983887,-0.540108,0.000000
36.720001,-0.332520,-548.983887,-0.012296,-0.021310,-0.541262,-1.479121,-0.075350,-5.412616,-548.983887,-0.539935,0.000000
36.730003,-0.325821,-548.894958,-0.012301,-0.021302,-0.541071,-1.449324,-0.073832,-5.410708,-548.894958,-0.539761,0.000000
36.740002,-0.320984,-549.028381,-0.012258,-0.021297,-0.540941,-1.427808,-0.072736,-5.409407,-549.028381,-0.539605,0.000000
36.750000,-0.309067,-548.939392,-0.012240,-0.021292,-0.540819,-1.374798,-0.070036,-5.408194,-548.939392,-0.539432,0.000000
36.760002,-0.316132,-549.028381,-0.012202,-0.021288,-0.540707,-1.406224,-0.071636,-5.407066,-549.028381,-0.539276,0.000000
36.770000,-0.319489,-548.983887,-0.012202,-0.021283,-0.540594,-1.421156,-0.072397,-5.405939,-548.983887,-0.539102,0.000000
36.780003,-0.331406,-548.939392,-0.012215,-0.021279,-0.540490,-1.474166,-0.075098,-5.404898,-548.939392,-0.538929,0.000000
36.790001,-0.334015,-549.028381,-0.012322,-0.021271,-0.540290,-1.485772,-0.075689,-5.402903,-549.028381,-0.538773,0.000000
36.800003,-0.329163,-548.939392,-0.012284,-0.021261,-0.540039,-1.464188,-0.074589,-5.400388,-548.939392,-0.538599,0.000000
36.810001,-0.320236,-548.983887,-0.012288,-0.021251,-0.539787,-1.424482,-0.072567,-5.397873,-548.983887,-0.538426,0.000000
36.820004,-0.335129,-548.983887,-0.012301,-0.021243,-0.539562,-1.490727,-0.075941,-5.395618,-548.983887,-0.538270,0.000000
36.830002,-0.341827,-548.894958,-0.012331,-0.021236,-0.539406,-1.520524,-0.077459,-5.394057,-548.894958,-0.538096,0.000000
36.840000,-0.363052,-549.072876,-0.012309,-0.021232,-0.539284,-1.614938,-0.082269,-5.392843,-549.072876,-0.537940,0.000000
36.850002,-0.352264,-548.983887,-0.012327,-0.021228,-0.539189,-1.566950,-0.079824,-5.391890,-548.983887,-0.537767,0.000000
36.860001,-0.349274,-548.983887,-0.012318,-0.021223,-0.539076,-1.553647,-0.079147,-5.390762,-548.983887,-0.537593,0.000000
36.870003,-0.351517,-549.028381,-0.012309,-0.021218,-0.538946,-1.563625,-0.079655,-5.389461,-549.028381,-0.537437,0.000000
36.880001,-0.347412,-548.939392,-0.012258,-0.021213,-0.538816,-1.545366,-0.078725,-5.388160,-548.939392,-0.537264,0.000000
36.890003,-0.350021,-549.028381,-0.012279,-0.021208,-0.538695,-1.556973,-0.079316,-5.386946,-549.028381,-0.537108,0.000000
36.900002,-0.336243,-548.939392,-0.012296,-0.021203,-0.538547,-1.495682,-0.076194,-5.385472,-548.939392,-0.536934,0.000000
36.910000,-0.338486,-549.028381,-0.012279,-0.021197,-0.538400,-1.505660,-0.076702,-5.383997,-549.028381,-0.536761,0.000000
36.920002,-0.344437,-549.028381,-0.012253,-0.021191,-0.538252,-1.532131,-0.078050,-5.382523,-549.028381,-0.536605,0.000000
36.930000,-0.336624,-548.939392,-0.012253,-0.021183,-0.538044,-1.497379,-0.076280,-5.380442,-548.939392,-0.536431,0.000000
36.940002,-0.341461,-549.117371,-0.012210,-0.021172,-0.537775,-1.518895,-0.077376,-5.377753,-549.117371,-0.536275,0.000000
36.950001,-0.326187,-548.894958,-0.012232,-0.021161,-0.537480,-1.450953,-0.073915,-5.374805,-548.894958,-0.536102,0.000000
36.960003,-0.317627,-548.983887,-0.012202,-0.021151,-0.537238,-1.412875,-0.071975,-5.372377,-548.983887,-0.535928,0.000000
36.970001,-0.326187,-549.072876,-0.012236,-0.021144,-0.537064,-1.450953,-0.073915,-5.370643,-549.072876,-0.535772,0.000000
36.980003,-0.337357,-548.939392,-0.012176,-0.021138,-0.536917,-1.500637,-0.076446,-5.369168,-548.939392,-0.535599,0.000000
36.990002,-0.332901,-549.117371,-0.012184,-0.021132,-0.536743,-1.480818,-0.075436,-5.367434,-549.117371,-0.535443,0.000000
37.000000,-0.332901,-548.939392,-0.012189,-0.021124,-0.536561,-1.480818,-0.075436,-5.365613,-548.939392,-0.535269,0.000000
37.010002,-0.342575,-549.028381,-0.012197,-0.021119,-0.536414,-1.523850,-0.077629,-5.364138,-549.028381,-0.535096,0.000000
37.020000,-0.339218,-549.028381,-0.012215,-0.021113,-0.536275,-1.508918,-0.076868,-5.362751,-549.028381,-0.534939,0.000000
37.030003,-0.347412,-548.939392,-0.012236,-0.021108,-0.536154,-1.545366,-0.078725,-5.361537,-548.939392,-0.534766,0.000000
37.040001,-0.360443,-549.072876,-0.012232,-0.021104,-0.536032,-1.603331,-0.081678,-5.360322,-549.072876,-0.534610,0.000000
37.050003,-0.369766,-548.939392,-0.012249,-0.021098,-0.535893,-1.644802,-0.083790,-5.358935,-548.939392,-0.534437,0.000000
37.060001,-0.364166,-549.072876,-0.012292,-0.021092,-0.535737,-1.619892,-0.082521,-5.357374,-549.072876,-0.534263,0.000000
37.070004,-0.365295,-548.983887,-0.012309,-0.021087,-0.535616,-1.624915,-0.082777,-5.356160,-548.983887,-0.534107,0.000000
37.080002,-0.359711,-548.939392,-0.012318,-0.021084,-0.535529,-1.600073,-0.081512,-5.355292,-548.939392,-0.533934,0.000000
37.090000,-0.366028,-549.117371,-0.012288,-0.021079,-0.535408,-1.628173,-0.082943,-5.354078,-549.117371,-0.533777,0.000000
37.100002,-0.351135,-548.983887,-0.012266,-0.021073,-0.535260,-1.561928,-0.079568,-5.352604,-548.983887,-0.533604,0.000000
37.110001,-0.340347,-549.028381,-0.012236,-0.021066,-0.535087,-1.513940,-0.077124,-5.350870,-549.028381,-0.533431,0.000000
37.120003,-0.338486,-549.028381,-0.012240,-0.021058,-0.534861,-1.505660,-0.076702,-5.348615,-549.028381,-0.533274,0.000000
37.130001,-0.339218,-548.939392,-0.012215,-0.021047,-0.534601,-1.508918,-0.076868,-5.346013,-548.939392,-0.533101,0.000000
37.140003,-0.336624,-549.028381,-0.012227,-0.021037,-0.534341,-1.497379,-0.076280,-5.343411,-549.028381,-0.532945,0.000000
37.150002,-0.313156,-548.939392,-0.012184,-0.021029,-0.534124,-1.392988,-0.070962,-5.341243,-548.939392,-0.532771,0.000000
37.160004,-0.319122,-548.983887,-0.012197,-0.021022,-0.533960,-1.419527,-0.072314,-5.339595,-548.983887,-0.532598,0.000000
37.170002,-0.332153,-549.072876,-0.012202,-0.021016,-0.533795,-1.477492,-0.075267,-5.337948,-549.072876,-0.532442,0.000000
37.180000,-0.336243,-548.983887,-0.012197,-0.021010,-0.533665,-1.495682,-0.076194,-5.336647,-548.983887,-0.532268,0.000000
37.190002,-0.341827,-549.161804,-0.012206,-0.021005,-0.533526,-1.520524,-0.077459,-5.335259,-549.161804,-0.532095,0.000000
37.200001,-0.339600,-549.028381,-0.012249,-0.020998,-0.533352,-1.510615,-0.076954,-5.333525,-549.028381,-0.531939,0.000000
37.210003,-0.343323,-548.983887,-0.012258,-0.020990,-0.533144,-1.527176,-0.077798,-5.331444,-548.983887,-0.531765,0.000000
37.220001,-0.332520,-548.983887,-0.012305,-0.020983,-0.532962,-1.479121,-0.075350,-5.329622,-548.983887,-0.531609,0.000000
37.230003,-0.367157,-548.983887,-0.012314,-0.020976,-0.532789,-1.633196,-0.083199,-5.327888,-548.983887,-0.531436,0.000000
37.240002,-0.372360,-549.072876,-0.012322,-0.020971,-0.532667,-1.656341,-0.084378,-5.326674,-549.072876,-0.531262,0.000000
37.250000,-0.364548,-549.028381,-0.012331,-0.020967,-0.532572,-1.621589,-0.082608,-5.325720,-549.028381,-0.531106,0.000000
37.260002,-0.382050,-549.028381,-0.012335,-0.020963,-0.532451,-1.699441,-0.086574,-5.324506,-549.028381,-0.530933,0.000000
37.270000,-0.383163,-549.028381,-0.012348,-0.020957,-0.532303,-1.704396,-0.086826,-5.323032,-549.028381,-0.530777,0.000000
37.280003,-0.380188,-548.983887,-0.012309,-0.020949,-0.532112,-1.691161,-0.086152,-5.321124,-548.983887,-0.530603,0.000000
37.290001,-0.359329,-548.983887,-0.012271,-0.020940,-0.531878,-1.598376,-0.081425,-5.318782,-548.983887,-0.530430,0.000000
37.300003,-0.340347,-548.939392,-0.012215,-0.020932,-0.531661,-1.513940,-0.077124,-5.316614,-548.939392,-0.530274,0.000000
37.310001,-0.334381,-549.072876,-0.012197,-0.020925,-0.531488,-1.487401,-0.075772,-5.314879,-549.072876,-0.530100,0.000000
37.320004,-0.339218,-549.072876,-0.012197,-0.020918,-0.531314,-1.508918,-0.076868,-5.313145,-549.072876,-0.529944,0.000000
37.330002,-0.329163,-548.983887,-0.012167,-0.020909,-0.531089,-1.464188,-0.074589,-5.310890,-548.983887,-0.529771,0.000000
37.340000,-0.327301,-549.072876,-0.012240,-0.020903,-0.530924,-1.455908,-0.074167,-5.309242,-549.072876,-0.529597,0.000000
37.350002,-0.318375,-548.939392,-0.012202,-0.020898,-0.530820,-1.416201,-0.072145,-5.308202,-548.939392,-0.529441,0.000000
37.360001,-0.345932,-548.983887,-0.012197,-0.020894,-0.530699,-1.538782,-0.078389,-5.306988,-548.983887,-0.529268,0.000000
37.370003,-0.344070,-549.028381,-0.012180,-0.020888,-0.530560,-1.530502,-0.077967,-5.305601,-549.028381,-0.529112,0.000000
37.380001,-0.347794,-548.939392,-0.012176,-0.020882,-0.530395,-1.547063,-0.078811,-5.303953,-548.939392,-0.528938,0.000000
37.390003,-0.352997,-549.072876,-0.012171,-0.020873,-0.530178,-1.570208,-0.079990,-5.301785,-549.072876,-0.528765,0.000000
37.400002,-0.347794,-548.983887,-0.012184,-0.020865,-0.529970,-1.547063,-0.078811,-5.299703,-548.983887,-0.528609,0.000000
37.410004,-0.341461,-548.939392,-0.012189,-0.020858,-0.529788,-1.518895,-0.077376,-5.297882,-548.939392,-0.528435,0.000000
37.420002,-0.369766,-549.028381,-0.012227,-0.020851,-0.529615,-1.644802,-0.083790,-5.296148,-549.028381,-0.528279,0.000000
37.430000,-0.369019,-548.983887,-0.012271,-0.020846,-0.529493,-1.641477,-0.083621,-5.294934,-548.983887,-0.528106,0.000000
37.440002,-0.368637,-549.072876,-0.012309,-0.020841,-0.529372,-1.639780,-0.083534,-5.293719,-549.072876,-0.527932,0.000000
37.450001,-0.366028,-548.983887,-0.012262,-0.020837,-0.529259,-1.628173,-0.082943,-5.292592,-548.983887,-0.527776,0.000000
37.460003,-0.375351,-548.983887,-0.012292,-0.020833,-0.529155,-1.669644,-0.085056,-5.291552,-548.983887,-0.527603,0.000000
37.470001,-0.378326,-549.028381,-0.012296,-0.020827,-0.529008,-1.682880,-0.085730,-5.290077,-549.028381,-0.527447,0.000000
37.480003,-0.373108,-548.983887,-0.012275,-0.020818,-0.528774,-1.659667,-0.084547,-5.287735,-548.983887,-0.527273,0.000000
37.490002,-0.365295,-549.117371,-0.012292,-0.020807,-0.528487,-1.624915,-0.082777,-5.284873,-549.117371,-0.527100,0.000000
37.500000,-0.336990,-548.939392,-0.012296,-0.020796,-0.528227,-1.499008,-0.076363,-5.282272,-548.939392,-0.526944,0.000000
37.510002,-0.336624,-549.028381,-0.012340,-0.020790,-0.528054,-1.497379,-0.076280,-5.280537,-549.028381,-0.526770,0.000000
37.520000,-0.325073,-549.028381,-0.012309,-0.020783,-0.527880,-1.445998,-0.073663,-5.278803,-549.028381,-0.526614,0.000000
37.530003,-0.317261,-548.983887,-0.012232,-0.020778,-0.527750,-1.411246,-0.071892,-5.277503,-548.983887,-0.526441,0.000000
37.540001,-0.317627,-549.072876,-0.012171,-0.020773,-0.527646,-1.412875,-0.071975,-5.276462,-549.072876,-0.526267,0.000000
37.550003,-0.326569,-548.983887,-0.012193,-0.020767,-0.527481,-1.452650,-0.074001,-5.274814,-548.983887,-0.526111,0.000000
37.560001,-0.339966,-549.072876,-0.012180,-0.020759,-0.527273,-1.512244,-0.077037,-5.272732,-549.072876,-0.525938,0.000000
37.570004,-0.337357,-549.028381,-0.012215,-0.020751,-0.527074,-1.500637,-0.076446,-5.270738,-549.028381,-0.525764,0.000000
37.580002,-0.339218,-548.939392,-0.012215,-0.020745,-0.526918,-1.508918,-0.076868,-5.269177,-548.939392,-0.525608,0.000000
37.590000,-0.348907,-549.072876,-0.012245,-0.020740,-0.526796,-1.552018,-0.079064,-5.267962,-549.072876,-0.525435,0.000000
37.600002,-0.347794,-548.939392,-0.012301,-0.020735,-0.526658,-1.547063,-0.078811,-5.266575,-548.939392,-0.525279,0.000000
37.610001,-0.346664,-549.072876,-0.012266,-0.020727,-0.526467,-1.542040,-0.078555,-5.264668,-549.072876,-0.525105,0.000000
37.620003,-0.353378,-549.072876,-0.012271,-0.020719,-0.526267,-1.571905,-0.080077,-5.262672,-549.072876,-0.524932,0.000000
37.630001,-0.358963,-548.983887,-0.012292,-0.020712,-0.526085,-1.596747,-0.081342,-5.260852,-548.983887,-0.524776,0.000000
37.640003,-0.364914,-549.072876,-0.012288,-0.020706,-0.525920,-1.623218,-0.082691,-5.259204,-549.072876,-0.524602,0.000000
37.650002,-0.365662,-548.983887,-0.012340,-0.020699,-0.525747,-1.626544,-0.082860,-5.257469,-548.983887,-0.524446,0.000000
37.660004,-0.368271,-549.028381,-0.012327,-0.020690,-0.525530,-1.638151,-0.083451,-5.255301,-549.028381,-0.524273,0.000000
37.670002,-0.364914,-549.028381,-0.012348,-0.020680,-0.525279,-1.623218,-0.082691,-5.252787,-549.028381,-0.524099,0.000000
37.680000,-0.319489,-548.939392,-0.012305,-0.020674,-0.525123,-1.421156,-0.072397,-5.251225,-548.939392,-0.523943,0.000000
37.690002,-0.310928,-549.072876,-0.012301,-0.020672,-0.525062,-1.383078,-0.070457,-5.250618,-549.072876,-0.523770,0.000000
37.700001,-0.316879,-548.939392,-0.012266,-0.020669,-0.524992,-1.409549,-0.071806,-5.249925,-548.939392,-0.523614,0.000000
37.710003,-0.313156,-549.072876,-0.012202,-0.020666,-0.524914,-1.392988,-0.070962,-5.249144,-549.072876,-0.523440,0.000000
37.720001,-0.313156,-549.028381,-0.012171,-0.020659,-0.524750,-1.392988,-0.070962,-5.247496,-549.028381,-0.523267,0.000000
37.730003,-0.305344,-548.939392,-0.012232,-0.020650,-0.524515,-1.358236,-0.069192,-5.245155,-548.939392,-0.523111,0.000000
37.740002,-0.312408,-549.117371,-0.012197,-0.020640,-0.524264,-1.389662,-0.070793,-5.242640,-549.117371,-0.522937,0.000000
37.750000,-0.320236,-548.983887,-0.012197,-0.020632,-0.524056,-1.424482,-0.072567,-5.240559,-548.983887,-0.522781,0.000000
37.760002,-0.322845,-549.072876,-0.012197,-0.020626,-0.523891,-1.436088,-0.073158,-5.238911,-549.072876,-0.522608,0.000000
37.770000,-0.320236,-549.028381,-0.012236,-0.020621,-0.523770,-1.424482,-0.072567,-5.237697,-549.028381,-0.522434,0.000000
37.780003,-0.311676,-549.028381,-0.012245,-0.020616,-0.523657,-1.386404,-0.070627,-5.236569,-549.028381,-0.522278,0.000000
37.790001,-0.319489,-549.117371,-0.012279,-0.020611,-0.523510,-1.421156,-0.072397,-5.235095,-549.117371,-0.522105,0.000000
37.800003,-0.324707,-548.939392,-0.012284,-0.020602,-0.523284,-1.444369,-0.073580,-5.232840,-548.939392,-0.521948,0.000000
37.810001,-0.329163,-549.028381,-0.012279,-0.020593,-0.523067,-1.464188,-0.074589,-5.230672,-549.028381,-0.521775,0.000000
37.820004,-0.335495,-548.983887,-0.012296,-0.020586,-0.522894,-1.492356,-0.076024,-5.228938,-548.983887,-0.521602,0.000000
37.830002,-0.333633,-549.072876,-0.012305,-0.020581,-0.522746,-1.484076,-0.075602,-5.227463,-549.072876,-0.521446,0.000000
37.840000,-0.333267,-549.117371,-0.012284,-0.020575,-0.522608,-1.482447,-0.075519,-5.226076,-549.117371,-0.521272,0.000000
37.850002,-0.342209,-548.983887,-0.012279,-0.020568,-0.522417,-1.522221,-0.077546,-5.224168,-548.983887,-0.521116,0.000000
37.860001,-0.336990,-549.028381,-0.012271,-0.020559,-0.522209,-1.499008,-0.076363,-5.222086,-549.028381,-0.520942,0.000000
37.870003,-0.328796,-548.983887,-0.012292,-0.020552,-0.522009,-1.462559,-0.074506,-5.220092,-548.983887,-0.520769,0.000000
37.880001,-0.311676,-548.939392,-0.012301,-0.020546,-0.521870,-1.386404,-0.070627,-5.218705,-548.939392,-0.520613,0.000000
37.890003,-0.325821,-549.117371,-0.012305,-0.020541,-0.521749,-1.449324,-0.073832,-5.217490,-549.117371,-0.520440,0.000000
37.900002,-0.325821,-548.983887,-0.012296,-0.020538,-0.521662,-1.449324,-0.073832,-5.216623,-548.983887,-0.520283,0.000000
37.910004,-0.312408,-549.072876,-0.012327,-0.020532,-0.521515,-1.389662,-0.070793,-5.215148,-549.072876,-0.520110,0.000000
37.920002,-0.306076,-549.028381,-0.012314,-0.020525,-0.521333,-1.361494,-0.069358,-5.213327,-549.028381,-0.519937,0.000000
37.930000,-0.314270,-548.939392,-0.012322,-0.020516,-0.521107,-1.397943,-0.071215,-5.211073,-548.939392,-0.519780,0.000000
37.940002,-0.315765,-549.072876,-0.012258,-0.020507,-0.520873,-1.404595,-0.071553,-5.208731,-549.072876,-0.519607,0.000000
37.950001,-0.316513,-548.983887,-0.012223,-0.020501,-0.520717,-1.407920,-0.071723,-5.207170,-548.983887,-0.519434,0.000000
37.960003,-0.320984,-549.072876,-0.012258,-0.020495,-0.520570,-1.427808,-0.072736,-5.205696,-549.072876,-0.519277,0.000000
37.970001,-0.318741,-549.028381,-0.012288,-0.020488,-0.520396,-1.417830,-0.072228,-5.203961,-549.028381,-0.519104,0.000000
37.980003,-0.314270,-548.983887,-0.012305,-0.020481,-0.520205,-1.397943,-0.071215,-5.202054,-548.983887,-0.518948,0.000000
37.990002,-0.331406,-549.072876,-0.012253,-0.020474,-0.520032,-1.474166,-0.075098,-5.200319,-549.072876,-0.518774,0.000000
38.000000,-0.345184,-548.983887,-0.012210,-0.020467,-0.519867,-1.535457,-0.078220,-5.198671,-548.983887,-0.518601,0.000000
38.010002,-0.347046,-549.072876,-0.012184,-0.020461,-0.519711,-1.543737,-0.078642,-5.197110,-549.072876,-0.518445,0.000000
38.020000,-0.350769,-549.117371,-0.012189,-0.020455,-0.519555,-1.560299,-0.079485,-5.195549,-549.117371,-0.518271,0.000000
38.030003,-0.347046,-548.983887,-0.012167,-0.020450,-0.519425,-1.543737,-0.078642,-5.194248,-548.983887,-0.518115,0.000000
38.040001,-0.342209,-549.117371,-0.012171,-0.020445,-0.519295,-1.522221,-0.077546,-5.192948,-549.117371,-0.517942,0.000000
38.050003,-0.328049,-548.983887,-0.012184,-0.020441,-0.519208,-1.459234,-0.074337,-5.192080,-548.983887,-0.517768,0.000000
38.060001,-0.323212,-549.117371,-0.012219,-0.020436,-0.519087,-1.437717,-0.073241,-5.190866,-549.117371,-0.517612,0.000000
38.070004,-0.329163,-549.117371,-0.012249,-0.020428,-0.518878,-1.464188,-0.074589,-5.188785,-549.117371,-0.517439,0.000000
38.080002,-0.317261,-549.028381,-0.012266,-0.020419,-0.518644,-1.411246,-0.071892,-5.186443,-549.028381,-0.517283,0.000000
38.090000,-0.308685,-549.072876,-0.012331,-0.020410,-0.518410,-1.373101,-0.069949,-5.184102,-549.072876,-0.517109,0.000000
38.100002,-0.309799,-548.983887,-0.012279,-0.020403,-0.518245,-1.378056,-0.070202,-5.182454,-548.983887,-0.516936,0.000000
38.110001,-0.296768,-549.028381,-0.012322,-0.020397,-0.518072,-1.320091,-0.067249,-5.180720,-549.028381,-0.516780,0.000000
38.120003,-0.297516,-549.072876,-0.012314,-0.020387,-0.517820,-1.323417,-0.067418,-5.178205,-549.072876,-0.516606,0.000000
38.130001,-0.303101,-548.939392,-0.012284,-0.020378,-0.517604,-1.348259,-0.068684,-5.176037,-548.939392,-0.516450,0.000000
38.140003,-0.292679,-549.072876,-0.012296,-0.020372,-0.517439,-1.301901,-0.066322,-5.174389,-549.072876,-0.516277,0.000000
38.150002,-0.291183,-548.939392,-0.012327,-0.020365,-0.517265,-1.295249,-0.065983,-5.172655,-548.939392,-0.516103,0.000000
38.160004,-0.293427,-549.028381,-0.012309,-0.020358,-0.517083,-1.305226,-0.066491,-5.170834,-549.028381,-0.515947,0.000000
38.170002,-0.287842,-549.072876,-0.012296,-0.020351,-0.516919,-1.280384,-0.065226,-5.169186,-549.072876,-0.515774,0.000000
38.180000,-0.308685,-548.983887,-0.012309,-0.020345,-0.516771,-1.373101,-0.069949,-5.167712,-548.983887,-0.515618,0.000000
38.190002,-0.319122,-549.117371,-0.012292,-0.020340,-0.516632,-1.419527,-0.072314,-5.166324,-549.117371,-0.515444,0.000000
38.200001,-0.323959,-548.983887,-0.012296,-0.020334,-0.516476,-1.441043,-0.073410,-5.164763,-548.983887,-0.515271,0.000000
38.210003,-0.327682,-549.072876,-0.012292,-0.020327,-0.516303,-1.457605,-0.074254,-5.163028,-549.072876,-0.515115,0.000000
38.220001,-0.326187,-549.028381,-0.012262,-0.020321,-0.516155,-1.450953,-0.073915,-5.161554,-549.028381,-0.514941,0.000000
38.230003,-0.336624,-549.028381,-0.012253,-0.020317,-0.516043,-1.497379,-0.076280,-5.160427,-549.028381,-0.514785,0.000000
38.240002,-0.338852,-549.072876,-0.012271,-0.020311,-0.515895,-1.507289,-0.076785,-5.158952,-549.072876,-0.514612,0.000000
38.250000,-0.325073,-548.983887,-0.012296,-0.020304,-0.515713,-1.445998,-0.073663,-5.157131,-548.983887,-0.514438,0.000000
38.260002,-0.310547,-549.072876,-0.012305,-0.020296,-0.515531,-1.381382,-0.070371,-5.155310,-549.072876,-0.514282,0.000000
38.270000,-0.309067,-549.072876,-0.012288,-0.020290,-0.515375,-1.374798,-0.070036,-5.153749,-549.072876,-0.514109,0.000000
38.280003,-0.309433,-549.072876,-0.012296,-0.020284,-0.515219,-1.376427,-0.070119,-5.152188,-549.072876,-0.513953,0.000000
38.290001,-0.301239,-549.161804,-0.012305,-0.020280,-0.515106,-1.339978,-0.068262,-5.151061,-549.161804,-0.513779,0.000000
38.300003,-0.286346,-549.028381,-0.012318,-0.020275,-0.514976,-1.273733,-0.064887,-5.149760,-549.028381,-0.513606,0.000000
38.310001,-0.284485,-549.072876,-0.012292,-0.020268,-0.514811,-1.265452,-0.064465,-5.148112,-549.072876,-0.513450,0.000000
38.320004,-0.280014,-549.072876,-0.012266,-0.020262,-0.514646,-1.245565,-0.063452,-5.146464,-549.072876,-0.513276,0.000000
38.330002,-0.288574,-548.983887,-0.012288,-0.020253,-0.514438,-1.283642,-0.065392,-5.144383,-548.983887,-0.513103,0.000000
38.340000,-0.285599,-549.161804,-0.012249,-0.020246,-0.514239,-1.270407,-0.064718,-5.142388,-549.161804,-0.512947,0.000000
38.350002,-0.293793,-549.028381,-0.012202,-0.020238,-0.514039,-1.306855,-0.066574,-5.140394,-549.028381,-0.512773,0.000000
38.360001,-0.294174,-548.983887,-0.012236,-0.020230,-0.513840,-1.308552,-0.066661,-5.138400,-548.983887,-0.512617,0.000000
38.370003,-0.301239,-549.028381,-0.012223,-0.020222,-0.513649,-1.339978,-0.068262,-5.136491,-549.028381,-0.512444,0.000000
38.380001,-0.328049,-548.983887,-0.012197,-0.020216,-0.513484,-1.459234,-0.074337,-5.134843,-548.983887,-0.512270,0.000000
38.390003,-0.328796,-549.072876,-0.012215,-0.020211,-0.513354,-1.462559,-0.074506,-5.133543,-549.072876,-0.512114,0.000000
38.400002,-0.337357,-548.939392,-0.012180,-0.020207,-0.513250,-1.500637,-0.076446,-5.132502,-548.939392,-0.511941,0.000000
38.410004,-0.335129,-549.072876,-0.012158,-0.020202,-0.513137,-1.490727,-0.075941,-5.131375,-549.072876,-0.511785,0.000000
38.420002,-0.327682,-549.117371,-0.012193,-0.020197,-0.513007,-1.457605,-0.074254,-5.130074,-549.117371,-0.511611,0.000000
38.430000,-0.325073,-548.983887,-0.012206,-0.020191,-0.512851,-1.445998,-0.073663,-5.128513,-548.983887,-0.511438,0.000000
38.440002,-0.319489,-549.161804,-0.012236,-0.020184,-0.512669,-1.421156,-0.072397,-5.126692,-549.161804,-0.511282,0.000000
38.450001,-0.310547,-548.983887,-0.012340,-0.020176,-0.512461,-1.381382,-0.070371,-5.124610,-548.983887,-0.511108,0.000000
38.460003,-0.312408,-549.028381,-0.012305,-0.020168,-0.512262,-1.389662,-0.070793,-5.122616,-549.028381,-0.510952,0.000000
38.470001,-0.314270,-549.072876,-0.012301,-0.020161,-0.512088,-1.397943,-0.071215,-5.120881,-549.072876,-0.510779,0.000000
38.480003,-0.311295,-549.028381,-0.012301,-0.020155,-0.511949,-1.384707,-0.070540,-5.119494,-549.028381,-0.510605,0.000000
38.490002,-0.298630,-549.117371,-0.012305,-0.020151,-0.511837,-1.328372,-0.067670,-5.118366,-549.117371,-0.510449,0.000000
38.500000,-0.290070,-548.983887,-0.012292,-0.020146,-0.511698,-1.290294,-0.065731,-5.116979,-548.983887,-0.510276,0.000000
38.510002,-0.293793,-549.072876,-0.012322,-0.020140,-0.511550,-1.306855,-0.066574,-5.115505,-549.072876,-0.510119,0.000000
38.520000,-0.297897,-549.028381,-0.012292,-0.020134,-0.511412,-1.325114,-0.067505,-5.114117,-549.028381,-0.509946,0.000000
38.530003,-0.292313,-549.028381,-0.012275,-0.020129,-0.511264,-1.300272,-0.066239,-5.112643,-549.028381,-0.509773,0.000000
38.540001,-0.301987,-549.117371,-0.012253,-0.020122,-0.511091,-1.343304,-0.068431,-5.110909,-549.117371,-0.509616,0.000000
38.550003,-0.306076,-548.983887,-0.012296,-0.020112,-0.510857,-1.361494,-0.069358,-5.108567,-548.983887,-0.509443,0.000000
38.560001,-0.299377,-549.117371,-0.012309,-0.020103,-0.510605,-1.331697,-0.067840,-5.106052,-549.117371,-0.509287,0.000000
38.570004,-0.296768,-549.072876,-0.012296,-0.020095,-0.510423,-1.320091,-0.067249,-5.104230,-549.072876,-0.509114,0.000000
38.580002,-0.323212,-549.028381,-0.012301,-0.020089,-0.510258,-1.437717,-0.073241,-5.102583,-549.028381,-0.508940,0.000000
38.590000,-0.326187,-549.117371,-0.012327,-0.020082,-0.510085,-1.450953,-0.073915,-5.100849,-549.117371,-0.508784,0.000000
38.600002,-0.332153,-548.983887,-0.012292,-0.020075,-0.509911,-1.477492,-0.075267,-5.099114,-548.983887,-0.508611,0.000000
38.610001,-0.331406,-549.072876,-0.012327,-0.020069,-0.509755,-1.474166,-0.075098,-5.097553,-549.072876,-0.508454,0.000000
38.620003,-0.328049,-549.072876,-0.012301,-0.020064,-0.509625,-1.459234,-0.074337,-5.096252,-549.072876,-0.508281,0.000000
38.630001,-0.319122,-549.072876,-0.012305,-0.020058,-0.509469,-1.419527,-0.072314,-5.094691,-549.072876,-0.508108,0.000000
38.640003,-0.317261,-549.117371,-0.012301,-0.020052,-0.509313,-1.411246,-0.071892,-5.093130,-549.117371,-0.507951,0.000000
38.650002,-0.323578,-549.028381,-0.012292,-0.020045,-0.509131,-1.439346,-0.073324,-5.091309,-549.028381,-0.507778,0.000000
38.660004,-0.318741,-549.072876,-0.012236,-0.020037,-0.508940,-1.417830,-0.072228,-5.089401,-549.072876,-0.507622,0.000000
38.670002,-0.315399,-549.072876,-0.012227,-0.020031,-0.508775,-1.402966,-0.071470,-5.087753,-549.072876,-0.507448,0.000000
38.680000,-0.300873,-549.028381,-0.012227,-0.020026,-0.508654,-1.338349,-0.068179,-5.086539,-549.028381,-0.507275,0.000000
38.690002,-0.297897,-549.117371,-0.012171,-0.020020,-0.508506,-1.325114,-0.067505,-5.085065,-549.117371,-0.507119,0.000000
38.700001,-0.307938,-548.983887,-0.012176,-0.020014,-0.508359,-1.369775,-0.069780,-5.083591,-548.983887,-0.506945,0.000000
38.710003,-0.310547,-549.161804,-0.012193,-0.020008,-0.508212,-1.381382,-0.070371,-5.082116,-549.161804,-0.506772,0.000000
38.720001,-0.304596,-549.028381,-0.012184,-0.020002,-0.508047,-1.354910,-0.069022,-5.080469,-549.028381,-0.506616,0.000000
38.730003,-0.315765,-548.983887,-0.012210,-0.019995,-0.507882,-1.404595,-0.071553,-5.078821,-548.983887,-0.506442,0.000000
38.740002,-0.316513,-549.161804,-0.012154,-0.019990,-0.507735,-1.407920,-0.071723,-5.077347,-549.161804,-0.506286,0.000000
38.750000,-0.322845,-549.028381,-0.012158,-0.019980,-0.507500,-1.436088,-0.073158,-5.075005,-549.028381,-0.506113,0.000000
38.760002,-0.325073,-549.117371,-0.012189,-0.019969,-0.507223,-1.445998,-0.073663,-5.072230,-549.117371,-0.505939,0.000000
38.770000,-0.342941,-549.028381,-0.012197,-0.019960,-0.506980,-1.525479,-0.077712,-5.069801,-549.028381,-0.505783,0.000000
38.780003,-0.348526,-549.072876,-0.012223,-0.019953,-0.506807,-1.550321,-0.078977,-5.068067,-549.072876,-0.505610,0.000000
38.790001,-0.342209,-549.117371,-0.012249,-0.019949,-0.506694,-1.522221,-0.077546,-5.066940,-549.117371,-0.505454,0.000000
38.800003,-0.352264,-549.028381,-0.012206,-0.019944,-0.506590,-1.566950,-0.079824,-5.065899,-549.028381,-0.505280,0.000000
38.810001,-0.355606,-549.072876,-0.012227,-0.019941,-0.506494,-1.581815,-0.080581,-5.064945,-549.072876,-0.505107,0.000000
38.820004,-0.350403,-549.117371,-0.012301,-0.019936,-0.506382,-1.558670,-0.079402,-5.063818,-549.117371,-0.504951,0.000000
38.830002,-0.352997,-548.983887,-0.012292,-0.019929,-0.506200,-1.570208,-0.079990,-5.061996,-548.983887,-0.504777,0.000000
38.840000,-0.350769,-549.117371,-0.012322,-0.019921,-0.505983,-1.560299,-0.079485,-5.059829,-549.117371,-0.504621,0.000000
38.850002,-0.333633,-548.983887,-0.012309,-0.019913,-0.505783,-1.484076,-0.075602,-5.057834,-548.983887,-0.504448,0.000000
38.860001,-0.326569,-549.072876,-0.012258,-0.019906,-0.505610,-1.452650,-0.074001,-5.056100,-549.072876,-0.504274,0.000000
38.870003,-0.335129,-549.028381,-0.012284,-0.019900,-0.505462,-1.490727,-0.075941,-5.054625,-549.028381,-0.504118,0.000000
38.880001,-0.328049,-548.983887,-0.012219,-0.019895,-0.505341,-1.459234,-0.074337,-5.053411,-548.983887,-0.503945,0.000000
38.890003,-0.332901,-549.161804,-0.012184,-0.019891,-0.505220,-1.480818,-0.075436,-5.052197,-549.161804,-0.503789,0.000000
38.900002,-0.329163,-549.028381,-0.012189,-0.019886,-0.505107,-1.464188,-0.074589,-5.051070,-549.028381,-0.503615,0.000000
38.910004,-0.341080,-549.072876,-0.012210,-0.019882,-0.505012,-1.517198,-0.077290,-5.050116,-549.072876,-0.503442,0.000000
38.920002,-0.335129,-549.028381,-0.012184,-0.019877,-0.504873,-1.490727,-0.075941,-5.048728,-549.028381,-0.503286,0.000000
38.930000,-0.334763,-549.028381,-0.012197,-0.019868,-0.504639,-1.489098,-0.075858,-5.046387,-549.028381,-0.503112,0.000000
38.940002,-0.331039,-549.117371,-0.012158,-0.019857,-0.504370,-1.472537,-0.075015,-5.043698,-549.117371,-0.502956,0.000000
38.950001,-0.323578,-548.983887,-0.012210,-0.019847,-0.504110,-1.439346,-0.073324,-5.041096,-548.983887,-0.502783,0.000000
38.960003,-0.334015,-549.072876,-0.012197,-0.019839,-0.503919,-1.485772,-0.075689,-5.039189,-549.072876,-0.502609,0.000000
38.970001,-0.352997,-549.072876,-0.012240,-0.019834,-0.503780,-1.570208,-0.079990,-5.037801,-549.072876,-0.502453,0.000000
38.980003,-0.352264,-549.028381,-0.012227,-0.019830,-0.503676,-1.566950,-0.079824,-5.036760,-549.028381,-0.502280,0.000000
38.990002,-0.335876,-549.161804,-0.012240,-0.019827,-0.503598,-1.494053,-0.076111,-5.035980,-549.161804,-0.502124,0.000000
39.000000,-0.344070,-549.072876,-0.012271,-0.019822,-0.503468,-1.530502,-0.077967,-5.034679,-549.072876,-0.501950,0.000000
39.010002,-0.354126,-549.072876,-0.012206,-0.019816,-0.503320,-1.575231,-0.080246,-5.033205,-549.072876,-0.501777,0.000000
39.020000,-0.347412,-549.072876,-0.012215,-0.019811,-0.503199,-1.545366,-0.078725,-5.031991,-549.072876,-0.501621,0.000000
39.030003,-0.349655,-549.072876,-0.012236,-0.019806,-0.503060,-1.555344,-0.079233,-5.030603,-549.072876,-0.501447,0.000000
39.040001,-0.340714,-549.161804,-0.012210,-0.019800,-0.502922,-1.515569,-0.077207,-5.029216,-549.161804,-0.501291,0.000000
39.050003,-0.322845,-549.028381,-0.012245,-0.019795,-0.502791,-1.436088,-0.073158,-5.027915,-549.028381,-0.501118,0.000000
39.060001,-0.330658,-549.072876,-0.012284,-0.019787,-0.502592,-1.470840,-0.074928,-5.025920,-549.072876,-0.500944,0.000000
39.070004,-0.332520,-549.117371,-0.012314,-0.019777,-0.502340,-1.479121,-0.075350,-5.023405,-549.117371,-0.500788,0.000000
39.080002,-0.332153,-548.983887,-0.012305,-0.019766,-0.502046,-1.477492,-0.075267,-5.020456,-548.983887,-0.500615,0.000000
39.090000,-0.316513,-549.161804,-0.012279,-0.019755,-0.501768,-1.407920,-0.071723,-5.017682,-549.161804,-0.500441,0.000000
39.100002,-0.315765,-548.983887,-0.012253,-0.019747,-0.501569,-1.404595,-0.071553,-5.015687,-548.983887,-0.500285,0.000000
39.110001,-0.329910,-549.072876,-0.012279,-0.019740,-0.501404,-1.467514,-0.074759,-5.014039,-549.072876,-0.500112,0.000000
39.120003,-0.336243,-549.117371,-0.012275,-0.019733,-0.501222,-1.495682,-0.076194,-5.012218,-549.117371,-0.499956,0.000000
39.130001,-0.336243,-549.028381,-0.012253,-0.019726,-0.501031,-1.495682,-0.076194,-5.010310,-549.028381,-0.499782,0.000000
39.140003,-0.327301,-549.117371,-0.012240,-0.019719,-0.500875,-1.455908,-0.074167,-5.008749,-549.117371,-0.499609,0.000000
39.150002,-0.330658,-549.028381,-0.012245,-0.019714,-0.500736,-1.470840,-0.074928,-5.007361,-549.028381,-0.499453,0.000000
39.160004,-0.351883,-549.117371,-0.012184,-0.019710,-0.500632,-1.565253,-0.079738,-5.006321,-549.117371,-0.499279,0.000000
39.170002,-0.350769,-549.072876,-0.012219,-0.019706,-0.500528,-1.560299,-0.079485,-5.005280,-549.072876,-0.499123,0.000000
39.180000,-0.364166,-549.028381,-0.012215,-0.019700,-0.500389,-1.619892,-0.082521,-5.003892,-549.028381,-0.498950,0.000000
39.190002,-0.367889,-549.161804,-0.012215,-0.019694,-0.500216,-1.636454,-0.083365,-5.002158,-549.161804,-0.498776,0.000000
39.200001,-0.357849,-549.028381,-0.012206,-0.019688,-0.500086,-1.591792,-0.081090,-5.000857,-549.028381,-0.498620,0.000000
39.210003,-0.358582,-549.072876,-0.012202,-0.019685,-0.499990,-1.595050,-0.081256,-4.999904,-549.072876,-0.498447,0.000000
39.220001,-0.366409,-549.117371,-0.012202,-0.019680,-0.499869,-1.629870,-0.083030,-4.998689,-549.117371,-0.498291,0.000000
39.230003,-0.353745,-548.939392,-0.012180,-0.019675,-0.499747,-1.573534,-0.080160,-4.997475,-548.939392,-0.498117,0.000000
39.240002,-0.346298,-549.161804,-0.012193,-0.019668,-0.499574,-1.540411,-0.078472,-4.995740,-549.161804,-0.497944,0.000000
39.250000,-0.336990,-549.072876,-0.012184,-0.019660,-0.499357,-1.499008,-0.076363,-4.993572,-549.072876,-0.497788,0.000000
39.260002,-0.333633,-549.117371,-0.012189,-0.019649,-0.499097,-1.484076,-0.075602,-4.990971,-549.117371,-0.497614,0.000000
39.270000,-0.327682,-549.117371,-0.012171,-0.019640,-0.498846,-1.457605,-0.074254,-4.988456,-549.117371,-0.497458,0.000000
39.280003,-0.315018,-549.117371,-0.012176,-0.019631,-0.498637,-1.401269,-0.071384,-4.986374,-549.117371,-0.497285,0.000000
39.290001,-0.318741,-549.161804,-0.012193,-0.019625,-0.498473,-1.417830,-0.072228,-4.984727,-549.161804,-0.497111,0.000000
39.300003,-0.334381,-549.072876,-0.012184,-0.019618,-0.498308,-1.487401,-0.075772,-4.983079,-549.072876,-0.496955,0.000000
39.310001,-0.334381,-549.072876,-0.012167,-0.019612,-0.498152,-1.487401,-0.075772,-4.981518,-549.072876,-0.496782,0.000000
39.320004,-0.331406,-549.072876,-0.012215,-0.019607,-0.498013,-1.474166,-0.075098,-4.980131,-549.072876,-0.496625,0.000000
39.330002,-0.332901,-549.028381,-0.012215,-0.019600,-0.497848,-1.480818,-0.075436,-4.978483,-549.028381,-0.496452,0.000000
39.340000,-0.342575,-549.117371,-0.012202,-0.019592,-0.497649,-1.523850,-0.077629,-4.976488,-549.117371,-0.496279,0.000000
39.350002,-0.332153,-549.072876,-0.012206,-0.019585,-0.497467,-1.477492,-0.075267,-4.974667,-549.072876,-0.496123,0.000000
39.360001,-0.359711,-549.117371,-0.012210,-0.019579,-0.497302,-1.600073,-0.081512,-4.973020,-549.117371,-0.495949,0.000000
39.370003,-0.366776,-549.072876,-0.012193,-0.019574,-0.497181,-1.631499,-0.083113,-4.971806,-549.072876,-0.495793,0.000000
39.380001,-0.363800,-549.072876,-0.012167,-0.019570,-0.497085,-1.618263,-0.082438,-4.970851,-549.072876,-0.495620,0.000000
39.390003,-0.374603,-549.161804,-0.012189,-0.019566,-0.496981,-1.666319,-0.084886,-4.969811,-549.161804,-0.495446,0.000000
39.400002,-0.379440,-548.983887,-0.012202,-0.019560,-0.496825,-1.687835,-0.085982,-4.968249,-548.983887,-0.495290,0.000000
39.410004,-0.369766,-549.117371,-0.012184,-0.019553,-0.496634,-1.644802,-0.083790,-4.966341,-549.117371,-0.495117,0.000000
39.420002,-0.358215,-549.072876,-0.012193,-0.019544,-0.496409,-1.593421,-0.081173,-4.964087,-549.072876,-0.494960,0.000000
39.430000,-0.345551,-549.072876,-0.012171,-0.019535,-0.496183,-1.537086,-0.078303,-4.961832,-549.072876,-0.494787,0.000000
39.440002,-0.334015,-549.161804,-0.012146,-0.019528,-0.496010,-1.485772,-0.075689,-4.960098,-549.161804,-0.494614,0.000000
39.450001,-0.326569,-549.028381,-0.012197,-0.019521,-0.495845,-1.452650,-0.074001,-4.958450,-549.028381,-0.494457,0.000000
39.460003,-0.325821,-549.117371,-0.012240,-0.019513,-0.495628,-1.449324,-0.073832,-4.956282,-549.117371,-0.494284,0.000000
39.470001,-0.319122,-549.072876,-0.012215,-0.019505,-0.495437,-1.419527,-0.072314,-4.954374,-549.072876,-0.494110,0.000000
39.480003,-0.323212,-549.117371,-0.012288,-0.019500,-0.495307,-1.437717,-0.073241,-4.953073,-549.117371,-0.493954,0.000000
39.490002,-0.339600,-549.161804,-0.012301,-0.019495,-0.495169,-1.510615,-0.076954,-4.951685,-549.161804,-0.493781,0.000000
39.500000,-0.336243,-548.983887,-0.012266,-0.019489,-0.495030,-1.495682,-0.076194,-4.950298,-548.983887,-0.493625,0.000000
39.510002,-0.343689,-549.072876,-0.012279,-0.019484,-0.494882,-1.528805,-0.077881,-4.948823,-549.072876,-0.493451,0.000000
39.520000,-0.352631,-549.028381,-0.012318,-0.019475,-0.494674,-1.568579,-0.079907,-4.946742,-549.028381,-0.493278,0.000000
39.530003,-0.339600,-549.072876,-0.012301,-0.019468,-0.494483,-1.510615,-0.076954,-4.944834,-549.072876,-0.493122,0.000000
39.540001,-0.344437,-549.206299,-0.012288,-0.019461,-0.494310,-1.532131,-0.078050,-4.943100,-549.206299,-0.492948,0.000000
39.550003,-0.355240,-549.072876,-0.012305,-0.019454,-0.494137,-1.580186,-0.080499,-4.941365,-549.072876,-0.492792,0.000000
39.560001,-0.367523,-549.117371,-0.012296,-0.019448,-0.493989,-1.634825,-0.083282,-4.939891,-549.117371,-0.492619,0.000000
39.570004,-0.360443,-549.072876,-0.012327,-0.019444,-0.493868,-1.603331,-0.081678,-4.938677,-549.072876,-0.492445,0.000000
39.580002,-0.376083,-548.983887,-0.012331,-0.019439,-0.493755,-1.672902,-0.085222,-4.937550,-548.983887,-0.492289,0.000000
39.590000,-0.371628,-549.117371,-0.012340,-0.019435,-0.493642,-1.653083,-0.084212,-4.936422,-549.117371,-0.492116,0.000000
39.600002,-0.381668,-549.028381,-0.012296,-0.019429,-0.493486,-1.697744,-0.086487,-4.934862,-549.028381,-0.491960,0.000000
39.610001,-0.370499,-549.161804,-0.012288,-0.019419,-0.493252,-1.648060,-0.083956,-4.932520,-549.161804,-0.491786,0.000000
39.620003,-0.354126,-549.117371,-0.012335,-0.019408,-0.492974,-1.575231,-0.080246,-4.929745,-549.117371,-0.491613,0.000000
39.630001,-0.336243,-549.072876,-0.012301,-0.019399,-0.492740,-1.495682,-0.076194,-4.927403,-549.072876,-0.491457,0.000000
39.640003,-0.338486,-549.161804,-0.012322,-0.019393,-0.492593,-1.505660,-0.076702,-4.925929,-549.161804,-0.491283,0.000000
39.650002,-0.332901,-549.117371,-0.012296,-0.019387,-0.492428,-1.480818,-0.075436,-4.924281,-549.117371,-0.491127,0.000000
39.660004,-0.320984,-549.161804,-0.012279,-0.019381,-0.492272,-1.427808,-0.072736,-4.922720,-549.161804,-0.490954,0.000000
39.670002,-0.322098,-549.072876,-0.012258,-0.019375,-0.492125,-1.432763,-0.072988,-4.921246,-549.072876,-0.490780,0.000000
39.680000,-0.334763,-549.028381,-0.012245,-0.019368,-0.491951,-1.489098,-0.075858,-4.919511,-549.028381,-0.490624,0.000000
39.690002,-0.338852,-549.161804,-0.012249,-0.019360,-0.491752,-1.507289,-0.076785,-4.917517,-549.161804,-0.490451,0.000000
39.700001,-0.341827,-549.028381,-0.012227,-0.019353,-0.491570,-1.520524,-0.077459,-4.915696,-549.028381,-0.490295,0.000000
39.710003,-0.344070,-549.117371,-0.012197,-0.019347,-0.491422,-1.530502,-0.077967,-4.914221,-549.117371,-0.490121,0.000000
39.720001,-0.340714,-549.072876,-0.012249,-0.019343,-0.491309,-1.515569,-0.077207,-4.913094,-549.072876,-0.489948,0.000000
39.730003,-0.339218,-549.072876,-0.012206,-0.019338,-0.491197,-1.508918,-0.076868,-4.911967,-549.072876,-0.489792,0.000000
39.740002,-0.342575,-549.161804,-0.012202,-0.019331,-0.491015,-1.523850,-0.077629,-4.910145,-549.161804,-0.489618,0.000000
39.750000,-0.352631,-549.028381,-0.012171,-0.019323,-0.490806,-1.568579,-0.079907,-4.908064,-549.028381,-0.489462,0.000000
39.760002,-0.350403,-549.161804,-0.012163,-0.019315,-0.490607,-1.558670,-0.079402,-4.906069,-549.161804,-0.489289,0.000000
39.770000,-0.362686,-549.072876,-0.012193,-0.019308,-0.490433,-1.613309,-0.082186,-4.904335,-549.072876,-0.489115,0.000000
39.780003,-0.367889,-549.028381,-0.012193,-0.019301,-0.490243,-1.636454,-0.083365,-4.902427,-549.028381,-0.488959,0.000000
39.790001,-0.372742,-549.117371,-0.012171,-0.019293,-0.490035,-1.658038,-0.084464,-4.900346,-549.117371,-0.488786,0.000000
39.800003,-0.359329,-549.072876,-0.012202,-0.019283,-0.489792,-1.598376,-0.081425,-4.897918,-549.072876,-0.488630,0.000000
39.810001,-0.324326,-549.161804,-0.012215,-0.019277,-0.489627,-1.442672,-0.073493,-4.896270,-549.161804,-0.488456,0.000000
39.820004,-0.312408,-549.117371,-0.012232,-0.019274,-0.489558,-1.389662,-0.070793,-4.895576,-549.117371,-0.488283,0.000000
39.830002,-0.317261,-549.028381,-0.012245,-0.019272,-0.489497,-1.411246,-0.071892,-4.894969,-549.028381,-0.488127,0.000000
39.840000,-0.320602,-549.161804,-0.012301,-0.019267,-0.489393,-1.426111,-0.072650,-4.893929,-549.161804,-0.487953,0.000000
39.850002,-0.304962,-549.072876,-0.012335,-0.019260,-0.489211,-1.356539,-0.069105,-4.892107,-549.072876,-0.487780,0.000000
39.860001,-0.311295,-549.117371,-0.012305,-0.019251,-0.488985,-1.384707,-0.070540,-4.889853,-549.117371,-0.487624,0.000000
39.870003,-0.304962,-549.117371,-0.012292,-0.019242,-0.488742,-1.356539,-0.069105,-4.887424,-549.117371,-0.487450,0.000000
39.880001,-0.318741,-549.072876,-0.012305,-0.019234,-0.488543,-1.417830,-0.072228,-4.885429,-549.072876,-0.487294,0.000000
39.890003,-0.320236,-549.117371,-0.012301,-0.019229,-0.488404,-1.424482,-0.072567,-4.884042,-549.117371,-0.487121,0.000000
39.900002,-0.321350,-549.028381,-0.012296,-0.019224,-0.488283,-1.429437,-0.072819,-4.882828,-549.028381,-0.486947,0.000000
39.910004,-0.326187,-549.161804,-0.012322,-0.019219,-0.488170,-1.450953,-0.073915,-4.881700,-549.161804,-0.486791,0.000000
39.920002,-0.323212,-549.206299,-0.012344,-0.019213,-0.488023,-1.437717,-0.073241,-4.880226,-549.206299,-0.486618,0.000000
39.930000,-0.319489,-549.072876,-0.012318,-0.019205,-0.487814,-1.421156,-0.072397,-4.878145,-549.072876,-0.486462,0.000000
39.940002,-0.334763,-549.161804,-0.012288,-0.019196,-0.487589,-1.489098,-0.075858,-4.875890,-549.161804,-0.486288,0.000000
39.950001,-0.336990,-549.072876,-0.012180,-0.019189,-0.487407,-1.499008,-0.076363,-4.874069,-549.072876,-0.486115,0.000000
39.960003,-0.341461,-549.161804,-0.012206,-0.019183,-0.487259,-1.518895,-0.077376,-4.872595,-549.161804,-0.485959,0.000000
39.970001,-0.333633,-549.117371,-0.012232,-0.019178,-0.487129,-1.484076,-0.075602,-4.871294,-549.117371,-0.485785,0.000000
39.980003,-0.330292,-549.072876,-0.012215,-0.019171,-0.486939,-1.469211,-0.074845,-4.869386,-549.072876,-0.485629,0.000000
39.990002,-0.334763,-549.206299,-0.012176,-0.019163,-0.486739,-1.489098,-0.075858,-4.867391,-549.206299,-0.485456,0.000000
40.000000,-0.334763,-549.072876,-0.012184,-0.019155,-0.486540,-1.489098,-0.075858,-4.865396,-549.072876,-0.485282,0.000000
40.010002,-0.323212,-549.161804,-0.012236,-0.019149,-0.486384,-1.437717,-0.073241,-4.863835,-549.161804,-0.485126,0.000000
40.020000,-0.324326,-549.117371,-0.012219,-0.019144,-0.486262,-1.442672,-0.073493,-4.862622,-549.117371,-0.484953,0.000000
40.030003,-0.324326,-549.072876,-0.012271,-0.019140,-0.486158,-1.442672,-0.073493,-4.861581,-549.072876,-0.484797,0.000000
40.040001,-0.315018,-549.206299,-0.012296,-0.019135,-0.486028,-1.401269,-0.071384,-4.860280,-549.206299,-0.484623,0.000000
40.050003,-0.312408,-549.072876,-0.012262,-0.019127,-0.485837,-1.389662,-0.070793,-4.858372,-549.072876,-0.484450,0.000000
40.060001,-0.308685,-549.161804,-0.012284,-0.019119,-0.485620,-1.373101,-0.069949,-4.856204,-549.161804,-0.484294,0.000000
40.070004,-0.316879,-549.206299,-0.012271,-0.019110,-0.485386,-1.409549,-0.071806,-4.853862,-549.206299,-0.484120,0.000000
40.080002,-0.315399,-549.072876,-0.012240,-0.019103,-0.485221,-1.402966,-0.071470,-4.852214,-549.072876,-0.483964,0.000000
40.090000,-0.323578,-549.206299,-0.012271,-0.019097,-0.485074,-1.439346,-0.073324,-4.850740,-549.206299,-0.483791,0.000000
40.100002,-0.325073,-549.028381,-0.012240,-0.019091,-0.484901,-1.445998,-0.073663,-4.849006,-549.028381,-0.483617,0.000000
40.110001,-0.322464,-549.161804,-0.012206,-0.019083,-0.484701,-1.434391,-0.073071,-4.847011,-549.161804,-0.483461,0.000000
40.120003,-0.331406,-549.117371,-0.012236,-0.019076,-0.484519,-1.474166,-0.075098,-4.845190,-549.117371,-0.483288,0.000000
40.130001,-0.344803,-549.028381,-0.012266,-0.019069,-0.484346,-1.533760,-0.078133,-4.843456,-549.028381,-0.483131,0.000000
40.140003,-0.342209,-549.161804,-0.012262,-0.019063,-0.484198,-1.522221,-0.077546,-4.841981,-549.161804,-0.482958,0.000000
40.150002,-0.346664,-549.072876,-0.012245,-0.019057,-0.484042,-1.542040,-0.078555,-4.840420,-549.072876,-0.482785,0.000000
40.160004,-0.345932,-549.161804,-0.012206,-0.019052,-0.483929,-1.538782,-0.078389,-4.839293,-549.161804,-0.482628,0.000000
40.170002,-0.338486,-549.117371,-0.012202,-0.019048,-0.483808,-1.505660,-0.076702,-4.838079,-549.117371,-0.482455,0.000000
40.180000,-0.342941,-549.072876,-0.012193,-0.019044,-0.483712,-1.525479,-0.077712,-4.837125,-549.072876,-0.482299,0.000000
40.190002,-0.332153,-549.161804,-0.012258,-0.019039,-0.483591,-1.477492,-0.075267,-4.835911,-549.161804,-0.482125,0.000000
40.200001,-0.326935,-549.072876,-0.012236,-0.019032,-0.483400,-1.454279,-0.074084,-4.834003,-549.072876,-0.481952,0.000000
40.210003,-0.324707,-549.161804,-0.012262,-0.019022,-0.483166,-1.444369,-0.073580,-4.831662,-549.161804,-0.481796,0.000000
40.220001,-0.310928,-549.072876,-0.012253,-0.019013,-0.482923,-1.383078,-0.070457,-4.829233,-549.072876,-0.481622,0.000000
40.230003,-0.303848,-549.117371,-0.012296,-0.019006,-0.482741,-1.351585,-0.068853,-4.827412,-549.117371,-0.481449,0.000000
40.240002,-0.294540,-549.161804,-0.012301,-0.018999,-0.482576,-1.310181,-0.066744,-4.825764,-549.161804,-0.481293,0.000000
40.250004,-0.296036,-549.072876,-0.012314,-0.018990,-0.482342,-1.316833,-0.067083,-4.823423,-549.072876,-0.481119,0.000000
40.260002,-0.296036,-549.117371,-0.012301,-0.018981,-0.482108,-1.316833,-0.067083,-4.821081,-549.117371,-0.480963,0.000000
40.270000,-0.304962,-549.117371,-0.012275,-0.018974,-0.481935,-1.356539,-0.069105,-4.819347,-549.117371,-0.480790,0.000000
40.280003,-0.298264,-549.028381,-0.012284,-0.018967,-0.481770,-1.326743,-0.067587,-4.817699,-549.028381,-0.480617,0.000000
40.290001,-0.299759,-549.206299,-0.012284,-0.018960,-0.481588,-1.333394,-0.067926,-4.815878,-549.206299,-0.480460,0.000000
40.300003,-0.295654,-549.072876,-0.012335,-0.018954,-0.481423,-1.315136,-0.066996,-4.814230,-549.072876,-0.480287,0.000000
40.310001,-0.317993,-549.161804,-0.012275,-0.018948,-0.481276,-1.414504,-0.072058,-4.812756,-549.161804,-0.480131,0.000000
40.320004,-0.339600,-549.117371,-0.012262,-0.018942,-0.481128,-1.510615,-0.076954,-4.811282,-549.117371,-0.479957,0.000000
40.330002,-0.336624,-549.072876,-0.012301,-0.018936,-0.480972,-1.497379,-0.076280,-4.809721,-549.072876,-0.479784,0.000000
40.340000,-0.331039,-549.161804,-0.012305,-0.018929,-0.480807,-1.472537,-0.075015,-4.808073,-549.161804,-0.479628,0.000000
40.350002,-0.322098,-549.117371,-0.012305,-0.018924,-0.480669,-1.432763,-0.072988,-4.806685,-549.117371,-0.479454,0.000000
40.360001,-0.326935,-549.161804,-0.012301,-0.018920,-0.480556,-1.454279,-0.074084,-4.805558,-549.161804,-0.479298,0.000000
40.370003,-0.338104,-549.206299,-0.012245,-0.018915,-0.480434,-1.503963,-0.076616,-4.804344,-549.206299,-0.479125,0.000000
40.380001,-0.318375,-549.072876,-0.012284,-0.018908,-0.480252,-1.416201,-0.072145,-4.802523,-549.072876,-0.478951,0.000000
40.390003,-0.302734,-549.206299,-0.012314,-0.018900,-0.480070,-1.346630,-0.068601,-4.800702,-549.206299,-0.478795,0.000000
40.400002,-0.304596,-549.072876,-0.012296,-0.018894,-0.479897,-1.354910,-0.069022,-4.798967,-549.072876,-0.478622,0.000000
40.410004,-0.310181,-549.117371,-0.012275,-0.018887,-0.479741,-1.379753,-0.070288,-4.797406,-549.117371,-0.478466,0.000000
40.420002,-0.309067,-549.161804,-0.012258,-0.018882,-0.479611,-1.374798,-0.070036,-4.796105,-549.161804,-0.478292,0.000000
40.430000,-0.275925,-549.028381,-0.012275,-0.018878,-0.479489,-1.227374,-0.062525,-4.794891,-549.028381,-0.478119,0.000000
40.440002,-0.285233,-549.206299,-0.012245,-0.018871,-0.479333,-1.268778,-0.064635,-4.793330,-549.206299,-0.477963,0.000000
40.450001,-0.278534,-549.117371,-0.012249,-0.018865,-0.479168,-1.238981,-0.063117,-4.791682,-549.117371,-0.477789,0.000000
40.460003,-0.285599,-549.206299,-0.012271,-0.018856,-0.478951,-1.270407,-0.064718,-4.789515,-549.206299,-0.477633,0.000000
40.470001,-0.294907,-549.117371,-0.012288,-0.018848,-0.478743,-1.311810,-0.066827,-4.787433,-549.117371,-0.477460,0.000000
40.480003,-0.293045,-549.117371,-0.012327,-0.018841,-0.478552,-1.303530,-0.066405,-4.785525,-549.117371,-0.477286,0.000000
40.490002,-0.300125,-549.206299,-0.012305,-0.018833,-0.478370,-1.335023,-0.068009,-4.783704,-549.206299,-0.477130,0.000000
40.500004,-0.298264,-549.072876,-0.012258,-0.018826,-0.478180,-1.326743,-0.067587,-4.781796,-549.072876,-0.476957,0.000000
40.510002,-0.321350,-549.161804,-0.012305,-0.018819,-0.477997,-1.429437,-0.072819,-4.779974,-549.161804,-0.476801,0.000000
40.520000,-0.338852,-549.072876,-0.012309,-0.018813,-0.477859,-1.507289,-0.076785,-4.778587,-549.072876,-0.476627,0.000000
40.530003,-0.331039,-549.072876,-0.012309,-0.018809,-0.477746,-1.472537,-0.075015,-4.777460,-549.072876,-0.476454,0.000000
40.540001,-0.341461,-549.206299,-0.012318,-0.018805,-0.477642,-1.518895,-0.077376,-4.776419,-549.206299,-0.476298,0.000000
40.550003,-0.334015,-549.072876,-0.012309,-0.018800,-0.477520,-1.485772,-0.075689,-4.775205,-549.072876,-0.476124,0.000000
40.560001,-0.329544,-549.161804,-0.012322,-0.018794,-0.477373,-1.465885,-0.074676,-4.773731,-549.161804,-0.475968,0.000000
40.570004,-0.312790,-549.117371,-0.012288,-0.018787,-0.477200,-1.391359,-0.070879,-4.771996,-549.117371,-0.475795,0.000000
40.580002,-0.316879,-549.117371,-0.012227,-0.018780,-0.477000,-1.409549,-0.071806,-4.770002,-549.117371,-0.475621,0.000000
40.590000,-0.315018,-549.161804,-0.012227,-0.018771,-0.476783,-1.401269,-0.071384,-4.767834,-549.161804,-0.475465,0.000000
40.600002,-0.302353,-549.072876,-0.012253,-0.018763,-0.476593,-1.344933,-0.068514,-4.765925,-549.072876,-0.475292,0.000000
40.610001,-0.313538,-549.161804,-0.012279,-0.018758,-0.476454,-1.394685,-0.071049,-4.764538,-549.161804,-0.475118,0.000000
40.620003,-0.298264,-549.161804,-0.012327,-0.018753,-0.476332,-1.326743,-0.067587,-4.763324,-549.161804,-0.474962,0.000000
40.630001,-0.295654,-549.117371,-0.012284,-0.018749,-0.476220,-1.315136,-0.066996,-4.762197,-549.117371,-0.474789,0.000000
40.640003,-0.294174,-549.161804,-0.012301,-0.018743,-0.476072,-1.308552,-0.066661,-4.760722,-549.161804,-0.474633,0.000000
40.650002,-0.282990,-549.072876,-0.012305,-0.018738,-0.475933,-1.258800,-0.064126,-4.759335,-549.072876,-0.474459,0.000000
40.660004,-0.284485,-549.161804,-0.012309,-0.018731,-0.475777,-1.265452,-0.064465,-4.757774,-549.161804,-0.474286,0.000000
40.670002,-0.299759,-549.161804,-0.012322,-0.018724,-0.475587,-1.333394,-0.067926,-4.755866,-549.161804,-0.474130,0.000000
40.680000,-0.297897,-549.161804,-0.012275,-0.018715,-0.475352,-1.325114,-0.067505,-4.753524,-549.161804,-0.473956,0.000000
40.690002,-0.296036,-549.250793,-0.012236,-0.018704,-0.475092,-1.316833,-0.067083,-4.750923,-549.250793,-0.473800,0.000000
40.700001,-0.294907,-549.117371,-0.012154,-0.018697,-0.474901,-1.311810,-0.066827,-4.749015,-549.117371,-0.473627,0.000000
40.710003,-0.323578,-549.161804,-0.012197,-0.018691,-0.474745,-1.439346,-0.073324,-4.747454,-549.161804,-0.473453,0.000000
40.720001,-0.332153,-549.117371,-0.012189,-0.018684,-0.474581,-1.477492,-0.075267,-4.745806,-549.117371,-0.473297,0.000000
40.730003,-0.328049,-549.072876,-0.012180,-0.018677,-0.474407,-1.459234,-0.074337,-4.744071,-549.072876,-0.473124,0.000000
40.740002,-0.332520,-549.206299,-0.012215,-0.018672,-0.474260,-1.479121,-0.075350,-4.742597,-549.206299,-0.472968,0.000000
40.750004,-0.327301,-549.072876,-0.012266,-0.018666,-0.474121,-1.455908,-0.074167,-4.741210,-549.072876,-0.472794,0.000000
40.760002,-0.328049,-549.161804,-0.012275,-0.018661,-0.473982,-1.459234,-0.074337,-4.739822,-549.161804,-0.472621,0.000000
40.770000,-0.323212,-549.072876,-0.012301,-0.018654,-0.473817,-1.437717,-0.073241,-4.738175,-549.072876,-0.472465,0.000000
40.780003,-0.313538,-549.072876,-0.012305,-0.018647,-0.473627,-1.394685,-0.071049,-4.736267,-549.072876,-0.472291,0.000000
40.790001,-0.310547,-549.161804,-0.012305,-0.018639,-0.473436,-1.381382,-0.070371,-4.734359,-549.161804,-0.472135,0.000000
40.800003,-0.310928,-549.072876,-0.012284,-0.018632,-0.473254,-1.383078,-0.070457,-4.732538,-549.072876,-0.471962,0.000000
40.810001,-0.320236,-549.161804,-0.012253,-0.018627,-0.473115,-1.424482,-0.072567,-4.731150,-549.161804,-0.471788,0.000000
40.820004,-0.313156,-549.117371,-0.012279,-0.018620,-0.472950,-1.392988,-0.070962,-4.729502,-549.117371,-0.471632,0.000000
40.830002,-0.312408,-549.072876,-0.012271,-0.018614,-0.472803,-1.389662,-0.070793,-4.728028,-549.072876,-0.471459,0.000000
40.840000,-0.311295,-549.161804,-0.012223,-0.018609,-0.472673,-1.384707,-0.070540,-4.726727,-549.161804,-0.471302,0.000000
40.850002,-0.309433,-549.072876,-0.012193,-0.018603,-0.472517,-1.376427,-0.070119,-4.725166,-549.072876,-0.471129,0.000000
40.860001,-0.309799,-549.161804,-0.012158,-0.018597,-0.472369,-1.378056,-0.070202,-4.723692,-549.161804,-0.470956,0.000000
40.870003,-0.305344,-549.161804,-0.012215,-0.018591,-0.472222,-1.358236,-0.069192,-4.722218,-549.161804,-0.470799,0.000000
40.880001,-0.310547,-549.072876,-0.012206,-0.018583,-0.471996,-1.381382,-0.070371,-4.719963,-549.072876,-0.470626,0.000000
40.890003,-0.315765,-549.250793,-0.012197,-0.018572,-0.471719,-1.404595,-0.071553,-4.717188,-549.250793,-0.470470,0.000000
40.900002,-0.326569,-549.117371,-0.012163,-0.018562,-0.471476,-1.452650,-0.074001,-4.714759,-549.117371,-0.470297,0.000000
40.910004,-0.343689,-549.206299,-0.012193,-0.018555,-0.471294,-1.528805,-0.077881,-4.712938,-549.206299,-0.470123,0.000000
40.920002,-0.342575,-549.161804,-0.012215,-0.018551,-0.471190,-1.523850,-0.077629,-4.711897,-549.161804,-0.469967,0.000000
40.930000,-0.353745,-549.117371,-0.012202,-0.018547,-0.471094,-1.573534,-0.080160,-4.710944,-549.117371,-0.469793,0.000000
40.940002,-0.356354,-549.206299,-0.012189,-0.018543,-0.470990,-1.585141,-0.080751,-4.709903,-549.206299,-0.469637,0.000000
40.950001,-0.350769,-549.117371,-0.012176,-0.018539,-0.470895,-1.560299,-0.079485,-4.708949,-549.117371,-0.469464,0.000000
40.960003,-0.341827,-549.206299,-0.012206,-0.018533,-0.470730,-1.520524,-0.077459,-4.707301,-549.206299,-0.469291,0.000000
40.970001,-0.350769,-549.161804,-0.012176,-0.018524,-0.470505,-1.560299,-0.079485,-4.705047,-549.161804,-0.469134,0.000000
40.980003,-0.331406,-549.117371,-0.012219,-0.018516,-0.470297,-1.474166,-0.075098,-4.702965,-549.117371,-0.468961,0.000000
40.990002,-0.329163,-549.206299,-0.012219,-0.018508,-0.470114,-1.464188,-0.074589,-4.701144,-549.206299,-0.468788,0.000000
41.000004,-0.324326,-549.117371,-0.012236,-0.018502,-0.469958,-1.442672,-0.073493,-4.699583,-549.117371,-0.468631,0.000000
41.010002,-0.312042,-549.206299,-0.012206,-0.018498,-0.469837,-1.388033,-0.070710,-4.698369,-549.206299,-0.468458,0.000000
41.020000,-0.323212,-549.117371,-0.012215,-0.018493,-0.469724,-1.437717,-0.073241,-4.697241,-549.117371,-0.468302,0.000000
41.030003,-0.323212,-549.072876,-0.012210,-0.018489,-0.469611,-1.437717,-0.073241,-4.696114,-549.072876,-0.468128,0.000000
41.040001,-0.331039,-549.161804,-0.012262,-0.018485,-0.469507,-1.472537,-0.075015,-4.695073,-549.161804,-0.467955,0.000000
41.050003,-0.332520,-549.161804,-0.012258,-0.018480,-0.469395,-1.479121,-0.075350,-4.693946,-549.161804,-0.467799,0.000000
41.060001,-0.328049,-549.161804,-0.012258,-0.018472,-0.469178,-1.459234,-0.074337,-4.691778,-549.161804,-0.467625,0.000000
41.070004,-0.325073,-549.161804,-0.012210,-0.018461,-0.468909,-1.445998,-0.073663,-4.689090,-549.161804,-0.467469,0.000000
41.080002,-0.324707,-549.117371,-0.012305,-0.018451,-0.468649,-1.444369,-0.073580,-4.686488,-549.117371,-0.467296,0.000000
41.090000,-0.329910,-549.250793,-0.012318,-0.018442,-0.468432,-1.467514,-0.074759,-4.684320,-549.250793,-0.467122,0.000000
41.100002,-0.339966,-549.117371,-0.012331,-0.018436,-0.468285,-1.512244,-0.077037,-4.682846,-549.117371,-0.466966,0.000000
41.110001,-0.358215,-549.206299,-0.012275,-0.018432,-0.468172,-1.593421,-0.081173,-4.681718,-549.206299,-0.466793,0.000000
41.120003,-0.355240,-549.072876,-0.012288,-0.018429,-0.468094,-1.580186,-0.080499,-4.680938,-549.072876,-0.466637,0.000000
41.130001,-0.353378,-549.117371,-0.012288,-0.018424,-0.467964,-1.571905,-0.080077,-4.679637,-549.117371,-0.466463,0.000000
41.140003,-0.353378,-549.117371,-0.012232,-0.018418,-0.467816,-1.571905,-0.080077,-4.678163,-549.117371,-0.466290,0.000000
41.150002,-0.361191,-549.161804,-0.012184,-0.018413,-0.467678,-1.606657,-0.081847,-4.676775,-549.161804,-0.466134,0.000000
41.160004,-0.343323,-549.206299,-0.012249,-0.018407,-0.467530,-1.527176,-0.077798,-4.675301,-549.206299,-0.465960,0.000000
41.170002,-0.342209,-549.072876,-0.012258,-0.018401,-0.467391,-1.522221,-0.077546,-4.673913,-549.072876,-0.465804,0.000000
41.180000,-0.347794,-549.117371,-0.012232,-0.018397,-0.467279,-1.547063,-0.078811,-4.672786,-549.117371,-0.465631,0.000000
41.190002,-0.344803,-549.250793,-0.012189,-0.018390,-0.467114,-1.533760,-0.078133,-4.671138,-549.250793,-0.465457,0.000000
41.200001,-0.336624,-549.072876,-0.012189,-0.018381,-0.466880,-1.497379,-0.076280,-4.668797,-549.072876,-0.465301,0.000000
41.210003,-0.326569,-549.161804,-0.012184,-0.018370,-0.466593,-1.452650,-0.074001,-4.665935,-549.161804,-0.465128,0.000000
41.220001,-0.320602,-549.161804,-0.012210,-0.018359,-0.466316,-1.426111,-0.072650,-4.663159,-549.161804,-0.464972,0.000000
41.230003,-0.315399,-549.161804,-0.012180,-0.018350,-0.466090,-1.402966,-0.071470,-4.660904,-549.161804,-0.464798,0.000000
41.240002,-0.326569,-549.250793,-0.012176,-0.018342,-0.465891,-1.452650,-0.074001,-4.658910,-549.250793,-0.464625,0.000000
41.250004,-0.337357,-549.072876,-0.012180,-0.018335,-0.465700,-1.500637,-0.076446,-4.657002,-549.072876,-0.464469,0.000000
41.260002,-0.332153,-549.206299,-0.012176,-0.018327,-0.465509,-1.477492,-0.075267,-4.655094,-549.206299,-0.464295,0.000000
41.270000,-0.332153,-549.206299,-0.012189,-0.018321,-0.465362,-1.477492,-0.075267,-4.653620,-549.206299,-0.464139,0.000000
41.280003,-0.332153,-549.117371,-0.012180,-0.018316,-0.465232,-1.477492,-0.075267,-4.652319,-549.117371,-0.463966,0.000000
41.290001,-0.358582,-549.206299,-0.012202,-0.018312,-0.465128,-1.595050,-0.081256,-4.651278,-549.206299,-0.463792,0.000000
41.300003,-0.363800,-549.117371,-0.012163,-0.018308,-0.465015,-1.618263,-0.082438,-4.650151,-549.117371,-0.463636,0.000000
41.310001,-0.357849,-549.161804,-0.012167,-0.018302,-0.464859,-1.591792,-0.081090,-4.648590,-549.161804,-0.463463,0.000000
41.320004,-0.361191,-549.161804,-0.012206,-0.018295,-0.464703,-1.606657,-0.081847,-4.647029,-549.161804,-0.463307,0.000000
41.330002,-0.358215,-549.117371,-0.012167,-0.018291,-0.464582,-1.593421,-0.081173,-4.645815,-549.117371,-0.463133,0.000000
41.340000,-0.354126,-549.250793,-0.012206,-0.018288,-0.464521,-1.575231,-0.080246,-4.645208,-549.250793,-0.462960,0.000000
41.350002,-0.366028,-549.117371,-0.012240,-0.018284,-0.464417,-1.628173,-0.082943,-4.644167,-549.117371,-0.462804,0.000000
41.360001,-0.352997,-549.206299,-0.012301,-0.018279,-0.464278,-1.570208,-0.079990,-4.642780,-549.206299,-0.462630,0.000000
41.370003,-0.347412,-549.161804,-0.012292,-0.018272,-0.464113,-1.545366,-0.078725,-4.641132,-549.161804,-0.462457,0.000000
41.380001,-0.339966,-549.161804,-0.012262,-0.018264,-0.463905,-1.512244,-0.077037,-4.639050,-549.161804,-0.462301,0.000000
41.390003,-0.338104,-549.206299,-0.012301,-0.018254,-0.463654,-1.503963,-0.076616,-4.636536,-549.206299,-0.462127,0.000000
41.400002,-0.336624,-549.072876,-0.012309,-0.018243,-0.463385,-1.497379,-0.076280,-4.633847,-549.072876,-0.461971,0.000000
41.410004,-0.323959,-549.161804,-0.012327,-0.018235,-0.463159,-1.441043,-0.073410,-4.631593,-549.161804,-0.461798,0.000000
41.420002,-0.323959,-549.161804,-0.012284,-0.018227,-0.462960,-1.441043,-0.073410,-4.629598,-549.161804,-0.461624,0.000000
41.430000,-0.341827,-549.206299,-0.012314,-0.018219,-0.462752,-1.520524,-0.077459,-4.627517,-549.206299,-0.461468,0.000000
41.440002,-0.339966,-549.206299,-0.012279,-0.018212,-0.462587,-1.512244,-0.077037,-4.625869,-549.206299,-0.461295,0.000000
41.450001,-0.331406,-549.117371,-0.012309,-0.018207,-0.462457,-1.474166,-0.075098,-4.624568,-549.117371,-0.461139,0.000000
41.460003,-0.340347,-549.206299,-0.012275,-0.018201,-0.462301,-1.513940,-0.077124,-4.623007,-549.206299,-0.460965,0.000000
41.470001,-0.341827,-549.161804,-0.012292,-0.018193,-0.462101,-1.520524,-0.077459,-4.621012,-549.161804,-0.460792,0.000000
41.480003,-0.339600,-549.072876,-0.012284,-0.018186,-0.461936,-1.510615,-0.076954,-4.619364,-549.072876,-0.460636,0.000000
41.490002,-0.378326,-549.206299,-0.012271,-0.018180,-0.461780,-1.682880,-0.085730,-4.617804,-549.206299,-0.460462,0.000000
41.500004,-0.374969,-549.072876,-0.012184,-0.018176,-0.461668,-1.667948,-0.084969,-4.616676,-549.072876,-0.460306,0.000000
41.510002,-0.364548,-549.161804,-0.012163,-0.018172,-0.461572,-1.621589,-0.082608,-4.615723,-549.161804,-0.460133,0.000000
41.520000,-0.373856,-549.161804,-0.012176,-0.018167,-0.461442,-1.662993,-0.084717,-4.614421,-549.161804,-0.459959,0.000000
41.530003,-0.379440,-549.161804,-0.012171,-0.018160,-0.461260,-1.687835,-0.085982,-4.612600,-549.161804,-0.459803,0.000000
41.540001,-0.366776,-549.250793,-0.012202,-0.018152,-0.461061,-1.631499,-0.083113,-4.610606,-549.250793,-0.459630,0.000000
41.550003,-0.350403,-549.161804,-0.012184,-0.018143,-0.460835,-1.558670,-0.079402,-4.608351,-549.161804,-0.459474,0.000000
41.560001,-0.337357,-549.206299,-0.012180,-0.018135,-0.460636,-1.500637,-0.076446,-4.606356,-549.206299,-0.459300,0.000000
41.570004,-0.332520,-549.250793,-0.012189,-0.018130,-0.460497,-1.479121,-0.075350,-4.604969,-549.250793,-0.459127,0.000000
41.580002,-0.341080,-549.161804,-0.012180,-0.018124,-0.460349,-1.517198,-0.077290,-4.603494,-549.161804,-0.458971,0.000000
41.590000,-0.335495,-549.206299,-0.012184,-0.018116,-0.460150,-1.492356,-0.076024,-4.601500,-549.206299,-0.458797,0.000000
41.600002,-0.307938,-549.117371,-0.012206,-0.018108,-0.459942,-1.369775,-0.069780,-4.599419,-549.117371,-0.458641,0.000000
41.610001,-0.313904,-549.250793,-0.012202,-0.018102,-0.459794,-1.396314,-0.071132,-4.597944,-549.250793,-0.458468,0.000000
41.620003,-0.334763,-549.206299,-0.012240,-0.018096,-0.459630,-1.489098,-0.075858,-4.596296,-549.206299,-0.458294,0.000000
41.630001,-0.344437,-549.161804,-0.012305,-0.018090,-0.459491,-1.532131,-0.078050,-4.594909,-549.161804,-0.458138,0.000000
41.640003,-0.343323,-549.250793,-0.012284,-0.018084,-0.459335,-1.527176,-0.077798,-4.593348,-549.250793,-0.457965,0.000000
41.650002,-0.350021,-549.117371,-0.012279,-0.018077,-0.459144,-1.556973,-0.079316,-4.591440,-549.117371,-0.457808,0.000000
41.660004,-0.342575,-549.206299,-0.012301,-0.018070,-0.458971,-1.523850,-0.077629,-4.589705,-549.206299,-0.457635,0.000000
41.670002,-0.352997,-549.161804,-0.012309,-0.018063,-0.458806,-1.570208,-0.079990,-4.588058,-549.161804,-0.457462,0.000000
41.680000,-0.353745,-549.161804,-0.012271,-0.018057,-0.458650,-1.573534,-0.080160,-4.586497,-549.161804,-0.457305,0.000000
41.690002,-0.363434,-549.250793,-0.012288,-0.018051,-0.458502,-1.616634,-0.082355,-4.585023,-549.250793,-0.457132,0.000000
41.700001,-0.362686,-549.117371,-0.012318,-0.018046,-0.458381,-1.613309,-0.082186,-4.583808,-549.117371,-0.456976,0.000000
41.710003,-0.379074,-549.161804,-0.012305,-0.018041,-0.458251,-1.686206,-0.085899,-4.582508,-549.161804,-0.456802,0.000000
41.720001,-0.379440,-549.117371,-0.012266,-0.018037,-0.458138,-1.687835,-0.085982,-4.581380,-549.117371,-0.456629,0.000000
41.730003,-0.388382,-549.072876,-0.012253,-0.018031,-0.457982,-1.727609,-0.088009,-4.579819,-549.072876,-0.456473,0.000000
41.740002,-0.383163,-549.206299,-0.012206,-0.018022,-0.457765,-1.704396,-0.086826,-4.577651,-549.206299,-0.456300,0.000000
41.750004,-0.360077,-549.161804,-0.012210,-0.018012,-0.457496,-1.601702,-0.081595,-4.574963,-549.161804,-0.456126,0.000000
41.760002,-0.336624,-549.206299,-0.012193,-0.018002,-0.457253,-1.497379,-0.076280,-4.572535,-549.206299,-0.455970,0.000000
41.770000,-0.331406,-549.161804,-0.012215,-0.017996,-0.457106,-1.474166,-0.075098,-4.571060,-549.161804,-0.455796,0.000000
41.780003,-0.332901,-549.161804,-0.012158,-0.017991,-0.456967,-1.480818,-0.075436,-4.569673,-549.161804,-0.455640,0.000000
41.790001,-0.321716,-549.295288,-0.012197,-0.017984,-0.456785,-1.431066,-0.072902,-4.567852,-549.295288,-0.455467,0.000000
41.800003,-0.320984,-549.161804,-0.012240,-0.017977,-0.456620,-1.427808,-0.072736,-4.566204,-549.161804,-0.455294,0.000000
41.810001,-0.328796,-549.206299,-0.012266,-0.017971,-0.456456,-1.462559,-0.074506,-4.564556,-549.206299,-0.455137,0.000000
41.820004,-0.345932,-549.117371,-0.012253,-0.017963,-0.456256,-1.538782,-0.078389,-4.562561,-549.117371,-0.454964,0.000000
41.830002,-0.338852,-549.161804,-0.012227,-0.017956,-0.456074,-1.507289,-0.076785,-4.560740,-549.161804,-0.454808,0.000000
41.840000,-0.338486,-549.295288,-0.012236,-0.017950,-0.455935,-1.505660,-0.076702,-4.559352,-549.295288,-0.454634,0.000000
41.850002,-0.347794,-549.072876,-0.012253,-0.017945,-0.455814,-1.547063,-0.078811,-4.558138,-549.072876,-0.454461,0.000000
41.860001,-0.345551,-549.206299,-0.012240,-0.017941,-0.455701,-1.537086,-0.078303,-4.557011,-549.206299,-0.454305,0.000000
41.870003,-0.339966,-549.206299,-0.012236,-0.017934,-0.455528,-1.512244,-0.077037,-4.555277,-549.206299,-0.454131,0.000000
41.880001,-0.353745,-549.117371,-0.012215,-0.017926,-0.455311,-1.573534,-0.080160,-4.553109,-549.117371,-0.453975,0.000000
41.890003,-0.357468,-549.206299,-0.012223,-0.017917,-0.455103,-1.590096,-0.081003,-4.551027,-549.206299,-0.453802,0.000000
41.900002,-0.361938,-549.072876,-0.012258,-0.017911,-0.454929,-1.609983,-0.082016,-4.549293,-549.072876,-0.453628,0.000000
41.910004,-0.364914,-549.250793,-0.012301,-0.017903,-0.454738,-1.623218,-0.082691,-4.547385,-549.250793,-0.453472,0.000000
41.920002,-0.366028,-549.161804,-0.012245,-0.017896,-0.454556,-1.628173,-0.082943,-4.545564,-549.161804,-0.453299,0.000000
41.930000,-0.365662,-549.117371,-0.012206,-0.017887,-0.454331,-1.626544,-0.082860,-4.543309,-549.117371,-0.453143,0.000000
41.940002,-0.339966,-549.295288,-0.012193,-0.017880,-0.454157,-1.512244,-0.077037,-4.541574,-549.295288,-0.452969,0.000000
41.950001,-0.304962,-549.072876,-0.012146,-0.017877,-0.454071,-1.356539,-0.069105,-4.540707,-549.072876,-0.452796,0.000000
41.960003,-0.305710,-549.161804,-0.012171,-0.017876,-0.454045,-1.359865,-0.069275,-4.540447,-549.161804,-0.452640,0.000000
41.970001,-0.315765,-549.206299,-0.012206,-0.017873,-0.453984,-1.404595,-0.071553,-4.539840,-549.206299,-0.452466,0.000000
41.980003,-0.325073,-549.161804,-0.012210,-0.017868,-0.453854,-1.445998,-0.073663,-4.538539,-549.161804,-0.452310,0.000000
41.990002,-0.315399,-549.250793,-0.012206,-0.017860,-0.453646,-1.402966,-0.071470,-4.536458,-549.250793,-0.452137,0.000000
42.000004,-0.304214,-549.117371,-0.012189,-0.017850,-0.453386,-1.353214,-0.068936,-4.533856,-549.117371,-0.451963,0.000000
42.010002,-0.301987,-549.206299,-0.012193,-0.017839,-0.453117,-1.343304,-0.068431,-4.531168,-549.206299,-0.451807,0.000000
42.020000,-0.310547,-549.206299,-0.012232,-0.017832,-0.452926,-1.381382,-0.070371,-4.529260,-549.206299,-0.451634,0.000000
42.030003,-0.312790,-549.117371,-0.012206,-0.017826,-0.452770,-1.391359,-0.070879,-4.527699,-549.117371,-0.451478,0.000000
42.040001,-0.323959,-549.250793,-0.012223,-0.017820,-0.452640,-1.441043,-0.073410,-4.526398,-549.250793,-0.451304,0.000000
42.050003,-0.321716,-549.072876,-0.012227,-0.017815,-0.452510,-1.431066,-0.072902,-4.525097,-549.072876,-0.451131,0.000000
42.060001,-0.322845,-549.206299,-0.012215,-0.017807,-0.452310,-1.436088,-0.073158,-4.523103,-549.206299,-0.450975,0.000000
42.070004,-0.337357,-549.206299,-0.012206,-0.017799,-0.452085,-1.500637,-0.076446,-4.520848,-549.206299,-0.450801,0.000000
42.080002,-0.330658,-549.206299,-0.012206,-0.017792,-0.451911,-1.470840,-0.074928,-4.519114,-549.206299,-0.450645,0.000000
42.090000,-0.334381,-549.250793,-0.012210,-0.017786,-0.451755,-1.487401,-0.075772,-4.517552,-549.250793,-0.450472,0.000000
42.100002,-0.339218,-549.161804,-0.012202,-0.017780,-0.451616,-1.508918,-0.076868,-4.516165,-549.161804,-0.450298,0.000000
42.110001,-0.336243,-549.295288,-0.012202,-0.017773,-0.451426,-1.495682,-0.076194,-4.514257,-549.295288,-0.450142,0.000000
42.120003,-0.339966,-549.117371,-0.012236,-0.017765,-0.451235,-1.512244,-0.077037,-4.512349,-549.117371,-0.449969,0.000000
42.130001,-0.340347,-549.161804,-0.012180,-0.017757,-0.451027,-1.513940,-0.077124,-4.510268,-549.161804,-0.449795,0.000000
42.140003,-0.319855,-549.250793,-0.012146,-0.017751,-0.450871,-1.422785,-0.072480,-4.508707,-549.250793,-0.449639,0.000000
42.150002,-0.322464,-549.117371,-0.012171,-0.017746,-0.450758,-1.434391,-0.073071,-4.507579,-549.117371,-0.449466,0.000000
42.160004,-0.329163,-549.161804,-0.012232,-0.017742,-0.450654,-1.464188,-0.074589,-4.506539,-549.161804,-0.449310,0.000000
42.170002,-0.314270,-549.206299,-0.012262,-0.017737,-0.450532,-1.397943,-0.071215,-4.505325,-549.206299,-0.449136,0.000000
42.180000,-0.306458,-549.161804,-0.012318,-0.017730,-0.450342,-1.363191,-0.069444,-4.503417,-549.161804,-0.448963,0.000000
42.190002,-0.315765,-549.250793,-0.012322,-0.017721,-0.450116,-1.404595,-0.071553,-4.501162,-549.250793,-0.448807,0.000000
42.200001,-0.315765,-549.161804,-0.012271,-0.017712,-0.449873,-1.404595,-0.071553,-4.498734,-549.161804,-0.448633,0.000000
42.210003,-0.323578,-549.250793,-0.012232,-0.017705,-0.449709,-1.439346,-0.073324,-4.497086,-549.250793,-0.448477,0.000000
42.220001,-0.317627,-549.161804,-0.012301,-0.017700,-0.449570,-1.412875,-0.071975,-4.495698,-549.161804,-0.448304,0.000000
42.230003,-0.319122,-549.161804,-0.012322,-0.017692,-0.449388,-1.419527,-0.072314,-4.493877,-549.161804,-0.448130,0.000000
42.240002,-0.316513,-549.250793,-0.012284,-0.017685,-0.449197,-1.407920,-0.071723,-4.491969,-549.250793,-0.447974,0.000000
42.250004,-0.317627,-549.161804,-0.012301,-0.017678,-0.449015,-1.412875,-0.071975,-4.490148,-549.161804,-0.447801,0.000000
42.260002,-0.342941,-549.206299,-0.012271,-0.017672,-0.448859,-1.525479,-0.077712,-4.488587,-549.206299,-0.447645,0.000000
42.270000,-0.344803,-549.206299,-0.012206,-0.017666,-0.448720,-1.533760,-0.078133,-4.487199,-549.206299,-0.447471,0.000000
42.280003,-0.344437,-549.161804,-0.012202,-0.017660,-0.448564,-1.532131,-0.078050,-4.485639,-549.161804,-0.447298,0.000000
42.290001,-0.348526,-549.295288,-0.012236,-0.017655,-0.448425,-1.550321,-0.078977,-4.484251,-549.295288,-0.447142,0.000000
42.300003,-0.347794,-549.161804,-0.012266,-0.017650,-0.448304,-1.547063,-0.078811,-4.483037,-549.161804,-0.446968,0.000000
42.310001,-0.326569,-549.206299,-0.012258,-0.017646,-0.448200,-1.452650,-0.074001,-4.481996,-549.206299,-0.446812,0.000000
42.320004,-0.320236,-549.161804,-0.012258,-0.017641,-0.448087,-1.424482,-0.072567,-4.480868,-549.161804,-0.446639,0.000000
42.330002,-0.326935,-549.161804,-0.012240,-0.017634,-0.447905,-1.454279,-0.074084,-4.479047,-549.161804,-0.446465,0.000000
42.340000,-0.311676,-549.250793,-0.012236,-0.017626,-0.447697,-1.386404,-0.070627,-4.476966,-549.250793,-0.446309,0.000000
42.350002,-0.307205,-549.161804,-0.012275,-0.017616,-0.447454,-1.366517,-0.069614,-4.474538,-549.161804,-0.446136,0.000000
42.360001,-0.300491,-549.206299,-0.012262,-0.017609,-0.447263,-1.336652,-0.068092,-4.472630,-549.206299,-0.445980,0.000000
42.370003,-0.290817,-549.161804,-0.012197,-0.017603,-0.447124,-1.293620,-0.065900,-4.471242,-549.161804,-0.445806,0.000000
42.380001,-0.289703,-549.206299,-0.012206,-0.017595,-0.446907,-1.288665,-0.065648,-4.469074,-549.206299,-0.445633,0.000000
42.390003,-0.299759,-549.295288,-0.012245,-0.017585,-0.446647,-1.333394,-0.067926,-4.466473,-549.295288,-0.445477,0.000000
42.400002,-0.301239,-549.117371,-0.012279,-0.017577,-0.446456,-1.339978,-0.068262,-4.464565,-549.117371,-0.445303,0.000000
42.410004,-0.290070,-549.206299,-0.012262,-0.017570,-0.446283,-1.290294,-0.065731,-4.462830,-549.206299,-0.445147,0.000000
42.420002,-0.291931,-549.250793,-0.012271,-0.017563,-0.446092,-1.298575,-0.066153,-4.460923,-549.250793,-0.444974,0.000000
42.430000,-0.296768,-549.206299,-0.012314,-0.017556,-0.445927,-1.320091,-0.067249,-4.459275,-549.206299,-0.444800,0.000000
42.440002,-0.306458,-549.250793,-0.012296,-0.017550,-0.445780,-1.363191,-0.069444,-4.457800,-549.250793,-0.444644,0.000000
42.450001,-0.326935,-549.161804,-0.012296,-0.017545,-0.445641,-1.454279,-0.074084,-4.456413,-549.161804,-0.444471,0.000000
42.460003,-0.331772,-549.250793,-0.012258,-0.017539,-0.445494,-1.475795,-0.075181,-4.454939,-549.250793,-0.444314,0.000000
42.470001,-0.335876,-549.161804,-0.012266,-0.017532,-0.445320,-1.494053,-0.076111,-4.453204,-549.161804,-0.444141,0.000000
42.480003,-0.333267,-549.206299,-0.012284,-0.017526,-0.445173,-1.482447,-0.075519,-4.451730,-549.206299,-0.443968,0.000000
42.490002,-0.326935,-549.250793,-0.012340,-0.017522,-0.445052,-1.454279,-0.074084,-4.450516,-549.250793,-0.443811,0.000000
42.500004,-0.327682,-549.117371,-0.012296,-0.017518,-0.444948,-1.457605,-0.074254,-4.449475,-549.117371,-0.443638,0.000000
42.510002,-0.326935,-549.206299,-0.012245,-0.017511,-0.444774,-1.454279,-0.074084,-4.447741,-549.206299,-0.443465,0.000000
42.520000,-0.309067,-549.161804,-0.012249,-0.017503,-0.444583,-1.374798,-0.070036,-4.445833,-549.161804,-0.443308,0.000000
42.530003,-0.309433,-549.161804,-0.012197,-0.017496,-0.444401,-1.376427,-0.070119,-4.444012,-549.161804,-0.443135,0.000000
42.540001,-0.316879,-549.250793,-0.012180,-0.017490,-0.444245,-1.409549,-0.071806,-4.442451,-549.250793,-0.442979,0.000000
42.550003,-0.311676,-549.206299,-0.012193,-0.017485,-0.444124,-1.386404,-0.070627,-4.441236,-549.206299,-0.442805,0.000000
42.560001,-0.282257,-549.295288,-0.012193,-0.017480,-0.443994,-1.255542,-0.063960,-4.439936,-549.295288,-0.442632,0.000000
42.570004,-0.278534,-549.206299,-0.012193,-0.017474,-0.443829,-1.238981,-0.063117,-4.438288,-549.206299,-0.442476,0.000000
42.580002,-0.280014,-549.117371,-0.012189,-0.017467,-0.443655,-1.245565,-0.063452,-4.436553,-549.117371,-0.442302,0.000000
42.590000,-0.285980,-549.250793,-0.012240,-0.017458,-0.443439,-1.272104,-0.064804,-4.434385,-549.250793,-0.442146,0.000000
42.600002,-0.289322,-549.161804,-0.012236,-0.017450,-0.443230,-1.286968,-0.065561,-4.432304,-549.161804,-0.441973,0.000000
42.610001,-0.289322,-549.206299,-0.012262,-0.017443,-0.443048,-1.286968,-0.065561,-4.430483,-549.206299,-0.441799,0.000000
42.620003,-0.296768,-549.206299,-0.012288,-0.017436,-0.442866,-1.320091,-0.067249,-4.428662,-549.206299,-0.441643,0.000000
42.630001,-0.287094,-549.206299,-0.012322,-0.017428,-0.442675,-1.277058,-0.065056,-4.426754,-549.206299,-0.441470,0.000000
42.640003,-0.310547,-549.250793,-0.012292,-0.017421,-0.442485,-1.381382,-0.070371,-4.424846,-549.250793,-0.441314,0.000000
42.650002,-0.309067,-549.206299,-0.012327,-0.017415,-0.442337,-1.374798,-0.070036,-4.423372,-549.206299,-0.441140,0.000000
42.660004,-0.324326,-549.206299,-0.012232,-0.017411,-0.442242,-1.442672,-0.073493,-4.422418,-549.206299,-0.440967,0.000000
42.670002,-0.334015,-549.206299,-0.012249,-0.017407,-0.442146,-1.485772,-0.075689,-4.421463,-549.206299,-0.440811,0.000000
42.680000,-0.334763,-549.206299,-0.012232,-0.017403,-0.442025,-1.489098,-0.075858,-4.420249,-549.206299,-0.440637,0.000000
42.690002,-0.325073,-549.295288,-0.012219,-0.017397,-0.441878,-1.445998,-0.073663,-4.418776,-549.295288,-0.440481,0.000000
42.700001,-0.315765,-549.206299,-0.012258,-0.017390,-0.441704,-1.404595,-0.071553,-4.417041,-549.206299,-0.440308,0.000000
42.710003,-0.306458,-549.250793,-0.012288,-0.017382,-0.441505,-1.363191,-0.069444,-4.415046,-549.250793,-0.440134,0.000000
42.720001,-0.310547,-549.206299,-0.012296,-0.017374,-0.441288,-1.381382,-0.070371,-4.412878,-549.206299,-0.439978,0.000000
42.730003,-0.317627,-549.117371,-0.012335,-0.017366,-0.441088,-1.412875,-0.071975,-4.410883,-549.117371,-0.439805,0.000000
42.740002,-0.323212,-549.339722,-0.012288,-0.017360,-0.440932,-1.437717,-0.073241,-4.409323,-549.339722,-0.439649,0.000000
42.750004,-0.303101,-549.161804,-0.012322,-0.017355,-0.440820,-1.348259,-0.068684,-4.408195,-549.161804,-0.439475,0.000000
42.760002,-0.296768,-549.206299,-0.012279,-0.017350,-0.440698,-1.320091,-0.067249,-4.406981,-549.206299,-0.439302,0.000000
42.770000,-0.284851,-549.161804,-0.012301,-0.017345,-0.440551,-1.267081,-0.064548,-4.405507,-549.161804,-0.439146,0.000000
42.780003,-0.293427,-549.206299,-0.012184,-0.017340,-0.440429,-1.305226,-0.066491,-4.404293,-549.206299,-0.438972,0.000000
42.790001,-0.292313,-549.250793,-0.012176,-0.017334,-0.440273,-1.300272,-0.066239,-4.402732,-549.250793,-0.438816,0.000000
42.800003,-0.293045,-549.206299,-0.012202,-0.017326,-0.440091,-1.303530,-0.066405,-4.400910,-549.206299,-0.438643,0.000000
42.810001,-0.296402,-549.295288,-0.012197,-0.017318,-0.439866,-1.318462,-0.067166,-4.398656,-549.295288,-0.438469,0.000000
42.820004,-0.295654,-549.206299,-0.012245,-0.017308,-0.439614,-1.315136,-0.066996,-4.396141,-549.206299,-0.438313,0.000000
42.830002,-0.304962,-549.250793,-0.012296,-0.017300,-0.439415,-1.356539,-0.069105,-4.394146,-549.250793,-0.438140,0.000000
42.840000,-0.322845,-549.295288,-0.012258,-0.017294,-0.439258,-1.436088,-0.073158,-4.392585,-549.295288,-0.437984,0.000000
42.850002,-0.324707,-549.161804,-0.012253,-0.017287,-0.439094,-1.444369,-0.073580,-4.390937,-549.161804,-0.437810,0.000000
42.860001,-0.333267,-549.250793,-0.012275,-0.017280,-0.438920,-1.482447,-0.075519,-4.389203,-549.250793,-0.437637,0.000000
42.870003,-0.328430,-549.250793,-0.012292,-0.017274,-0.438764,-1.460930,-0.074423,-4.387642,-549.250793,-0.437481,0.000000
42.880001,-0.322464,-549.250793,-0.012271,-0.017269,-0.438625,-1.434391,-0.073071,-4.386254,-549.250793,-0.437307,0.000000
42.890003,-0.323212,-549.250793,-0.012348,-0.017264,-0.438504,-1.437717,-0.073241,-4.385040,-549.250793,-0.437134,0.000000
42.900002,-0.317261,-549.161804,-0.012305,-0.017258,-0.438348,-1.411246,-0.071892,-4.383480,-549.161804,-0.436978,0.000000
42.910004,-0.322098,-549.250793,-0.012284,-0.017251,-0.438166,-1.432763,-0.072988,-4.381658,-549.250793,-0.436804,0.000000
42.920002,-0.325439,-549.206299,-0.012288,-0.017243,-0.437966,-1.447627,-0.073746,-4.379663,-549.206299,-0.436648,0.000000
42.930000,-0.310547,-549.206299,-0.012266,-0.017235,-0.437776,-1.381382,-0.070371,-4.377756,-549.206299,-0.436475,0.000000
42.940002,-0.322464,-549.295288,-0.012249,-0.017229,-0.437628,-1.434391,-0.073071,-4.376281,-549.295288,-0.436301,0.000000
42.950001,-0.321716,-549.161804,-0.012266,-0.017224,-0.437481,-1.431066,-0.072902,-4.374807,-549.161804,-0.436145,0.000000
42.960003,-0.317627,-549.250793,-0.012245,-0.017218,-0.437342,-1.412875,-0.071975,-4.373420,-549.250793,-0.435972,0.000000
42.970001,-0.313538,-549.206299,-0.012206,-0.017212,-0.437194,-1.394685,-0.071049,-4.371945,-549.206299,-0.435816,0.000000
42.980003,-0.312042,-549.117371,-0.012189,-0.017207,-0.437047,-1.388033,-0.070710,-4.370471,-549.117371,-0.435642,0.000000
42.990002,-0.309067,-549.250793,-0.012258,-0.017200,-0.436874,-1.374798,-0.070036,-4.368736,-549.250793,-0.435469,0.000000
43.000004,-0.308685,-549.117371,-0.012279,-0.017194,-0.436726,-1.373101,-0.069949,-4.367262,-549.117371,-0.435313,0.000000
43.010002,-0.322845,-549.250793,-0.012227,-0.017186,-0.436518,-1.436088,-0.073158,-4.365181,-549.250793,-0.435139,0.000000
43.020000,-0.323578,-549.206299,-0.012202,-0.017175,-0.436241,-1.439346,-0.073324,-4.362406,-549.206299,-0.434983,0.000000
43.030003,-0.324326,-549.117371,-0.012197,-0.017165,-0.435989,-1.442672,-0.073493,-4.359890,-549.117371,-0.434810,0.000000
43.040001,-0.346664,-549.295288,-0.012236,-0.017158,-0.435807,-1.542040,-0.078555,-4.358069,-549.295288,-0.434636,0.000000
43.050003,-0.339600,-549.161804,-0.012301,-0.017153,-0.435686,-1.510615,-0.076954,-4.356855,-549.161804,-0.434480,0.000000
43.060001,-0.350021,-549.295288,-0.012296,-0.017149,-0.435590,-1.556973,-0.079316,-4.355901,-549.295288,-0.434307,0.000000
43.070004,-0.351517,-549.206299,-0.012305,-0.017145,-0.435495,-1.563625,-0.079655,-4.354948,-549.206299,-0.434151,0.000000
43.080002,-0.351883,-549.250793,-0.012275,-0.017142,-0.435399,-1.565253,-0.079738,-4.353994,-549.250793,-0.433977,0.000000
43.090000,-0.352264,-549.250793,-0.012335,-0.017136,-0.435261,-1.566950,-0.079824,-4.352606,-549.250793,-0.433804,0.000000
43.100002,-0.350403,-549.161804,-0.012314,-0.017127,-0.435035,-1.558670,-0.079402,-4.350351,-549.161804,-0.433648,0.000000
43.110001,-0.342941,-549.295288,-0.012340,-0.017118,-0.434810,-1.525479,-0.077712,-4.348096,-549.295288,-0.433474,0.000000
43.120003,-0.330658,-549.206299,-0.012314,-0.017111,-0.434628,-1.470840,-0.074928,-4.346275,-549.206299,-0.433318,0.000000
43.130001,-0.336990,-549.161804,-0.012318,-0.017105,-0.434471,-1.499008,-0.076363,-4.344714,-549.161804,-0.433145,0.000000
43.140003,-0.333267,-549.250793,-0.012322,-0.017100,-0.434350,-1.482447,-0.075519,-4.343500,-549.250793,-0.432971,0.000000
43.150002,-0.325439,-549.206299,-0.012292,-0.017096,-0.434229,-1.447627,-0.073746,-4.342286,-549.206299,-0.432815,0.000000
43.160004,-0.328049,-549.295288,-0.012271,-0.017091,-0.434116,-1.459234,-0.074337,-4.341158,-549.295288,-0.432642,0.000000
43.170002,-0.332153,-549.206299,-0.012245,-0.017087,-0.434012,-1.477492,-0.075267,-4.340118,-549.206299,-0.432485,0.000000
43.180000,-0.335129,-549.250793,-0.012197,-0.017083,-0.433908,-1.490727,-0.075941,-4.339077,-549.250793,-0.432312,0.000000
43.190002,-0.337738,-549.206299,-0.012180,-0.017075,-0.433708,-1.502334,-0.076533,-4.337083,-549.206299,-0.432139,0.000000
43.200001,-0.338104,-549.161804,-0.012189,-0.017065,-0.433448,-1.503963,-0.076616,-4.334481,-549.161804,-0.431982,0.000000
43.210003,-0.319489,-549.295288,-0.012236,-0.017054,-0.433171,-1.421156,-0.072397,-4.331706,-549.295288,-0.431809,0.000000
43.220001,-0.327682,-549.206299,-0.012249,-0.017045,-0.432936,-1.457605,-0.074254,-4.329364,-549.206299,-0.431653,0.000000
43.230003,-0.350021,-549.250793,-0.012284,-0.017038,-0.432772,-1.556973,-0.079316,-4.327716,-549.250793,-0.431479,0.000000
43.240002,-0.357101,-549.295288,-0.012318,-0.017033,-0.432650,-1.588467,-0.080920,-4.326502,-549.295288,-0.431306,0.000000
43.250004,-0.346664,-549.161804,-0.012335,-0.017030,-0.432564,-1.542040,-0.078555,-4.325635,-549.161804,-0.431150,0.000000
43.260002,-0.351517,-549.250793,-0.012301,-0.017026,-0.432451,-1.563625,-0.079655,-4.324508,-549.250793,-0.430977,0.000000
43.270000,-0.354126,-549.206299,-0.012262,-0.017020,-0.432312,-1.575231,-0.080246,-4.323120,-549.206299,-0.430803,0.000000
43.280003,-0.355240,-549.250793,-0.012305,-0.017015,-0.432191,-1.580186,-0.080499,-4.321906,-549.250793,-0.430647,0.000000
43.290001,-0.349655,-549.339722,-0.012189,-0.017010,-0.432043,-1.555344,-0.079233,-4.320432,-549.339722,-0.430474,0.000000
43.300003,-0.336624,-549.161804,-0.012171,-0.017003,-0.431887,-1.497379,-0.076280,-4.318871,-549.161804,-0.430317,0.000000
43.310001,-0.332520,-549.295288,-0.012189,-0.016998,-0.431757,-1.479121,-0.075350,-4.317570,-549.295288,-0.430144,0.000000
43.320004,-0.337738,-549.250793,-0.012275,-0.016991,-0.431584,-1.502334,-0.076533,-4.315836,-549.250793,-0.429971,0.000000
43.330002,-0.329544,-549.206299,-0.012271,-0.016983,-0.431358,-1.465885,-0.074676,-4.313581,-549.206299,-0.429814,0.000000
43.340000,-0.320602,-549.250793,-0.012271,-0.016972,-0.431081,-1.426111,-0.072650,-4.310806,-549.250793,-0.429641,0.000000
43.350002,-0.314270,-549.161804,-0.012253,-0.016961,-0.430812,-1.397943,-0.071215,-4.308117,-549.161804,-0.429485,0.000000
43.360001,-0.308319,-549.339722,-0.012292,-0.016953,-0.430595,-1.371472,-0.069866,-4.305949,-549.339722,-0.429311,0.000000
43.370003,-0.329544,-549.250793,-0.012288,-0.016944,-0.430387,-1.465885,-0.074676,-4.303868,-549.250793,-0.429138,0.000000
43.380001,-0.329910,-549.250793,-0.012305,-0.016937,-0.430187,-1.467514,-0.074759,-4.301873,-549.250793,-0.428982,0.000000
43.390003,-0.328430,-549.295288,-0.012301,-0.016929,-0.429997,-1.460930,-0.074423,-4.299965,-549.295288,-0.428808,0.000000
43.400002,-0.325439,-549.206299,-0.012284,-0.016923,-0.429840,-1.447627,-0.073746,-4.298404,-549.206299,-0.428652,0.000000
43.410004,-0.323212,-549.295288,-0.012271,-0.016918,-0.429710,-1.437717,-0.073241,-4.297103,-549.295288,-0.428479,0.000000
43.420002,-0.342575,-549.206299,-0.012292,-0.016914,-0.429606,-1.523850,-0.077629,-4.296063,-549.206299,-0.428305,0.000000
43.430000,-0.357849,-549.161804,-0.012296,-0.016909,-0.429485,-1.591792,-0.081090,-4.294849,-549.161804,-0.428149,0.000000
43.440002,-0.364914,-549.250793,-0.012284,-0.016903,-0.429329,-1.623218,-0.082691,-4.293288,-549.250793,-0.427976,0.000000
43.450001,-0.361191,-549.206299,-0.012301,-0.016897,-0.429173,-1.606657,-0.081847,-4.291727,-549.206299,-0.427820,0.000000
43.460003,-0.362305,-549.339722,-0.012340,-0.016892,-0.429060,-1.611612,-0.082099,-4.290599,-549.339722,-0.427646,0.000000
43.470001,-0.350021,-549.250793,-0.012305,-0.016890,-0.429008,-1.556973,-0.079316,-4.290079,-549.250793,-0.427473,0.000000
43.480003,-0.354126,-549.250793,-0.012335,-0.016886,-0.428913,-1.575231,-0.080246,-4.289125,-549.250793,-0.427317,0.000000
43.490002,-0.357101,-549.295288,-0.012309,-0.016881,-0.428774,-1.588467,-0.080920,-4.287738,-549.295288,-0.427143,0.000000
43.500004,-0.352631,-549.161804,-0.012322,-0.016875,-0.428626,-1.568579,-0.079907,-4.286263,-549.161804,-0.426987,0.000000
43.510002,-0.347794,-549.295288,-0.012288,-0.016867,-0.428427,-1.547063,-0.078811,-4.284269,-549.295288,-0.426814,0.000000
43.520000,-0.345184,-549.206299,-0.012249,-0.016858,-0.428184,-1.535457,-0.078220,-4.281840,-549.206299,-0.426640,0.000000
43.530003,-0.343323,-549.206299,-0.012210,-0.016847,-0.427915,-1.527176,-0.077798,-4.279152,-549.206299,-0.426484,0.000000
43.540001,-0.319122,-549.250793,-0.012202,-0.016838,-0.427681,-1.419527,-0.072314,-4.276811,-549.250793,-0.426311,0.000000
43.550003,-0.307205,-549.117371,-0.012210,-0.016830,-0.427482,-1.366517,-0.069614,-4.274816,-549.117371,-0.426155,0.000000
43.560001,-0.329910,-549.295288,-0.012219,-0.016822,-0.427273,-1.467514,-0.074759,-4.272734,-549.295288,-0.425981,0.000000
43.570004,-0.339600,-549.250793,-0.012180,-0.016814,-0.427083,-1.510615,-0.076954,-4.270827,-549.250793,-0.425808,0.000000
43.580002,-0.338486,-549.161804,-0.012180,-0.016808,-0.426935,-1.505660,-0.076702,-4.269352,-549.161804,-0.425652,0.000000
43.590004,-0.346664,-549.250793,-0.012227,-0.016802,-0.426770,-1.542040,-0.078555,-4.267704,-549.250793,-0.425478,0.000000
43.600002,-0.352997,-549.161804,-0.012240,-0.016794,-0.426580,-1.570208,-0.079990,-4.265797,-549.161804,-0.425322,0.000000
43.610001,-0.346664,-549.295288,-0.012240,-0.016788,-0.426406,-1.542040,-0.078555,-4.264062,-549.295288,-0.425149,0.000000
43.620003,-0.363052,-549.161804,-0.012271,-0.016782,-0.426267,-1.614938,-0.082269,-4.262674,-549.161804,-0.424975,0.000000
43.630001,-0.373108,-549.250793,-0.012262,-0.016777,-0.426146,-1.659667,-0.084547,-4.261461,-549.250793,-0.424819,0.000000
43.640003,-0.374603,-549.339722,-0.012240,-0.016774,-0.426059,-1.666319,-0.084886,-4.260593,-549.339722,-0.424646,0.000000
43.650002,-0.373856,-549.161804,-0.012253,-0.016769,-0.425929,-1.662993,-0.084717,-4.259293,-549.161804,-0.424490,0.000000
43.660004,-0.377213,-549.295288,-0.012266,-0.016762,-0.425756,-1.677925,-0.085478,-4.257558,-549.295288,-0.424316,0.000000
43.670002,-0.361938,-549.250793,-0.012184,-0.016754,-0.425556,-1.609983,-0.082016,-4.255564,-549.250793,-0.424143,0.000000
43.680000,-0.344070,-549.161804,-0.012176,-0.016746,-0.425340,-1.530502,-0.077967,-4.253396,-549.161804,-0.423987,0.000000
43.690002,-0.348907,-549.250793,-0.012176,-0.016738,-0.425140,-1.552018,-0.079064,-4.251401,-549.250793,-0.423813,0.000000
43.700001,-0.338104,-549.206299,-0.012305,-0.016733,-0.425010,-1.503963,-0.076616,-4.250100,-549.206299,-0.423640,0.000000
43.710003,-0.340347,-549.295288,-0.012262,-0.016727,-0.424871,-1.513940,-0.077124,-4.248713,-549.295288,-0.423484,0.000000
43.720001,-0.337738,-549.206299,-0.012253,-0.016720,-0.424689,-1.502334,-0.076533,-4.246891,-549.206299,-0.423310,0.000000
43.730003,-0.320236,-549.206299,-0.012284,-0.016712,-0.424472,-1.424482,-0.072567,-4.244723,-549.206299,-0.423154,0.000000
43.740002,-0.316513,-549.339722,-0.012327,-0.016705,-0.424308,-1.407920,-0.071723,-4.243075,-549.339722,-0.422981,0.000000
43.750004,-0.331772,-549.250793,-0.012314,-0.016699,-0.424143,-1.475795,-0.075181,-4.241427,-549.250793,-0.422807,0.000000
43.760002,-0.351517,-549.295288,-0.012301,-0.016693,-0.423995,-1.563625,-0.079655,-4.239954,-549.295288,-0.422651,0.000000
43.770000,-0.340347,-549.206299,-0.012296,-0.016687,-0.423848,-1.513940,-0.077124,-4.238479,-549.206299,-0.422478,0.000000
43.780003,-0.347412,-549.250793,-0.012309,-0.016679,-0.423657,-1.545366,-0.078725,-4.236571,-549.250793,-0.422322,0.000000
43.790001,-0.350403,-549.295288,-0.012271,-0.016672,-0.423466,-1.558670,-0.079402,-4.234663,-549.295288,-0.422148,0.000000
43.800003,-0.332153,-549.206299,-0.012288,-0.016665,-0.423293,-1.477492,-0.075267,-4.232929,-549.206299,-0.421975,0.000000
43.810001,-0.358582,-549.295288,-0.012223,-0.016659,-0.423137,-1.595050,-0.081256,-4.231368,-549.295288,-0.421819,0.000000
43.820004,-0.385773,-549.250793,-0.012202,-0.016653,-0.422989,-1.716003,-0.087417,-4.229894,-549.250793,-0.421645,0.000000
43.830002,-0.374222,-549.206299,-0.012197,-0.016648,-0.422868,-1.664622,-0.084800,-4.228680,-549.206299,-0.421489,0.000000
43.840004,-0.367523,-549.295288,-0.012189,-0.016643,-0.422729,-1.634825,-0.083282,-4.227292,-549.295288,-0.421316,0.000000
43.850002,-0.360077,-549.206299,-0.012184,-0.016638,-0.422608,-1.601702,-0.081595,-4.226078,-549.206299,-0.421142,0.000000
43.860001,-0.372360,-549.295288,-0.012158,-0.016632,-0.422443,-1.656341,-0.084378,-4.224430,-549.295288,-0.420986,0.000000
43.870003,-0.375351,-549.295288,-0.012176,-0.016624,-0.422244,-1.669644,-0.085056,-4.222435,-549.295288,-0.420813,0.000000
43.880001,-0.355988,-549.161804,-0.012184,-0.016614,-0.421992,-1.583512,-0.080668,-4.219920,-549.161804,-0.420657,0.000000
43.890003,-0.346664,-549.250793,-0.012202,-0.016605,-0.421758,-1.542040,-0.078555,-4.217579,-549.250793,-0.420483,0.000000
43.900002,-0.338852,-549.206299,-0.012236,-0.016599,-0.421610,-1.507289,-0.076785,-4.216105,-549.206299,-0.420310,0.000000
43.910004,-0.343689,-549.295288,-0.012292,-0.016594,-0.421489,-1.528805,-0.077881,-4.214891,-549.295288,-0.420154,0.000000
43.920002,-0.312408,-549.295288,-0.012344,-0.016587,-0.421307,-1.389662,-0.070793,-4.213069,-549.295288,-0.419980,0.000000
43.930000,-0.314651,-549.206299,-0.012296,-0.016580,-0.421142,-1.399640,-0.071301,-4.211422,-549.206299,-0.419824,0.000000
43.940002,-0.326569,-549.384216,-0.012301,-0.016574,-0.420969,-1.452650,-0.074001,-4.209687,-549.384216,-0.419651,0.000000
43.950001,-0.338104,-549.161804,-0.012284,-0.016566,-0.420778,-1.503963,-0.076616,-4.207779,-549.161804,-0.419477,0.000000
43.960003,-0.342209,-549.384216,-0.012305,-0.016559,-0.420596,-1.522221,-0.077546,-4.205958,-549.384216,-0.419321,0.000000
43.970001,-0.341827,-549.250793,-0.012305,-0.016552,-0.420422,-1.520524,-0.077459,-4.204224,-549.250793,-0.419148,0.000000
43.980003,-0.345932,-549.206299,-0.012275,-0.016547,-0.420284,-1.538782,-0.078389,-4.202837,-549.206299,-0.418991,0.000000
43.990002,-0.349274,-549.339722,-0.012253,-0.016541,-0.420154,-1.553647,-0.079147,-4.201535,-549.339722,-0.418818,0.000000
44.000004,-0.344437,-549.206299,-0.012240,-0.016534,-0.419971,-1.532131,-0.078050,-4.199714,-549.206299,-0.418645,0.000000
44.010002,-0.361938,-549.295288,-0.012184,-0.016526,-0.419763,-1.609983,-0.082016,-4.197632,-549.295288,-0.418488,0.000000
44.020000,-0.371628,-549.206299,-0.012189,-0.016519,-0.419573,-1.653083,-0.084212,-4.195725,-549.206299,-0.418315,0.000000
44.030003,-0.370132,-549.206299,-0.012210,-0.016512,-0.419408,-1.646431,-0.083873,-4.194077,-549.206299,-0.418159,0.000000
44.040001,-0.370132,-549.295288,-0.012245,-0.016505,-0.419217,-1.646431,-0.083873,-4.192169,-549.295288,-0.417985,0.000000
44.050003,-0.367523,-549.206299,-0.012266,-0.016497,-0.419026,-1.634825,-0.083282,-4.190261,-549.206299,-0.417812,0.000000
44.060001,-0.373489,-549.339722,-0.012314,-0.016488,-0.418801,-1.661364,-0.084634,-4.188006,-549.339722,-0.417656,0.000000
44.070004,-0.331772,-549.206299,-0.012301,-0.016481,-0.418627,-1.475795,-0.075181,-4.186272,-549.206299,-0.417482,0.000000
44.080002,-0.315765,-549.206299,-0.012296,-0.016478,-0.418549,-1.404595,-0.071553,-4.185492,-549.206299,-0.417309,0.000000
44.090004,-0.316513,-549.295288,-0.012284,-0.016477,-0.418523,-1.407920,-0.071723,-4.185231,-549.295288,-0.417153,0.000000
44.100002,-0.325821,-549.206299,-0.012275,-0.016475,-0.418471,-1.449324,-0.073832,-4.184711,-549.206299,-0.416979,0.000000
44.110001,-0.328049,-549.339722,-0.012236,-0.016470,-0.418341,-1.459234,-0.074337,-4.183410,-549.339722,-0.416823,0.000000
44.120003,-0.314651,-549.295288,-0.012253,-0.016462,-0.418142,-1.399640,-0.071301,-4.181416,-549.295288,-0.416650,0.000000
44.130001,-0.306076,-549.250793,-0.012305,-0.016452,-0.417890,-1.361494,-0.069358,-4.178901,-549.250793,-0.416476,0.000000
44.140003,-0.307205,-549.339722,-0.012335,-0.016442,-0.417621,-1.366517,-0.069614,-4.176212,-549.339722,-0.416320,0.000000
44.150002,-0.306076,-549.295288,-0.012296,-0.016434,-0.417430,-1.361494,-0.069358,-4.174304,-549.295288,-0.416147,0.000000
44.160004,-0.315018,-549.295288,-0.012318,-0.016428,-0.417283,-1.401269,-0.071384,-4.172830,-549.295288,-0.415991,0.000000
44.170002,-0.315765,-549.250793,-0.012309,-0.016424,-0.417162,-1.404595,-0.071553,-4.171616,-549.250793,-0.415817,0.000000
44.180000,-0.315765,-549.250793,-0.012236,-0.016419,-0.417049,-1.404595,-0.071553,-4.170489,-549.250793,-0.415644,0.000000
44.190002,-0.323578,-549.295288,-0.012189,-0.016412,-0.416875,-1.439346,-0.073324,-4.168754,-549.295288,-0.415488,0.000000
44.200001,-0.326187,-549.250793,-0.012180,-0.016404,-0.416659,-1.450953,-0.073915,-4.166586,-549.250793,-0.415314,0.000000
44.210003,-0.328049,-549.295288,-0.012171,-0.016397,-0.416476,-1.459234,-0.074337,-4.164765,-549.295288,-0.415158,0.000000
44.220001,-0.343323,-549.250793,-0.012197,-0.016390,-0.416312,-1.527176,-0.077798,-4.163117,-549.250793,-0.414985,0.000000
44.230003,-0.334763,-549.250793,-0.012189,-0.016384,-0.416156,-1.489098,-0.075858,-4.161556,-549.250793,-0.414811,0.000000
44.240002,-0.336990,-549.384216,-0.012292,-0.016377,-0.415982,-1.499008,-0.076363,-4.159822,-549.384216,-0.414655,0.000000
44.250004,-0.333267,-549.295288,-0.012335,-0.016369,-0.415783,-1.482447,-0.075519,-4.157827,-549.295288,-0.414482,0.000000
44.260002,-0.326187,-549.295288,-0.012340,-0.016361,-0.415575,-1.450953,-0.073915,-4.155746,-549.295288,-0.414326,0.000000
44.270000,-0.318741,-549.295288,-0.012322,-0.016354,-0.415392,-1.417830,-0.072228,-4.153924,-549.295288,-0.414152,0.000000
44.280003,-0.320602,-549.206299,-0.012322,-0.016349,-0.415254,-1.426111,-0.072650,-4.152537,-549.206299,-0.413979,0.000000
44.290001,-0.327301,-549.295288,-0.012279,-0.016344,-0.415141,-1.455908,-0.074167,-4.151410,-549.295288,-0.413823,0.000000
44.300003,-0.318375,-549.206299,-0.012210,-0.016340,-0.415028,-1.416201,-0.072145,-4.150282,-549.206299,-0.413649,0.000000
44.310001,-0.305344,-549.339722,-0.012158,-0.016333,-0.414855,-1.358236,-0.069192,-4.148548,-549.339722,-0.413493,0.000000
44.320004,-0.309433,-549.250793,-0.012158,-0.016325,-0.414647,-1.376427,-0.070119,-4.146466,-549.250793,-0.413320,0.000000
44.330002,-0.317261,-549.206299,-0.012180,-0.016315,-0.414404,-1.411246,-0.071892,-4.144038,-549.206299,-0.413146,0.000000
44.340004,-0.323959,-549.339722,-0.012184,-0.016308,-0.414213,-1.441043,-0.073410,-4.142130,-549.339722,-0.412990,0.000000
44.350002,-0.314270,-549.206299,-0.012236,-0.016302,-0.414083,-1.397943,-0.071215,-4.140829,-549.206299,-0.412817,0.000000
44.360001,-0.317627,-549.295288,-0.012258,-0.016296,-0.413927,-1.412875,-0.071975,-4.139268,-549.295288,-0.412661,0.000000
44.370003,-0.328796,-549.295288,-0.012292,-0.016289,-0.413736,-1.462559,-0.074506,-4.137361,-549.295288,-0.412487,0.000000
44.380001,-0.325439,-549.206299,-0.012284,-0.016282,-0.413554,-1.447627,-0.073746,-4.135540,-549.206299,-0.412314,0.000000
44.390003,-0.333267,-549.295288,-0.012309,-0.016275,-0.413381,-1.482447,-0.075519,-4.133805,-549.295288,-0.412158,0.000000
44.400002,-0.341827,-549.161804,-0.012322,-0.016269,-0.413224,-1.520524,-0.077459,-4.132244,-549.161804,-0.411984,0.000000
44.410004,-0.354126,-549.339722,-0.012245,-0.016262,-0.413060,-1.575231,-0.080246,-4.130596,-549.339722,-0.411828,0.000000
44.420002,-0.340714,-549.250793,-0.012232,-0.016256,-0.412912,-1.515569,-0.077207,-4.129122,-549.250793,-0.411655,0.000000
44.430000,-0.351517,-549.250793,-0.012197,-0.016252,-0.412791,-1.563625,-0.079655,-4.127908,-549.250793,-0.411481,0.000000
44.440002,-0.348907,-549.339722,-0.012249,-0.016248,-0.412687,-1.552018,-0.079064,-4.126867,-549.339722,-0.411325,0.000000
44.450001,-0.333267,-549.206299,-0.012258,-0.016244,-0.412609,-1.482447,-0.075519,-4.126087,-549.206299,-0.411152,0.000000
44.460003,-0.332520,-549.295288,-0.012258,-0.016239,-0.412470,-1.479121,-0.075350,-4.124699,-549.295288,-0.410978,0.000000
44.470001,-0.332520,-549.295288,-0.012197,-0.016230,-0.412253,-1.479121,-0.075350,-4.122531,-549.295288,-0.410822,0.000000
44.480003,-0.313156,-549.250793,-0.012210,-0.016220,-0.411993,-1.392988,-0.070962,-4.119929,-549.250793,-0.410649,0.000000
44.490002,-0.316513,-549.339722,-0.012184,-0.016211,-0.411759,-1.407920,-0.071723,-4.117588,-549.339722,-0.410493,0.000000
44.500004,-0.308685,-549.206299,-0.012210,-0.016204,-0.411577,-1.373101,-0.069949,-4.115767,-549.206299,-0.410319,0.000000
44.510002,-0.311676,-549.339722,-0.012271,-0.016195,-0.411351,-1.386404,-0.070627,-4.113512,-549.339722,-0.410146,0.000000
44.520000,-0.306458,-549.295288,-0.012301,-0.016185,-0.411108,-1.363191,-0.069444,-4.111084,-549.295288,-0.409990,0.000000
44.530003,-0.290817,-549.295288,-0.012271,-0.016179,-0.410944,-1.293620,-0.065900,-4.109436,-549.295288,-0.409816,0.000000
44.540001,-0.297150,-549.339722,-0.012292,-0.016173,-0.410787,-1.321788,-0.067335,-4.107875,-549.339722,-0.409660,0.000000
44.550003,-0.288208,-549.161804,-0.012292,-0.016166,-0.410605,-1.282013,-0.065309,-4.106054,-549.161804,-0.409487,0.000000
44.560001,-0.301620,-549.339722,-0.012258,-0.016159,-0.410432,-1.341675,-0.068348,-4.104319,-549.339722,-0.409313,0.000000
44.570004,-0.300491,-549.250793,-0.012202,-0.016153,-0.410293,-1.336652,-0.068092,-4.102931,-549.250793,-0.409157,0.000000
44.580002,-0.319122,-549.250793,-0.012180,-0.016148,-0.410154,-1.419527,-0.072314,-4.101544,-549.250793,-0.408984,0.000000
44.590004,-0.329544,-549.384216,-0.012202,-0.016142,-0.410016,-1.465885,-0.074676,-4.100156,-549.384216,-0.408828,0.000000
44.600002,-0.331406,-549.161804,-0.012215,-0.016136,-0.409842,-1.474166,-0.075098,-4.098422,-549.161804,-0.408654,0.000000
44.610001,-0.333633,-549.339722,-0.012305,-0.016129,-0.409686,-1.484076,-0.075602,-4.096861,-549.339722,-0.408481,0.000000
44.620003,-0.328796,-549.206299,-0.012292,-0.016124,-0.409556,-1.462559,-0.074506,-4.095560,-549.206299,-0.408325,0.000000
44.630001,-0.319489,-549.250793,-0.012296,-0.016120,-0.409443,-1.421156,-0.072397,-4.094433,-549.250793,-0.408151,0.000000
44.640003,-0.318375,-549.339722,-0.012301,-0.016113,-0.409279,-1.416201,-0.072145,-4.092785,-549.339722,-0.407995,0.000000
44.650002,-0.319489,-549.295288,-0.012296,-0.016106,-0.409096,-1.421156,-0.072397,-4.090964,-549.295288,-0.407822,0.000000
44.660004,-0.317261,-549.384216,-0.012288,-0.016100,-0.408932,-1.411246,-0.071892,-4.089316,-549.384216,-0.407648,0.000000
44.670002,-0.314651,-549.295288,-0.012305,-0.016094,-0.408784,-1.399640,-0.071301,-4.087842,-549.295288,-0.407492,0.000000
44.680000,-0.307205,-549.250793,-0.012279,-0.016088,-0.408637,-1.366517,-0.069614,-4.086368,-549.250793,-0.407319,0.000000
44.690002,-0.292679,-549.339722,-0.012288,-0.016083,-0.408498,-1.301901,-0.066322,-4.084980,-549.339722,-0.407162,0.000000
44.700001,-0.288956,-549.250793,-0.012249,-0.016076,-0.408333,-1.285339,-0.065478,-4.083333,-549.250793,-0.406989,0.000000
44.710003,-0.285233,-549.339722,-0.012210,-0.016069,-0.408160,-1.268778,-0.064635,-4.081598,-549.339722,-0.406816,0.000000
44.720001,-0.293793,-549.206299,-0.012206,-0.016061,-0.407943,-1.306855,-0.066574,-4.079430,-549.206299,-0.406659,0.000000
44.730003,-0.297516,-549.250793,-0.012163,-0.016052,-0.407726,-1.323417,-0.067418,-4.077261,-549.250793,-0.406486,0.000000
44.740002,-0.290436,-549.339722,-0.012206,-0.016045,-0.407544,-1.291923,-0.065814,-4.075440,-549.339722,-0.406330,0.000000
44.750004,-0.292313,-549.250793,-0.012292,-0.016038,-0.407371,-1.300272,-0.066239,-4.073706,-549.250793,-0.406157,0.000000
44.760002,-0.285980,-549.428711,-0.012296,-0.016031,-0.407189,-1.272104,-0.064804,-4.071885,-549.428711,-0.405983,0.000000
44.770000,-0.299377,-549.295288,-0.012322,-0.016024,-0.406998,-1.331697,-0.067840,-4.069977,-549.295288,-0.405827,0.000000
44.780003,-0.321350,-549.295288,-0.012296,-0.016017,-0.406842,-1.429437,-0.072819,-4.068416,-549.295288,-0.405653,0.000000
44.790001,-0.324326,-549.384216,-0.012275,-0.016013,-0.406738,-1.442672,-0.073493,-4.067375,-549.384216,-0.405497,0.000000
44.800003,-0.329910,-549.206299,-0.012314,-0.016010,-0.406659,-1.467514,-0.074759,-4.066595,-549.206299,-0.405324,0.000000
44.810001,-0.331039,-549.339722,-0.012305,-0.016006,-0.406547,-1.472537,-0.075015,-4.065467,-549.339722,-0.405151,0.000000
44.820004,-0.320602,-549.206299,-0.012309,-0.016001,-0.406417,-1.426111,-0.072650,-4.064167,-549.206299,-0.404994,0.000000
44.830002,-0.331039,-549.250793,-0.012275,-0.015994,-0.406243,-1.472537,-0.075015,-4.062432,-549.250793,-0.404821,0.000000
44.840004,-0.316879,-549.339722,-0.012275,-0.015986,-0.406052,-1.409549,-0.071806,-4.060524,-549.339722,-0.404647,0.000000
44.850002,-0.313538,-549.206299,-0.012193,-0.015977,-0.405827,-1.394685,-0.071049,-4.058270,-549.206299,-0.404491,0.000000
44.860001,-0.311295,-549.384216,-0.012215,-0.015970,-0.405627,-1.384707,-0.070540,-4.056275,-549.384216,-0.404318,0.000000
44.870003,-0.316879,-549.295288,-0.012206,-0.015963,-0.405454,-1.409549,-0.071806,-4.054540,-549.295288,-0.404162,0.000000
44.880001,-0.313904,-549.250793,-0.012184,-0.015958,-0.405324,-1.396314,-0.071132,-4.053240,-549.250793,-0.403988,0.000000
44.890003,-0.295654,-549.295288,-0.012245,-0.015953,-0.405194,-1.315136,-0.066996,-4.051939,-549.295288,-0.403815,0.000000
44.900002,-0.296036,-549.250793,-0.012223,-0.015947,-0.405046,-1.316833,-0.067083,-4.050465,-549.250793,-0.403659,0.000000
44.910004,-0.284119,-549.384216,-0.012210,-0.015941,-0.404908,-1.263823,-0.064382,-4.049077,-549.384216,-0.403485,0.000000
44.920002,-0.290436,-549.295288,-0.012266,-0.015935,-0.404760,-1.291923,-0.065814,-4.047603,-549.295288,-0.403329,0.000000
44.930000,-0.300491,-549.250793,-0.012318,-0.015928,-0.404578,-1.336652,-0.068092,-4.045782,-549.250793,-0.403156,0.000000
44.940002,-0.292679,-549.339722,-0.012327,-0.015919,-0.404353,-1.301901,-0.066322,-4.043527,-549.339722,-0.402982,0.000000
44.950001,-0.297516,-549.250793,-0.012292,-0.015910,-0.404110,-1.323417,-0.067418,-4.041098,-549.250793,-0.402826,0.000000
44.960003,-0.309799,-549.384216,-0.012340,-0.015902,-0.403910,-1.378056,-0.070202,-4.039104,-549.384216,-0.402653,0.000000
44.970001,-0.318741,-549.250793,-0.012340,-0.015896,-0.403754,-1.417830,-0.072228,-4.037543,-549.250793,-0.402497,0.000000
44.980003,-0.329544,-549.295288,-0.012301,-0.015889,-0.403589,-1.465885,-0.074676,-4.035895,-549.295288,-0.402323,0.000000
44.990002,-0.325439,-549.339722,-0.012296,-0.015883,-0.403416,-1.447627,-0.073746,-4.034161,-549.339722,-0.402150,0.000000
45.000004,-0.332901,-549.250793,-0.012271,-0.015876,-0.403243,-1.480818,-0.075436,-4.032426,-549.250793,-0.401994,0.000000
45.010002,-0.328430,-549.384216,-0.012202,-0.015870,-0.403104,-1.460930,-0.074423,-4.031038,-549.384216,-0.401820,0.000000
45.020000,-0.330292,-549.250793,-0.012219,-0.015865,-0.402974,-1.469211,-0.074845,-4.029738,-549.250793,-0.401664,0.000000
45.030003,-0.319855,-549.250793,-0.012184,-0.015859,-0.402818,-1.422785,-0.072480,-4.028177,-549.250793,-0.401491,0.000000
45.040001,-0.323959,-549.339722,-0.012167,-0.015852,-0.402636,-1.441043,-0.073410,-4.026356,-549.339722,-0.401317,0.000000
45.050003,-0.315018,-549.206299,-0.012197,-0.015844,-0.402445,-1.401269,-0.071384,-4.024447,-549.206299,-0.401161,0.000000
45.060001,-0.319855,-549.384216,-0.012189,-0.015837,-0.402254,-1.422785,-0.072480,-4.022540,-549.384216,-0.400988,0.000000
45.070004,-0.311676,-549.250793,-0.012262,-0.015832,-0.402124,-1.386404,-0.070627,-4.021239,-549.250793,-0.400832,0.000000
45.080002,-0.310928,-549.339722,-0.012314,-0.015826,-0.401976,-1.383078,-0.070457,-4.019765,-549.339722,-0.400658,0.000000
45.090004,-0.316132,-549.339722,-0.012296,-0.015820,-0.401829,-1.406224,-0.071636,-4.018291,-549.339722,-0.400485,0.000000
45.100002,-0.303482,-549.250793,-0.012279,-0.015814,-0.401673,-1.349956,-0.068770,-4.016729,-549.250793,-0.400329,0.000000
45.110001,-0.310547,-549.295288,-0.012262,-0.015808,-0.401525,-1.381382,-0.070371,-4.015255,-549.295288,-0.400155,0.000000
45.120003,-0.319122,-549.206299,-0.012292,-0.015801,-0.401352,-1.419527,-0.072314,-4.013521,-549.206299,-0.399999,0.000000
45.130001,-0.302734,-549.250793,-0.012288,-0.015796,-0.401213,-1.346630,-0.068601,-4.012133,-549.250793,-0.399826,0.000000
45.140003,-0.312408,-549.384216,-0.012292,-0.015788,-0.401014,-1.389662,-0.070793,-4.010139,-549.384216,-0.399652,0.000000
45.150002,-0.310181,-549.250793,-0.012245,-0.015777,-0.400745,-1.379753,-0.070288,-4.007450,-549.250793,-0.399496,0.000000
45.160004,-0.330292,-549.384216,-0.012227,-0.015768,-0.400502,-1.469211,-0.074845,-4.005022,-549.384216,-0.399323,0.000000
45.170002,-0.346664,-549.206299,-0.012206,-0.015761,-0.400320,-1.542040,-0.078555,-4.003201,-549.206299,-0.399167,0.000000
45.180000,-0.341461,-549.295288,-0.012189,-0.015756,-0.400190,-1.518895,-0.077376,-4.001900,-549.295288,-0.398993,0.000000
45.190002,-0.348907,-549.339722,-0.012206,-0.015751,-0.400086,-1.552018,-0.079064,-4.000859,-549.339722,-0.398820,0.000000
45.200001,-0.347794,-549.161804,-0.012215,-0.015747,-0.399982,-1.547063,-0.078811,-3.999818,-549.161804,-0.398664,0.000000
45.210003,-0.358215,-549.295288,-0.012171,-0.015744,-0.399886,-1.593421,-0.081173,-3.998864,-549.295288,-0.398490,0.000000
45.220001,-0.354858,-549.250793,-0.012184,-0.015738,-0.399756,-1.578489,-0.080412,-3.997563,-549.250793,-0.398317,0.000000
45.230003,-0.347046,-549.295288,-0.012184,-0.015730,-0.399540,-1.543737,-0.078642,-3.995396,-549.295288,-0.398161,0.000000
45.240002,-0.335495,-549.295288,-0.012189,-0.015721,-0.399314,-1.492356,-0.076024,-3.993141,-549.295288,-0.397987,0.000000
45.250004,-0.334015,-549.250793,-0.012189,-0.015714,-0.399123,-1.485772,-0.075689,-3.991233,-549.250793,-0.397831,0.000000
45.260002,-0.345184,-549.384216,-0.012215,-0.015707,-0.398950,-1.535457,-0.078220,-3.989498,-549.384216,-0.397658,0.000000
45.270000,-0.322098,-549.339722,-0.012227,-0.015702,-0.398820,-1.432763,-0.072988,-3.988198,-549.339722,-0.397484,0.000000
45.280003,-0.318375,-549.250793,-0.012284,-0.015697,-0.398698,-1.416201,-0.072145,-3.986984,-549.250793,-0.397328,0.000000
45.290001,-0.323959,-549.384216,-0.012309,-0.015692,-0.398586,-1.441043,-0.073410,-3.985856,-549.384216,-0.397155,0.000000
45.300003,-0.317993,-549.250793,-0.012327,-0.015689,-0.398490,-1.414504,-0.072058,-3.984902,-549.250793,-0.396999,0.000000
45.310001,-0.325073,-549.339722,-0.012309,-0.015684,-0.398377,-1.445998,-0.073663,-3.983775,-549.339722,-0.396825,0.000000
45.320004,-0.340714,-549.295288,-0.012305,-0.015676,-0.398161,-1.515569,-0.077207,-3.981607,-549.295288,-0.396652,0.000000
45.330002,-0.342941,-549.295288,-0.012262,-0.015665,-0.397901,-1.525479,-0.077712,-3.979005,-549.295288,-0.396496,0.000000
45.340004,-0.331772,-549.339722,-0.012322,-0.015656,-0.397658,-1.475795,-0.075181,-3.976577,-549.339722,-0.396322,0.000000
45.350002,-0.327301,-549.250793,-0.012309,-0.015648,-0.397450,-1.455908,-0.074167,-3.974495,-549.250793,-0.396166,0.000000
45.360001,-0.338486,-549.339722,-0.012318,-0.015642,-0.397302,-1.505660,-0.076702,-3.973021,-549.339722,-0.395993,0.000000
45.370003,-0.345932,-549.250793,-0.012309,-0.015637,-0.397181,-1.538782,-0.078389,-3.971807,-549.250793,-0.395819,0.000000
45.380001,-0.344803,-549.295288,-0.012292,-0.015633,-0.397077,-1.533760,-0.078133,-3.970766,-549.295288,-0.395663,0.000000
45.390003,-0.351135,-549.339722,-0.012266,-0.015628,-0.396964,-1.561928,-0.079568,-3.969639,-549.339722,-0.395490,0.000000
45.400002,-0.356354,-549.206299,-0.012176,-0.015623,-0.396816,-1.585141,-0.080751,-3.968164,-549.206299,-0.395333,0.000000
45.410004,-0.352997,-549.384216,-0.012154,-0.015618,-0.396686,-1.570208,-0.079990,-3.966864,-549.384216,-0.395160,0.000000
45.420002,-0.350403,-549.295288,-0.012180,-0.015613,-0.396565,-1.558670,-0.079402,-3.965650,-549.295288,-0.394987,0.000000
45.430000,-0.346664,-549.295288,-0.012167,-0.015607,-0.396409,-1.542040,-0.078555,-3.964089,-549.295288,-0.394831,0.000000
45.440002,-0.337738,-549.339722,-0.012193,-0.015602,-0.396287,-1.502334,-0.076533,-3.962874,-549.339722,-0.394657,0.000000
45.450001,-0.333267,-549.295288,-0.012266,-0.015595,-0.396114,-1.482447,-0.075519,-3.961140,-549.295288,-0.394501,0.000000
45.460003,-0.337738,-549.339722,-0.012279,-0.015585,-0.395871,-1.502334,-0.076533,-3.958712,-549.339722,-0.394328,0.000000
45.470001,-0.330292,-549.295288,-0.012271,-0.015575,-0.395594,-1.469211,-0.074845,-3.955937,-549.295288,-0.394154,0.000000
45.480003,-0.311295,-549.295288,-0.012301,-0.015564,-0.395316,-1.384707,-0.070540,-3.953162,-549.295288,-0.393998,0.000000
45.490002,-0.318741,-549.384216,-0.012284,-0.015554,-0.395082,-1.417830,-0.072228,-3.950820,-549.384216,-0.393825,0.000000
45.500004,-0.328430,-549.250793,-0.012249,-0.015546,-0.394874,-1.460930,-0.074423,-3.948739,-549.250793,-0.393668,0.000000
45.510002,-0.323578,-549.384216,-0.012240,-0.015539,-0.394683,-1.439346,-0.073324,-3.946831,-549.384216,-0.393495,0.000000
45.520000,-0.320602,-549.295288,-0.012215,-0.015531,-0.394492,-1.426111,-0.072650,-3.944923,-549.295288,-0.393322,0.000000
45.530003,-0.316132,-549.295288,-0.012202,-0.015525,-0.394336,-1.406224,-0.071636,-3.943362,-549.295288,-0.393165,0.000000
45.540001,-0.319489,-549.384216,-0.012176,-0.015520,-0.394206,-1.421156,-0.072397,-3.942061,-549.384216,-0.392992,0.000000
45.550003,-0.342209,-549.250793,-0.012176,-0.015515,-0.394093,-1.522221,-0.077546,-3.940934,-549.250793,-0.392836,0.000000
45.560001,-0.367157,-549.339722,-0.012206,-0.015511,-0.393981,-1.633196,-0.083199,-3.939806,-549.339722,-0.392662,0.000000
45.570004,-0.364166,-549.295288,-0.012193,-0.015505,-0.393825,-1.619892,-0.082521,-3.938246,-549.295288,-0.392489,0.000000
45.580002,-0.356354,-549.295288,-0.012215,-0.015498,-0.393660,-1.585141,-0.080751,-3.936598,-549.295288,-0.392333,0.000000
45.590004,-0.347794,-549.384216,-0.012245,-0.015494,-0.393538,-1.547063,-0.078811,-3.935384,-549.384216,-0.392159,0.000000
45.600002,-0.336243,-549.295288,-0.012322,-0.015491,-0.393469,-1.495682,-0.076194,-3.934690,-549.295288,-0.391986,0.000000
45.610001,-0.366776,-549.473206,-0.012331,-0.015487,-0.393374,-1.631499,-0.083113,-3.933736,-549.473206,-0.391830,0.000000
45.620003,-0.368271,-549.295288,-0.012335,-0.015482,-0.393252,-1.638151,-0.083451,-3.932522,-549.295288,-0.391656,0.000000
45.630001,-0.337738,-549.339722,-0.012284,-0.015477,-0.393113,-1.502334,-0.076533,-3.931134,-549.339722,-0.391500,0.000000
45.640003,-0.336624,-549.339722,-0.012275,-0.015470,-0.392931,-1.497379,-0.076280,-3.929313,-549.339722,-0.391327,0.000000
45.650002,-0.342209,-549.250793,-0.012245,-0.015460,-0.392688,-1.522221,-0.077546,-3.926885,-549.250793,-0.391153,0.000000
45.660004,-0.331772,-549.339722,-0.012271,-0.015450,-0.392420,-1.475795,-0.075181,-3.924196,-549.339722,-0.390997,0.000000
45.670002,-0.317627,-549.295288,-0.012245,-0.015440,-0.392177,-1.412875,-0.071975,-3.921768,-549.295288,-0.390824,0.000000
45.680000,-0.310181,-549.295288,-0.012279,-0.015431,-0.391960,-1.379753,-0.070288,-3.919600,-549.295288,-0.390668,0.000000
45.690002,-0.327682,-549.384216,-0.012284,-0.015423,-0.391743,-1.457605,-0.074254,-3.917432,-549.384216,-0.390494,0.000000
45.700001,-0.335129,-549.295288,-0.012340,-0.015415,-0.391552,-1.490727,-0.075941,-3.915524,-549.295288,-0.390321,0.000000
45.710003,-0.329163,-549.339722,-0.012296,-0.015410,-0.391405,-1.464188,-0.074589,-3.914050,-549.339722,-0.390165,0.000000
45.720001,-0.336243,-549.250793,-0.012301,-0.015403,-0.391240,-1.495682,-0.076194,-3.912402,-549.250793,-0.389991,0.000000
45.730003,-0.343323,-549.295288,-0.012284,-0.015396,-0.391058,-1.527176,-0.077798,-3.910581,-549.295288,-0.389835,0.000000
45.740002,-0.337357,-549.384216,-0.012253,-0.015390,-0.390902,-1.500637,-0.076446,-3.909020,-549.384216,-0.389662,0.000000
45.750004,-0.364166,-549.295288,-0.012197,-0.015384,-0.390755,-1.619892,-0.082521,-3.907545,-549.295288,-0.389488,0.000000
45.760002,-0.375351,-549.428711,-0.012197,-0.015379,-0.390633,-1.669644,-0.085056,-3.906331,-549.428711,-0.389332,0.000000
45.770000,-0.379440,-549.295288,-0.012223,-0.015375,-0.390529,-1.687835,-0.085982,-3.905291,-549.295288,-0.389159,0.000000
45.780003,-0.371628,-549.339722,-0.012245,-0.015370,-0.390399,-1.653083,-0.084212,-3.903990,-549.339722,-0.389003,0.000000
45.790001,-0.369385,-549.384216,-0.012301,-0.015363,-0.390226,-1.643106,-0.083704,-3.902256,-549.384216,-0.388829,0.000000
45.800003,-0.371246,-549.295288,-0.012340,-0.015355,-0.390026,-1.651386,-0.084126,-3.900261,-549.295288,-0.388656,0.000000
45.810001,-0.358963,-549.384216,-0.012309,-0.015346,-0.389801,-1.596747,-0.081342,-3.898006,-549.384216,-0.388500,0.000000
45.820004,-0.347794,-549.206299,-0.012322,-0.015339,-0.389618,-1.547063,-0.078811,-3.896185,-549.206299,-0.388326,0.000000
45.830002,-0.334763,-549.295288,-0.012292,-0.015334,-0.389488,-1.489098,-0.075858,-3.894884,-549.295288,-0.388170,0.000000
45.840004,-0.336624,-549.339722,-0.012331,-0.015329,-0.389367,-1.497379,-0.076280,-3.893670,-549.339722,-0.387997,0.000000
45.850002,-0.335129,-549.250793,-0.012309,-0.015323,-0.389202,-1.490727,-0.075941,-3.892022,-549.250793,-0.387823,0.000000
45.860001,-0.328796,-549.339722,-0.012292,-0.015314,-0.388985,-1.462559,-0.074506,-3.889854,-549.339722,-0.387667,0.000000
45.870003,-0.322845,-549.250793,-0.012258,-0.015307,-0.388795,-1.436088,-0.073158,-3.887946,-549.250793,-0.387494,0.000000
45.880001,-0.331406,-549.339722,-0.012258,-0.015300,-0.388613,-1.474166,-0.075098,-3.886125,-549.339722,-0.387338,0.000000
45.890003,-0.342941,-549.384216,-0.012245,-0.015294,-0.388465,-1.525479,-0.077712,-3.884651,-549.384216,-0.387164,0.000000
45.900002,-0.339966,-549.295288,-0.012193,-0.015288,-0.388326,-1.512244,-0.077037,-3.883263,-549.295288,-0.386991,0.000000
45.910004,-0.353378,-549.428711,-0.012167,-0.015282,-0.388153,-1.571905,-0.080077,-3.881529,-549.428711,-0.386835,0.000000
45.920002,-0.354126,-549.339722,-0.012176,-0.015275,-0.387988,-1.575231,-0.080246,-3.879881,-549.339722,-0.386661,0.000000
45.930000,-0.347046,-549.339722,-0.012167,-0.015269,-0.387841,-1.543737,-0.078642,-3.878407,-549.339722,-0.386505,0.000000
45.940002,-0.351135,-549.384216,-0.012193,-0.015263,-0.387676,-1.561928,-0.079568,-3.876759,-549.384216,-0.386332,0.000000
45.950001,-0.374603,-549.250793,-0.012266,-0.015256,-0.387511,-1.666319,-0.084886,-3.875111,-549.250793,-0.386158,0.000000
45.960003,-0.363434,-549.339722,-0.012327,-0.015251,-0.387372,-1.616634,-0.082355,-3.873724,-549.339722,-0.386002,0.000000
45.970001,-0.361938,-549.295288,-0.012288,-0.015245,-0.387225,-1.609983,-0.082016,-3.872249,-549.295288,-0.385829,0.000000
45.980003,-0.364914,-549.295288,-0.012301,-0.015240,-0.387086,-1.623218,-0.082691,-3.870862,-549.295288,-0.385655,0.000000
45.990002,-0.368637,-549.428711,-0.012314,-0.015233,-0.386930,-1.639780,-0.083534,-3.869301,-549.428711,-0.385499,0.000000
46.000004,-0.358582,-549.339722,-0.012305,-0.015226,-0.386739,-1.595050,-0.081256,-3.867393,-549.339722,-0.385326,0.000000
46.010002,-0.356720,-549.384216,-0.012288,-0.015217,-0.386505,-1.586770,-0.080834,-3.865052,-549.384216,-0.385170,0.000000
46.020000,-0.342209,-549.250793,-0.012219,-0.015207,-0.386262,-1.522221,-0.077546,-3.862623,-549.250793,-0.384996,0.000000
46.030003,-0.342941,-549.339722,-0.012193,-0.015201,-0.386106,-1.525479,-0.077712,-3.861062,-549.339722,-0.384823,0.000000
46.040001,-0.334015,-549.384216,-0.012223,-0.015197,-0.385993,-1.485772,-0.075689,-3.859935,-549.384216,-0.384667,0.000000
46.050003,-0.326569,-549.250793,-0.012253,-0.015190,-0.385820,-1.452650,-0.074001,-3.858200,-549.250793,-0.384493,0.000000
46.060001,-0.316132,-549.384216,-0.012275,-0.015183,-0.385647,-1.406224,-0.071636,-3.856466,-549.384216,-0.384337,0.000000
46.070004,-0.326187,-549.295288,-0.012314,-0.015176,-0.385473,-1.450953,-0.073915,-3.854732,-549.295288,-0.384164,0.000000
46.080002,-0.336624,-549.339722,-0.012249,-0.015168,-0.385274,-1.497379,-0.076280,-3.852737,-549.339722,-0.383990,0.000000
46.090004,-0.350769,-549.339722,-0.012202,-0.015161,-0.385083,-1.560299,-0.079485,-3.850829,-549.339722,-0.383834,0.000000
46.100002,-0.339600,-549.295288,-0.012158,-0.015154,-0.384918,-1.510615,-0.076954,-3.849181,-549.295288,-0.383661,0.000000
46.110001,-0.345932,-549.384216,-0.012240,-0.015149,-0.384779,-1.538782,-0.078389,-3.847794,-549.384216,-0.383505,0.000000
46.120003,-0.346298,-549.295288,-0.012301,-0.015144,-0.384667,-1.540411,-0.078472,-3.846666,-549.295288,-0.383331,0.000000
46.130001,-0.340347,-549.250793,-0.012296,-0.015138,-0.384502,-1.513940,-0.077124,-3.845018,-549.250793,-0.383158,0.000000
46.140003,-0.348160,-549.384216,-0.012288,-0.015130,-0.384294,-1.548692,-0.078894,-3.842937,-549.384216,-0.383002,0.000000
46.150002,-0.362305,-549.295288,-0.012318,-0.015122,-0.384103,-1.611612,-0.082099,-3.841029,-549.295288,-0.382828,0.000000
46.160004,-0.364914,-549.384216,-0.012309,-0.015116,-0.383938,-1.623218,-0.082691,-3.839382,-549.384216,-0.382672,0.000000
46.170002,-0.373489,-549.295288,-0.012309,-0.015108,-0.383747,-1.661364,-0.084634,-3.837474,-549.295288,-0.382499,0.000000
46.180000,-0.376083,-549.295288,-0.012314,-0.015100,-0.383548,-1.672902,-0.085222,-3.835479,-549.295288,-0.382325,0.000000
46.190002,-0.371246,-549.384216,-0.012275,-0.015091,-0.383322,-1.651386,-0.084126,-3.833224,-549.384216,-0.382169,0.000000
46.200001,-0.351517,-549.295288,-0.012305,-0.015084,-0.383140,-1.563625,-0.079655,-3.831403,-549.295288,-0.381996,0.000000
46.210003,-0.313904,-549.339722,-0.012279,-0.015080,-0.383036,-1.396314,-0.071132,-3.830362,-549.339722,-0.381839,0.000000
46.220001,-0.304596,-549.339722,-0.012236,-0.015080,-0.383028,-1.354910,-0.069022,-3.830276,-549.339722,-0.381666,0.000000
46.230003,-0.323212,-549.339722,-0.012206,-0.015078,-0.382984,-1.437717,-0.073241,-3.829842,-549.339722,-0.381493,0.000000
46.240002,-0.332901,-549.428711,-0.012215,-0.015074,-0.382871,-1.480818,-0.075436,-3.828715,-549.428711,-0.381336,0.000000
46.250004,-0.323578,-549.250793,-0.012206,-0.015067,-0.382707,-1.439346,-0.073324,-3.827067,-549.250793,-0.381163,0.000000
46.260002,-0.313904,-549.428711,-0.012210,-0.015057,-0.382455,-1.396314,-0.071132,-3.824552,-549.428711,-0.381007,0.000000
46.270000,-0.310928,-549.339722,-0.012176,-0.015047,-0.382186,-1.383078,-0.070457,-3.821864,-549.339722,-0.380833,0.000000
46.280003,-0.313538,-549.295288,-0.012180,-0.015038,-0.381961,-1.394685,-0.071049,-3.819609,-549.295288,-0.380660,0.000000
46.290001,-0.323212,-549.339722,-0.012215,-0.015031,-0.381787,-1.437717,-0.073241,-3.817874,-549.339722,-0.380504,0.000000
46.300003,-0.325439,-549.339722,-0.012223,-0.015026,-0.381657,-1.447627,-0.073746,-3.816574,-549.339722,-0.380330,0.000000
46.310001,-0.326935,-549.384216,-0.012253,-0.015021,-0.381545,-1.454279,-0.074084,-3.815446,-549.384216,-0.380174,0.000000
46.320004,-0.333267,-549.339722,-0.012296,-0.015015,-0.381389,-1.482447,-0.075519,-3.813885,-549.339722,-0.380001,0.000000
46.330002,-0.324326,-549.295288,-0.012309,-0.015007,-0.381189,-1.442672,-0.073493,-3.811891,-549.295288,-0.379827,0.000000
46.340004,-0.336624,-549.384216,-0.012318,-0.015000,-0.380990,-1.497379,-0.076280,-3.809896,-549.384216,-0.379671,0.000000
46.350002,-0.345551,-549.295288,-0.012301,-0.014993,-0.380825,-1.537086,-0.078303,-3.808248,-549.295288,-0.379498,0.000000
46.360001,-0.347412,-549.384216,-0.012305,-0.014987,-0.380669,-1.545366,-0.078725,-3.806687,-549.384216,-0.379324,0.000000
46.370003,-0.351135,-549.295288,-0.012266,-0.014980,-0.380504,-1.561928,-0.079568,-3.805039,-549.295288,-0.379168,0.000000
46.380001,-0.343689,-549.339722,-0.012245,-0.014973,-0.380304,-1.528805,-0.077881,-3.803045,-549.339722,-0.378995,0.000000
46.390003,-0.342575,-549.428711,-0.012258,-0.014964,-0.380096,-1.523850,-0.077629,-3.800963,-549.428711,-0.378839,0.000000
46.400002,-0.329910,-549.250793,-0.012219,-0.014957,-0.379906,-1.467514,-0.074759,-3.799056,-549.250793,-0.378665,0.000000
46.410004,-0.314651,-549.428711,-0.012171,-0.014951,-0.379767,-1.399640,-0.071301,-3.797668,-549.428711,-0.378492,0.000000
46.420002,-0.325073,-549.295288,-0.012189,-0.014947,-0.379645,-1.445998,-0.073663,-3.796454,-549.295288,-0.378336,0.000000
46.430000,-0.326935,-549.295288,-0.012227,-0.014944,-0.379567,-1.454279,-0.074084,-3.795673,-549.295288,-0.378162,0.000000
46.440002,-0.317993,-549.384216,-0.012249,-0.014937,-0.379403,-1.414504,-0.072058,-3.794026,-549.384216,-0.378006,0.000000
46.450001,-0.317261,-549.295288,-0.012258,-0.014929,-0.379194,-1.411246,-0.071892,-3.791944,-549.295288,-0.377833,0.000000
46.460003,-0.316879,-549.428711,-0.012275,-0.014919,-0.378952,-1.409549,-0.071806,-3.789516,-549.428711,-0.377659,0.000000
46.470001,-0.334015,-549.295288,-0.012309,-0.014910,-0.378726,-1.485772,-0.075689,-3.787261,-549.295288,-0.377503,0.000000
46.480003,-0.321716,-549.339722,-0.012327,-0.014905,-0.378587,-1.431066,-0.072902,-3.785874,-549.339722,-0.377330,0.000000
46.490002,-0.331039,-549.428711,-0.012305,-0.014899,-0.378431,-1.472537,-0.075015,-3.784313,-549.428711,-0.377174,0.000000
46.500004,-0.325821,-549.295288,-0.012318,-0.014892,-0.378249,-1.449324,-0.073832,-3.782491,-549.295288,-0.377000,0.000000
46.510002,-0.326187,-549.384216,-0.012331,-0.014885,-0.378067,-1.450953,-0.073915,-3.780670,-549.384216,-0.376827,0.000000
46.520000,-0.342209,-549.295288,-0.012296,-0.014878,-0.377902,-1.522221,-0.077546,-3.779023,-549.295288,-0.376671,0.000000
46.530003,-0.345184,-549.250793,-0.012262,-0.014872,-0.377755,-1.535457,-0.078220,-3.777549,-549.250793,-0.376497,0.000000
46.540001,-0.347412,-549.384216,-0.012215,-0.014866,-0.377607,-1.545366,-0.078725,-3.776074,-549.384216,-0.376341,0.000000
46.550003,-0.357849,-549.295288,-0.012189,-0.014860,-0.377451,-1.591792,-0.081090,-3.774513,-549.295288,-0.376168,0.000000
46.560001,-0.355240,-549.428711,-0.012158,-0.014855,-0.377321,-1.580186,-0.080499,-3.773212,-549.428711,-0.375994,0.000000
46.570004,-0.353378,-549.339722,-0.012210,-0.014850,-0.377191,-1.571905,-0.080077,-3.771911,-549.339722,-0.375838,0.000000
46.580002,-0.336990,-549.339722,-0.012232,-0.014846,-0.377078,-1.499008,-0.076363,-3.770784,-549.339722,-0.375665,0.000000
46.590004,-0.340347,-549.384216,-0.012314,-0.014839,-0.376922,-1.513940,-0.077124,-3.769223,-549.384216,-0.375509,0.000000
46.600002,-0.315018,-549.250793,-0.012318,-0.014832,-0.376723,-1.401269,-0.071384,-3.767229,-549.250793,-0.375335,0.000000
46.610001,-0.323212,-549.384216,-0.012266,-0.014822,-0.376489,-1.437717,-0.073241,-3.764887,-549.384216,-0.375162,0.000000
46.620003,-0.315765,-549.295288,-0.012284,-0.014814,-0.376281,-1.404595,-0.071553,-3.762806,-549.295288,-0.375006,0.000000
46.630001,-0.301620,-549.384216,-0.012309,-0.014809,-0.376142,-1.341675,-0.068348,-3.761418,-549.384216,-0.374832,0.000000
46.640003,-0.304596,-549.428711,-0.012335,-0.014802,-0.375968,-1.354910,-0.069022,-3.759684,-549.428711,-0.374676,0.000000
46.650002,-0.309799,-549.295288,-0.012361,-0.014792,-0.375717,-1.378056,-0.070202,-3.757169,-549.295288,-0.374503,0.000000
46.660004,-0.299759,-549.384216,-0.012266,-0.014783,-0.375491,-1.333394,-0.067926,-3.754914,-549.384216,-0.374329,0.000000
46.670002,-0.290817,-549.339722,-0.012215,-0.014776,-0.375318,-1.293620,-0.065900,-3.753179,-549.339722,-0.374173,0.000000
46.680004,-0.299759,-549.295288,-0.012202,-0.014769,-0.375127,-1.333394,-0.067926,-3.751271,-549.295288,-0.374000,0.000000
46.690002,-0.303848,-549.428711,-0.012193,-0.014761,-0.374936,-1.351585,-0.068853,-3.749364,-549.428711,-0.373844,0.000000
46.700001,-0.301620,-549.295288,-0.012189,-0.014755,-0.374772,-1.341675,-0.068348,-3.747716,-549.295288,-0.373670,0.000000
46.710003,-0.329910,-549.428711,-0.012158,-0.014749,-0.374624,-1.467514,-0.074759,-3.746242,-549.428711,-0.373497,0.000000
46.720001,-0.334381,-549.339722,-0.012180,-0.014744,-0.374485,-1.487401,-0.075772,-3.744854,-549.339722,-0.373341,0.000000
46.730003,-0.325439,-549.384216,-0.012189,-0.014737,-0.374312,-1.447627,-0.073746,-3.743120,-549.384216,-0.373167,0.000000
46.740002,-0.315399,-549.384216,-0.012210,-0.014731,-0.374165,-1.402966,-0.071470,-3.741645,-549.384216,-0.372994,0.000000
46.750004,-0.316132,-549.250793,-0.012206,-0.014726,-0.374043,-1.406224,-0.071636,-3.740431,-549.250793,-0.372838,0.000000
46.760002,-0.330658,-549.339722,-0.012176,-0.014722,-0.373939,-1.470840,-0.074928,-3.739391,-549.339722,-0.372664,0.000000
46.770000,-0.327682,-549.295288,-0.012197,-0.014716,-0.373792,-1.457605,-0.074254,-3.737916,-549.295288,-0.372508,0.000000
46.780003,-0.312042,-549.339722,-0.012193,-0.014709,-0.373610,-1.388033,-0.070710,-3.736095,-549.339722,-0.372335,0.000000
46.790001,-0.304962,-549.339722,-0.012184,-0.014702,-0.373427,-1.356539,-0.069105,-3.734274,-549.339722,-0.372161,0.000000
46.800003,-0.310928,-549.295288,-0.012206,-0.014696,-0.373280,-1.383078,-0.070457,-3.732800,-549.295288,-0.372005,0.000000
46.810001,-0.303482,-549.473206,-0.012180,-0.014691,-0.373141,-1.349956,-0.068770,-3.731412,-549.473206,-0.371832,0.000000
46.820004,-0.299011,-549.295288,-0.012202,-0.014686,-0.373020,-1.330068,-0.067757,-3.730198,-549.295288,-0.371676,0.000000
46.830002,-0.282623,-549.339722,-0.012301,-0.014680,-0.372872,-1.257171,-0.064043,-3.728724,-549.339722,-0.371502,0.000000
46.840004,-0.275925,-549.384216,-0.012335,-0.014673,-0.372690,-1.227374,-0.062525,-3.726902,-549.384216,-0.371329,0.000000
46.850002,-0.281128,-549.295288,-0.012314,-0.014665,-0.372499,-1.250520,-0.063704,-3.724994,-549.295288,-0.371173,0.000000
46.860001,-0.289322,-549.384216,-0.012322,-0.014657,-0.372283,-1.286968,-0.065561,-3.722826,-549.384216,-0.370999,0.000000
46.870003,-0.296036,-549.295288,-0.012284,-0.014650,-0.372109,-1.316833,-0.067083,-3.721092,-549.295288,-0.370843,0.000000
46.880001,-0.293045,-549.384216,-0.012284,-0.014643,-0.371944,-1.303530,-0.066405,-3.719444,-549.384216,-0.370670,0.000000
46.890003,-0.296036,-549.428711,-0.012253,-0.014637,-0.371771,-1.316833,-0.067083,-3.717710,-549.428711,-0.370496,0.000000
46.900002,-0.292313,-549.295288,-0.012202,-0.014629,-0.371580,-1.300272,-0.066239,-3.715802,-549.295288,-0.370340,0.000000
46.910004,-0.312790,-549.473206,-0.012193,-0.014621,-0.371381,-1.391359,-0.070879,-3.713807,-549.473206,-0.370167,0.000000
46.920002,-0.323959,-549.295288,-0.012189,-0.014615,-0.371233,-1.441043,-0.073410,-3.712333,-549.295288,-0.370010,0.000000
46.930004,-0.335495,-549.295288,-0.012189,-0.014611,-0.371129,-1.492356,-0.076024,-3.711293,-549.295288,-0.369837,0.000000
46.940002,-0.333267,-549.339722,-0.012210,-0.014607,-0.371017,-1.482447,-0.075519,-3.710165,-549.339722,-0.369664,0.000000
46.950001,-0.322464,-549.295288,-0.012296,-0.014602,-0.370895,-1.434391,-0.073071,-3.708951,-549.295288,-0.369508,0.000000
46.960003,-0.333633,-549.428711,-0.012352,-0.014596,-0.370739,-1.484076,-0.075602,-3.707390,-549.428711,-0.369334,0.000000
46.970001,-0.317627,-549.339722,-0.012327,-0.014589,-0.370566,-1.412875,-0.071975,-3.705655,-549.339722,-0.369178,0.000000
46.980003,-0.309067,-549.295288,-0.012253,-0.014581,-0.370357,-1.374798,-0.070036,-3.703574,-549.295288,-0.369005,0.000000
46.990002,-0.300873,-549.384216,-0.012184,-0.014573,-0.370149,-1.338349,-0.068179,-3.701493,-549.384216,-0.368831,0.000000
47.000004,-0.307205,-549.339722,-0.012193,-0.014566,-0.369976,-1.366517,-0.069614,-3.699758,-549.339722,-0.368675,0.000000
47.010002,-0.304596,-549.428711,-0.012219,-0.014561,-0.369854,-1.354910,-0.069022,-3.698544,-549.428711,-0.368502,0.000000
47.020000,-0.291931,-549.339722,-0.012249,-0.014556,-0.369733,-1.298575,-0.066153,-3.697330,-549.339722,-0.368345,0.000000
47.030003,-0.293793,-549.339722,-0.012331,-0.014551,-0.369594,-1.306855,-0.066574,-3.695942,-549.339722,-0.368172,0.000000
47.040001,-0.292313,-549.428711,-0.012301,-0.014545,-0.369447,-1.300272,-0.066239,-3.694468,-549.428711,-0.367999,0.000000
47.050003,-0.283371,-549.295288,-0.012210,-0.014540,-0.369308,-1.260497,-0.064213,-3.693080,-549.295288,-0.367842,0.000000
47.060001,-0.297150,-549.428711,-0.012219,-0.014533,-0.369143,-1.321788,-0.067335,-3.691433,-549.428711,-0.367669,0.000000
47.070004,-0.302734,-549.339722,-0.012219,-0.014525,-0.368944,-1.346630,-0.068601,-3.689438,-549.339722,-0.367513,0.000000
47.080002,-0.297897,-549.384216,-0.012167,-0.014516,-0.368701,-1.325114,-0.067505,-3.687010,-549.384216,-0.367339,0.000000
47.090004,-0.297897,-549.384216,-0.012189,-0.014507,-0.368475,-1.325114,-0.067505,-3.684755,-549.384216,-0.367166,0.000000
47.100002,-0.301239,-549.295288,-0.012202,-0.014500,-0.368311,-1.339978,-0.068262,-3.683108,-549.295288,-0.367010,0.000000
47.110001,-0.328796,-549.428711,-0.012184,-0.014494,-0.368146,-1.462559,-0.074506,-3.681460,-549.428711,-0.366836,0.000000
47.120003,-0.326569,-549.339722,-0.012189,-0.014487,-0.367981,-1.452650,-0.074001,-3.679812,-549.339722,-0.366663,0.000000
47.130001,-0.324707,-549.384216,-0.012171,-0.014481,-0.367808,-1.444369,-0.073580,-3.678078,-549.384216,-0.366507,0.000000
47.140003,-0.326935,-549.428711,-0.012284,-0.014474,-0.367652,-1.454279,-0.074084,-3.676517,-549.428711,-0.366333,0.000000
47.150002,-0.332520,-549.295288,-0.012314,-0.014469,-0.367522,-1.479121,-0.075350,-3.675216,-549.295288,-0.366177,0.000000
47.160004,-0.323578,-549.339722,-0.012331,-0.014464,-0.367374,-1.439346,-0.073324,-3.673742,-549.339722,-0.366004,0.000000
47.170002,-0.313904,-549.295288,-0.012309,-0.014457,-0.367201,-1.396314,-0.071132,-3.672007,-549.295288,-0.365830,0.000000
47.180004,-0.314270,-549.339722,-0.012296,-0.014449,-0.366993,-1.397943,-0.071215,-3.669926,-549.339722,-0.365674,0.000000
47.190002,-0.312042,-549.339722,-0.012301,-0.014441,-0.366793,-1.388033,-0.070710,-3.667931,-549.339722,-0.365501,0.000000
47.200001,-0.312408,-549.339722,-0.012322,-0.014435,-0.366646,-1.389662,-0.070793,-3.666457,-549.339722,-0.365345,0.000000
47.210003,-0.316879,-549.384216,-0.012296,-0.014429,-0.366507,-1.409549,-0.071806,-3.665069,-549.384216,-0.365171,0.000000
47.220001,-0.311676,-549.339722,-0.012305,-0.014424,-0.366360,-1.386404,-0.070627,-3.663595,-549.339722,-0.364998,0.000000
47.230003,-0.307938,-549.339722,-0.012288,-0.014417,-0.366203,-1.369775,-0.069780,-3.662034,-549.339722,-0.364842,0.000000
47.240002,-0.306824,-549.384216,-0.012322,-0.014412,-0.366056,-1.364820,-0.069527,-3.660560,-549.384216,-0.364668,0.000000
47.250004,-0.309799,-549.295288,-0.012318,-0.014405,-0.365883,-1.378056,-0.070202,-3.658825,-549.295288,-0.364512,0.000000
47.260002,-0.300873,-549.384216,-0.012296,-0.014399,-0.365735,-1.338349,-0.068179,-3.657351,-549.384216,-0.364339,0.000000
47.270000,-0.311295,-549.339722,-0.012292,-0.014393,-0.365570,-1.384707,-0.070540,-3.655703,-549.339722,-0.364165,0.000000
47.280003,-0.317993,-549.339722,-0.012292,-0.014383,-0.365319,-1.414504,-0.072058,-3.653188,-549.339722,-0.364009,0.000000
47.290001,-0.322464,-549.384216,-0.012296,-0.014373,-0.365067,-1.434391,-0.073071,-3.650673,-549.384216,-0.363836,0.000000
47.300003,-0.341080,-549.295288,-0.012262,-0.014365,-0.364868,-1.517198,-0.077290,-3.648679,-549.295288,-0.363680,0.000000
47.310001,-0.349655,-549.473206,-0.012227,-0.014359,-0.364720,-1.555344,-0.079233,-3.647204,-549.473206,-0.363506,0.000000
47.320004,-0.350769,-549.295288,-0.012249,-0.014355,-0.364616,-1.560299,-0.079485,-3.646164,-549.295288,-0.363333,0.000000
47.330002,-0.365662,-549.339722,-0.012210,-0.014351,-0.364521,-1.626544,-0.082860,-3.645210,-549.339722,-0.363177,0.000000
47.340004,-0.359329,-549.384216,-0.012197,-0.014347,-0.364408,-1.598376,-0.081425,-3.644083,-549.384216,-0.363003,0.000000
47.350002,-0.350769,-549.295288,-0.012184,-0.014342,-0.364295,-1.560299,-0.079485,-3.642955,-549.295288,-0.362847,0.000000
47.360001,-0.361191,-549.428711,-0.012189,-0.014335,-0.364113,-1.606657,-0.081847,-3.641134,-549.428711,-0.362674,0.000000
47.370003,-0.339966,-549.339722,-0.012193,-0.014326,-0.363871,-1.512244,-0.077037,-3.638705,-549.339722,-0.362500,0.000000
47.380001,-0.327682,-549.384216,-0.012240,-0.014318,-0.363671,-1.457605,-0.074254,-3.636711,-549.384216,-0.362344,0.000000
47.390003,-0.330292,-549.384216,-0.012327,-0.014310,-0.363480,-1.469211,-0.074845,-3.634803,-549.384216,-0.362171,0.000000
47.400002,-0.338486,-549.339722,-0.012296,-0.014304,-0.363333,-1.505660,-0.076702,-3.633329,-549.339722,-0.362015,0.000000
47.410004,-0.328430,-549.428711,-0.012296,-0.014300,-0.363211,-1.460930,-0.074423,-3.632115,-549.428711,-0.361841,0.000000
47.420002,-0.312042,-549.339722,-0.012292,-0.014295,-0.363099,-1.388033,-0.070710,-3.630987,-549.339722,-0.361668,0.000000
47.430004,-0.320236,-549.384216,-0.012271,-0.014291,-0.362986,-1.424482,-0.072567,-3.629860,-549.384216,-0.361512,0.000000
47.440002,-0.321716,-549.384216,-0.012292,-0.014287,-0.362891,-1.431066,-0.072902,-3.628906,-549.384216,-0.361338,0.000000
47.450001,-0.333267,-549.295288,-0.012262,-0.014280,-0.362700,-1.482447,-0.075519,-3.626998,-549.295288,-0.361182,0.000000
47.460003,-0.344437,-549.473206,-0.012210,-0.014269,-0.362440,-1.532131,-0.078050,-3.624396,-549.473206,-0.361009,0.000000
47.470001,-0.331406,-549.295288,-0.012210,-0.014259,-0.362179,-1.474166,-0.075098,-3.621795,-549.295288,-0.360835,0.000000
47.480003,-0.328049,-549.339722,-0.012215,-0.014250,-0.361945,-1.459234,-0.074337,-3.619453,-549.339722,-0.360679,0.000000
47.490002,-0.331772,-549.384216,-0.012266,-0.014244,-0.361798,-1.475795,-0.075181,-3.617979,-549.384216,-0.360506,0.000000
47.500004,-0.341080,-549.339722,-0.012309,-0.014239,-0.361676,-1.517198,-0.077290,-3.616765,-549.339722,-0.360332,0.000000
47.510002,-0.343689,-549.428711,-0.012305,-0.014235,-0.361581,-1.528805,-0.077881,-3.615811,-549.428711,-0.360176,0.000000
47.520000,-0.338486,-549.339722,-0.012327,-0.014231,-0.361468,-1.505660,-0.076702,-3.614683,-549.339722,-0.360003,0.000000
47.530003,-0.349274,-549.295288,-0.012305,-0.014226,-0.361338,-1.553647,-0.079147,-3.613383,-549.295288,-0.359847,0.000000
47.540001,-0.355988,-549.384216,-0.012327,-0.014221,-0.361208,-1.583512,-0.080668,-3.612082,-549.384216,-0.359673,0.000000
47.550003,-0.353745,-549.339722,-0.012288,-0.014216,-0.361087,-1.573534,-0.080160,-3.610868,-549.339722,-0.359500,0.000000
47.560001,-0.337738,-549.384216,-0.012271,-0.014210,-0.360931,-1.502334,-0.076533,-3.609307,-549.384216,-0.359344,0.000000
47.570004,-0.340347,-549.339722,-0.012236,-0.014204,-0.360792,-1.513940,-0.077124,-3.607919,-549.339722,-0.359170,0.000000
47.580002,-0.323212,-549.295288,-0.012223,-0.014198,-0.360636,-1.437717,-0.073241,-3.606358,-549.295288,-0.359014,0.000000
47.590004,-0.335876,-549.473206,-0.012279,-0.014189,-0.360402,-1.494053,-0.076111,-3.604017,-549.473206,-0.358841,0.000000
47.600002,-0.333267,-549.339722,-0.012271,-0.014178,-0.360133,-1.482447,-0.075519,-3.601328,-549.339722,-0.358667,0.000000
47.610001,-0.323578,-549.428711,-0.012288,-0.014168,-0.359855,-1.439346,-0.073324,-3.598553,-549.428711,-0.358511,0.000000
47.620003,-0.317261,-549.339722,-0.012240,-0.014159,-0.359630,-1.411246,-0.071892,-3.596298,-549.339722,-0.358338,0.000000
47.630001,-0.329163,-549.384216,-0.012163,-0.014150,-0.359422,-1.464188,-0.074589,-3.594217,-549.384216,-0.358182,0.000000
47.640003,-0.334763,-549.428711,-0.012163,-0.014143,-0.359231,-1.489098,-0.075858,-3.592309,-549.428711,-0.358008,0.000000
47.650002,-0.323212,-549.339722,-0.012197,-0.014135,-0.359031,-1.437717,-0.073241,-3.590314,-549.339722,-0.357835,0.000000
47.660004,-0.325073,-549.428711,-0.012210,-0.014128,-0.358858,-1.445998,-0.073663,-3.588580,-549.428711,-0.357679,0.000000
47.670002,-0.312042,-549.339722,-0.012266,-0.014122,-0.358711,-1.388033,-0.070710,-3.587106,-549.339722,-0.357505,0.000000
47.680004,-0.331039,-549.339722,-0.012296,-0.014118,-0.358598,-1.472537,-0.075015,-3.585978,-549.339722,-0.357349,0.000000
47.690002,-0.364166,-549.428711,-0.012314,-0.014114,-0.358494,-1.619892,-0.082521,-3.584938,-549.428711,-0.357176,0.000000
47.700001,-0.371994,-549.339722,-0.012245,-0.014108,-0.358346,-1.654712,-0.084295,-3.583463,-549.339722,-0.357002,0.000000
47.710003,-0.364166,-549.428711,-0.012219,-0.014102,-0.358182,-1.619892,-0.082521,-3.581815,-549.428711,-0.356846,0.000000
47.720001,-0.363800,-549.384216,-0.012171,-0.014097,-0.358051,-1.618263,-0.082438,-3.580515,-549.384216,-0.356673,0.000000
47.730003,-0.337738,-549.384216,-0.012176,-0.014094,-0.357982,-1.502334,-0.076533,-3.579821,-549.384216,-0.356516,0.000000
47.740002,-0.352264,-549.384216,-0.012202,-0.014091,-0.357913,-1.566950,-0.079824,-3.579127,-549.384216,-0.356343,0.000000
47.750004,-0.364548,-549.295288,-0.012210,-0.014087,-0.357800,-1.621589,-0.082608,-3.578000,-549.295288,-0.356170,0.000000
47.760002,-0.352997,-549.384216,-0.012215,-0.014081,-0.357661,-1.570208,-0.079990,-3.576612,-549.384216,-0.356013,0.000000
47.770000,-0.335876,-549.384216,-0.012249,-0.014074,-0.357488,-1.494053,-0.076111,-3.574878,-549.384216,-0.355840,0.000000
47.780003,-0.340347,-549.339722,-0.012197,-0.014065,-0.357262,-1.513940,-0.077124,-3.572623,-549.339722,-0.355684,0.000000
47.790001,-0.348526,-549.473206,-0.012215,-0.014055,-0.356993,-1.550321,-0.078977,-3.569935,-549.473206,-0.355511,0.000000
47.800003,-0.335129,-549.339722,-0.012189,-0.014045,-0.356733,-1.490727,-0.075941,-3.567333,-549.339722,-0.355337,0.000000
47.810001,-0.312408,-549.428711,-0.012227,-0.014036,-0.356516,-1.389662,-0.070793,-3.565165,-549.428711,-0.355181,0.000000
47.820004,-0.326187,-549.295288,-0.012266,-0.014028,-0.356300,-1.450953,-0.073915,-3.562997,-549.295288,-0.355007,0.000000
47.830002,-0.342209,-549.384216,-0.012253,-0.014019,-0.356092,-1.522221,-0.077546,-3.560915,-549.384216,-0.354851,0.000000
47.840004,-0.338486,-549.428711,-0.012284,-0.014013,-0.355935,-1.505660,-0.076702,-3.559355,-549.428711,-0.354678,0.000000
47.850002,-0.347794,-549.339722,-0.012309,-0.014007,-0.355788,-1.547063,-0.078811,-3.557880,-549.339722,-0.354505,0.000000
47.860001,-0.335129,-549.428711,-0.012305,-0.014000,-0.355597,-1.490727,-0.075941,-3.555972,-549.428711,-0.354348,0.000000
47.870003,-0.345184,-549.295288,-0.012284,-0.013993,-0.355432,-1.535457,-0.078220,-3.554325,-549.295288,-0.354175,0.000000
47.880001,-0.358963,-549.428711,-0.012288,-0.013988,-0.355285,-1.596747,-0.081342,-3.552850,-549.428711,-0.354002,0.000000
47.890003,-0.384659,-549.428711,-0.012275,-0.013983,-0.355164,-1.711048,-0.087165,-3.551636,-549.428711,-0.353845,0.000000
47.900002,-0.381302,-549.339722,-0.012284,-0.013979,-0.355068,-1.696115,-0.086404,-3.550682,-549.339722,-0.353672,0.000000
47.910004,-0.371994,-549.473206,-0.012266,-0.013975,-0.354964,-1.654712,-0.084295,-3.549642,-549.473206,-0.353516,0.000000
47.920002,-0.372742,-549.428711,-0.012279,-0.013969,-0.354817,-1.658038,-0.084464,-3.548167,-549.428711,-0.353342,0.000000
47.930004,-0.377213,-549.384216,-0.012301,-0.013961,-0.354617,-1.677925,-0.085478,-3.546173,-549.384216,-0.353169,0.000000
47.940002,-0.369019,-549.384216,-0.012288,-0.013952,-0.354392,-1.641477,-0.083621,-3.543918,-549.384216,-0.353013,0.000000
47.950001,-0.339966,-549.250793,-0.012305,-0.013944,-0.354166,-1.512244,-0.077037,-3.541663,-549.250793,-0.352839,0.000000
47.960003,-0.333633,-549.428711,-0.012232,-0.013937,-0.354010,-1.484076,-0.075602,-3.540102,-549.428711,-0.352683,0.000000
47.970001,-0.339218,-549.339722,-0.012193,-0.013933,-0.353889,-1.508918,-0.076868,-3.538888,-549.339722,-0.352510,0.000000
47.980003,-0.343689,-549.339722,-0.012180,-0.013926,-0.353733,-1.528805,-0.077881,-3.537327,-549.339722,-0.352336,0.000000
47.990002,-0.337357,-549.473206,-0.012219,-0.013918,-0.353507,-1.500637,-0.076446,-3.535072,-549.473206,-0.352180,0.000000
48.000004,-0.329910,-549.339722,-0.012236,-0.013910,-0.353308,-1.467514,-0.074759,-3.533077,-549.339722,-0.352007,0.000000
48.010002,-0.336990,-549.384216,-0.012184,-0.013903,-0.353126,-1.499008,-0.076363,-3.531256,-549.384216,-0.351851,0.000000
48.020000,-0.343323,-549.384216,-0.012219,-0.013896,-0.352970,-1.527176,-0.077798,-3.529695,-549.384216,-0.351677,0.000000
48.030003,-0.351883,-549.384216,-0.012197,-0.013892,-0.352848,-1.565253,-0.079738,-3.528481,-549.384216,-0.351504,0.000000
48.040001,-0.354492,-549.428711,-0.012189,-0.013885,-0.352675,-1.576860,-0.080329,-3.526747,-549.428711,-0.351348,0.000000
48.050003,-0.352264,-549.339722,-0.012189,-0.013878,-0.352493,-1.566950,-0.079824,-3.524926,-549.339722,-0.351174,0.000000
48.060001,-0.349274,-549.473206,-0.012197,-0.013872,-0.352345,-1.553647,-0.079147,-3.523451,-549.473206,-0.351018,0.000000
48.070004,-0.350403,-549.384216,-0.012167,-0.013865,-0.352180,-1.558670,-0.079402,-3.521804,-549.384216,-0.350845,0.000000
48.080002,-0.373489,-549.384216,-0.012189,-0.013859,-0.352007,-1.661364,-0.084634,-3.520069,-549.384216,-0.350671,0.000000
48.090004,-0.373856,-549.428711,-0.012171,-0.013853,-0.351868,-1.662993,-0.084717,-3.518682,-549.428711,-0.350515,0.000000
48.100002,-0.377213,-549.384216,-0.012193,-0.013848,-0.351729,-1.677925,-0.085478,-3.517294,-549.384216,-0.350342,0.000000
48.110001,-0.368637,-549.473206,-0.012184,-0.013843,-0.351608,-1.639780,-0.083534,-3.516080,-549.473206,-0.350186,0.000000
48.120003,-0.365662,-549.339722,-0.012219,-0.013837,-0.351461,-1.626544,-0.082860,-3.514606,-549.339722,-0.350012,0.000000
48.130001,-0.373108,-549.384216,-0.012288,-0.013830,-0.351270,-1.659667,-0.084547,-3.512698,-549.384216,-0.349839,0.000000
48.140003,-0.359329,-549.473206,-0.012296,-0.013820,-0.351036,-1.598376,-0.081425,-3.510356,-549.473206,-0.349683,0.000000
48.150002,-0.346298,-549.384216,-0.012322,-0.013810,-0.350784,-1.540411,-0.078472,-3.507841,-549.384216,-0.349509,0.000000
48.160004,-0.336243,-549.428711,-0.012271,-0.013803,-0.350602,-1.495682,-0.076194,-3.506020,-549.428711,-0.349353,0.000000
48.170002,-0.329910,-549.384216,-0.012189,-0.013798,-0.350481,-1.467514,-0.074759,-3.504806,-549.384216,-0.349180,0.000000
48.180004,-0.325073,-549.384216,-0.012206,-0.013792,-0.350316,-1.445998,-0.073663,-3.503158,-549.384216,-0.349006,0.000000
48.190002,-0.317627,-549.428711,-0.012219,-0.013785,-0.350151,-1.412875,-0.071975,-3.501510,-549.428711,-0.348850,0.000000
48.200001,-0.323212,-549.384216,-0.012271,-0.013779,-0.349986,-1.437717,-0.073241,-3.499863,-549.384216,-0.348677,0.000000
48.210003,-0.340714,-549.428711,-0.012292,-0.013771,-0.349795,-1.515569,-0.077207,-3.497955,-549.428711,-0.348521,0.000000
48.220001,-0.340347,-549.384216,-0.012288,-0.013764,-0.349596,-1.513940,-0.077124,-3.495960,-549.384216,-0.348347,0.000000
48.230003,-0.329544,-549.473206,-0.012271,-0.013757,-0.349423,-1.465885,-0.074676,-3.494226,-549.473206,-0.348174,0.000000
48.240002,-0.340714,-549.384216,-0.012240,-0.013751,-0.349266,-1.515569,-0.077207,-3.492665,-549.384216,-0.348018,0.000000
48.250004,-0.343689,-549.339722,-0.012296,-0.013746,-0.349136,-1.528805,-0.077881,-3.491364,-549.339722,-0.347844,0.000000
48.260002,-0.350021,-549.428711,-0.012305,-0.013739,-0.348972,-1.556973,-0.079316,-3.489716,-549.428711,-0.347671,0.000000
48.270000,-0.357849,-549.428711,-0.012305,-0.013731,-0.348772,-1.591792,-0.081090,-3.487722,-549.428711,-0.347515,0.000000
48.280003,-0.372360,-549.384216,-0.012318,-0.013724,-0.348590,-1.656341,-0.084378,-3.485900,-549.384216,-0.347341,0.000000
48.290001,-0.376465,-549.517639,-0.012271,-0.013718,-0.348434,-1.674599,-0.085308,-3.484339,-549.517639,-0.347185,0.000000
48.300003,-0.367889,-549.339722,-0.012318,-0.013711,-0.348260,-1.636454,-0.083365,-3.482605,-549.339722,-0.347012,0.000000
48.310001,-0.359329,-549.428711,-0.012284,-0.013704,-0.348070,-1.598376,-0.081425,-3.480697,-549.428711,-0.346838,0.000000
48.320004,-0.361191,-549.384216,-0.012223,-0.013695,-0.347844,-1.606657,-0.081847,-3.478442,-549.384216,-0.346682,0.000000
48.330002,-0.342941,-549.384216,-0.012158,-0.013686,-0.347636,-1.525479,-0.077712,-3.476361,-549.384216,-0.346509,0.000000
48.340004,-0.308319,-549.428711,-0.012154,-0.013682,-0.347523,-1.371472,-0.069866,-3.475234,-549.428711,-0.346353,0.000000
48.350002,-0.310547,-549.428711,-0.012219,-0.013681,-0.347497,-1.381382,-0.070371,-3.474973,-549.428711,-0.346179,0.000000
48.360001,-0.322464,-549.428711,-0.012189,-0.013680,-0.347471,-1.434391,-0.073071,-3.474713,-549.428711,-0.346006,0.000000
48.370003,-0.320984,-549.384216,-0.012258,-0.013677,-0.347385,-1.427808,-0.072736,-3.473846,-549.384216,-0.345850,0.000000
48.380001,-0.311295,-549.384216,-0.012271,-0.013671,-0.347246,-1.384707,-0.070540,-3.472459,-549.384216,-0.345676,0.000000
48.390003,-0.302353,-549.428711,-0.012314,-0.013661,-0.346994,-1.344933,-0.068514,-3.469944,-549.428711,-0.345520,0.000000
48.400002,-0.302353,-549.384216,-0.012318,-0.013651,-0.346725,-1.344933,-0.068514,-3.467255,-549.384216,-0.345347,0.000000
48.410004,-0.307205,-549.473206,-0.012288,-0.013640,-0.346465,-1.366517,-0.069614,-3.464653,-549.473206,-0.345173,0.000000
48.420002,-0.306824,-549.428711,-0.012292,-0.013633,-0.346275,-1.364820,-0.069527,-3.462745,-549.428711,-0.345017,0.000000
48.430004,-0.325821,-549.428711,-0.012253,-0.013627,-0.346127,-1.449324,-0.073832,-3.461271,-549.428711,-0.344844,0.000000
48.440002,-0.320602,-549.473206,-0.012197,-0.013623,-0.346014,-1.426111,-0.072650,-3.460144,-549.473206,-0.344688,0.000000
48.450001,-0.318375,-549.295288,-0.012193,-0.013616,-0.345858,-1.416201,-0.072145,-3.458583,-549.295288,-0.344514,0.000000
48.460003,-0.309799,-549.428711,-0.012180,-0.013609,-0.345659,-1.378056,-0.070202,-3.456588,-549.428711,-0.344341,0.000000
48.470001,-0.322845,-549.339722,-0.012180,-0.013601,-0.345477,-1.436088,-0.073158,-3.454767,-549.339722,-0.344185,0.000000
48.480003,-0.332520,-549.384216,-0.012240,-0.013596,-0.345329,-1.479121,-0.075350,-3.453293,-549.384216,-0.344011,0.000000
48.490002,-0.335876,-549.473206,-0.012301,-0.013589,-0.345164,-1.494053,-0.076111,-3.451645,-549.473206,-0.343855,0.000000
48.500004,-0.330292,-549.384216,-0.012309,-0.013583,-0.345008,-1.469211,-0.074845,-3.450084,-549.384216,-0.343682,0.000000
48.510002,-0.331406,-549.473206,-0.012223,-0.013576,-0.344826,-1.474166,-0.075098,-3.448263,-549.473206,-0.343508,0.000000
48.520000,-0.325073,-549.295288,-0.012197,-0.013568,-0.344627,-1.445998,-0.073663,-3.446268,-549.295288,-0.343352,0.000000
48.530003,-0.328049,-549.428711,-0.012236,-0.013560,-0.344427,-1.459234,-0.074337,-3.444273,-549.428711,-0.343179,0.000000
48.540001,-0.317627,-549.384216,-0.012202,-0.013554,-0.344280,-1.412875,-0.071975,-3.442799,-549.384216,-0.343022,0.000000
48.550003,-0.321716,-549.384216,-0.012206,-0.013549,-0.344150,-1.431066,-0.072902,-3.441499,-549.384216,-0.342849,0.000000
48.560001,-0.311676,-549.473206,-0.012284,-0.013546,-0.344063,-1.386404,-0.070627,-3.440631,-549.473206,-0.342676,0.000000
48.570004,-0.312790,-549.384216,-0.012327,-0.013540,-0.343924,-1.391359,-0.070879,-3.439244,-549.384216,-0.342519,0.000000
48.580002,-0.312042,-549.428711,-0.012322,-0.013532,-0.343725,-1.388033,-0.070710,-3.437249,-549.428711,-0.342346,0.000000
48.590004,-0.314270,-549.473206,-0.012275,-0.013524,-0.343499,-1.397943,-0.071215,-3.434994,-549.473206,-0.342190,0.000000
48.600002,-0.319855,-549.339722,-0.012249,-0.013514,-0.343257,-1.422785,-0.072480,-3.432566,-549.339722,-0.342016,0.000000
48.610001,-0.310547,-549.428711,-0.012219,-0.013508,-0.343100,-1.381382,-0.070371,-3.431005,-549.428711,-0.341843,0.000000
48.620003,-0.313904,-549.384216,-0.012197,-0.013502,-0.342953,-1.396314,-0.071132,-3.429531,-549.384216,-0.341687,0.000000
48.630001,-0.327682,-549.384216,-0.012258,-0.013495,-0.342771,-1.457605,-0.074254,-3.427709,-549.384216,-0.341513,0.000000
48.640003,-0.315399,-549.384216,-0.012271,-0.013487,-0.342580,-1.402966,-0.071470,-3.425802,-549.384216,-0.341340,0.000000
48.650002,-0.322464,-549.384216,-0.012249,-0.013481,-0.342407,-1.434391,-0.073071,-3.424067,-549.384216,-0.341184,0.000000
48.660004,-0.335876,-549.562134,-0.012266,-0.013474,-0.342251,-1.494053,-0.076111,-3.422506,-549.562134,-0.341010,0.000000
48.670002,-0.338486,-549.428711,-0.012314,-0.013468,-0.342095,-1.505660,-0.076702,-3.420945,-549.428711,-0.340854,0.000000
48.680004,-0.339966,-549.428711,-0.012327,-0.013462,-0.341938,-1.512244,-0.077037,-3.419384,-549.428711,-0.340681,0.000000
48.690002,-0.340347,-549.517639,-0.012288,-0.013457,-0.341808,-1.513940,-0.077124,-3.418083,-549.517639,-0.340508,0.000000
48.700001,-0.336624,-549.384216,-0.012305,-0.013452,-0.341678,-1.497379,-0.076280,-3.416782,-549.384216,-0.340351,0.000000
48.710003,-0.335129,-549.562134,-0.012253,-0.013448,-0.341583,-1.490727,-0.075941,-3.415829,-549.562134,-0.340178,0.000000
48.720001,-0.330292,-549.384216,-0.012227,-0.013443,-0.341444,-1.469211,-0.074845,-3.414441,-549.384216,-0.340022,0.000000
48.730003,-0.320984,-549.473206,-0.012202,-0.013435,-0.341253,-1.427808,-0.072736,-3.412533,-549.473206,-0.339848,0.000000
48.740002,-0.315018,-549.473206,-0.012202,-0.013426,-0.341019,-1.401269,-0.071384,-3.410192,-549.473206,-0.339675,0.000000
48.750004,-0.304962,-549.384216,-0.012253,-0.013417,-0.340802,-1.356539,-0.069105,-3.408024,-549.384216,-0.339519,0.000000
48.760002,-0.298630,-549.428711,-0.012275,-0.013411,-0.340646,-1.328372,-0.067670,-3.406462,-549.428711,-0.339345,0.000000
48.770000,-0.298264,-549.384216,-0.012240,-0.013404,-0.340473,-1.326743,-0.067587,-3.404728,-549.384216,-0.339189,0.000000
48.780003,-0.290070,-549.428711,-0.012245,-0.013395,-0.340230,-1.290294,-0.065731,-3.402300,-549.428711,-0.339016,0.000000
48.790001,-0.288574,-549.428711,-0.012279,-0.013386,-0.340004,-1.283642,-0.065392,-3.400045,-549.428711,-0.338842,0.000000
48.800003,-0.280396,-549.339722,-0.012292,-0.013379,-0.339822,-1.247262,-0.063539,-3.398224,-549.339722,-0.338686,0.000000
48.810001,-0.288956,-549.517639,-0.012314,-0.013372,-0.339640,-1.285339,-0.065478,-3.396403,-549.517639,-0.338513,0.000000
48.820004,-0.294540,-549.428711,-0.012318,-0.013364,-0.339449,-1.310181,-0.066744,-3.394495,-549.428711,-0.338357,0.000000
48.830002,-0.287094,-549.473206,-0.012301,-0.013358,-0.339293,-1.277058,-0.065056,-3.392934,-549.473206,-0.338183,0.000000
48.840004,-0.310928,-549.473206,-0.012232,-0.013353,-0.339155,-1.383078,-0.070457,-3.391546,-549.473206,-0.338010,0.000000
48.850002,-0.316513,-549.295288,-0.012206,-0.013347,-0.339007,-1.407920,-0.071723,-3.390072,-549.295288,-0.337854,0.000000
48.860001,-0.314651,-549.473206,-0.012197,-0.013340,-0.338842,-1.399640,-0.071301,-3.388424,-549.473206,-0.337680,0.000000
48.870003,-0.327682,-549.428711,-0.012158,-0.013334,-0.338678,-1.457605,-0.074254,-3.386776,-549.428711,-0.337524,0.000000
48.880001,-0.322845,-549.473206,-0.012171,-0.013329,-0.338556,-1.436088,-0.073158,-3.385562,-549.473206,-0.337351,0.000000
48.890003,-0.328796,-549.384216,-0.012202,-0.013325,-0.338461,-1.462559,-0.074506,-3.384609,-549.384216,-0.337177,0.000000
48.900002,-0.331406,-549.384216,-0.012245,-0.013320,-0.338339,-1.474166,-0.075098,-3.383394,-549.384216,-0.337021,0.000000
48.910004,-0.328430,-549.517639,-0.012253,-0.013313,-0.338157,-1.460930,-0.074423,-3.381573,-549.517639,-0.336848,0.000000
48.920002,-0.307938,-549.384216,-0.012245,-0.013306,-0.337975,-1.369775,-0.069780,-3.379752,-549.384216,-0.336692,0.000000
48.930004,-0.315018,-549.339722,-0.012219,-0.013300,-0.337810,-1.401269,-0.071384,-3.378104,-549.339722,-0.336518,0.000000
48.940002,-0.320236,-549.473206,-0.012245,-0.013293,-0.337654,-1.424482,-0.072567,-3.376543,-549.473206,-0.336345,0.000000
48.950001,-0.297516,-549.384216,-0.012271,-0.013288,-0.337524,-1.323417,-0.067418,-3.375242,-549.384216,-0.336189,0.000000
48.960003,-0.280014,-549.517639,-0.012258,-0.013282,-0.337368,-1.245565,-0.063452,-3.373682,-549.517639,-0.336015,0.000000
48.970001,-0.278900,-549.428711,-0.012275,-0.013275,-0.337195,-1.240610,-0.063200,-3.371947,-549.428711,-0.335859,0.000000
48.980003,-0.281509,-549.428711,-0.012253,-0.013268,-0.337013,-1.252216,-0.063791,-3.370126,-549.428711,-0.335686,0.000000
48.990002,-0.294907,-549.517639,-0.012240,-0.013259,-0.336787,-1.311810,-0.066827,-3.367871,-549.517639,-0.335512,0.000000
49.000004,-0.288574,-549.339722,-0.012193,-0.013251,-0.336588,-1.283642,-0.065392,-3.365876,-549.339722,-0.335356,0.000000
49.010002,-0.285599,-549.517639,-0.012180,-0.013245,-0.336414,-1.270407,-0.064718,-3.364142,-549.517639,-0.335183,0.000000
49.020000,-0.296036,-549.428711,-0.012202,-0.013238,-0.336241,-1.316833,-0.067083,-3.362407,-549.428711,-0.335009,0.000000
49.030003,-0.290436,-549.428711,-0.012215,-0.013230,-0.336041,-1.291923,-0.065814,-3.360413,-549.428711,-0.334853,0.000000
49.040001,-0.311676,-549.473206,-0.012219,-0.013222,-0.335842,-1.386404,-0.070627,-3.358418,-549.473206,-0.334680,0.000000
49.050003,-0.315765,-549.339722,-0.012219,-0.013217,-0.335703,-1.404595,-0.071553,-3.357031,-549.339722,-0.334524,0.000000
49.060001,-0.320984,-549.562134,-0.012301,-0.013213,-0.335616,-1.427808,-0.072736,-3.356163,-549.562134,-0.334350,0.000000
49.070004,-0.325439,-549.384216,-0.012301,-0.013209,-0.335521,-1.447627,-0.073746,-3.355210,-549.384216,-0.334177,0.000000
49.080002,-0.336243,-549.428711,-0.012288,-0.013205,-0.335408,-1.495682,-0.076194,-3.354082,-549.428711,-0.334021,0.000000
49.090004,-0.321350,-549.517639,-0.012232,-0.013199,-0.335261,-1.429437,-0.072819,-3.352608,-549.517639,-0.333847,0.000000
49.100002,-0.320602,-549.428711,-0.012215,-0.013193,-0.335105,-1.426111,-0.072650,-3.351047,-549.428711,-0.333691,0.000000
49.110001,-0.307571,-549.473206,-0.012210,-0.013186,-0.334914,-1.368146,-0.069697,-3.349139,-549.473206,-0.333518,0.000000
49.120003,-0.307938,-549.428711,-0.012189,-0.013177,-0.334706,-1.369775,-0.069780,-3.347058,-549.428711,-0.333344,0.000000
49.130001,-0.309067,-549.384216,-0.012240,-0.013170,-0.334515,-1.374798,-0.070036,-3.345150,-549.384216,-0.333188,0.000000
49.140003,-0.310547,-549.473206,-0.012253,-0.013164,-0.334368,-1.381382,-0.070371,-3.343675,-549.473206,-0.333015,0.000000
49.150002,-0.295288,-549.384216,-0.012318,-0.013160,-0.334255,-1.313507,-0.066913,-3.342548,-549.384216,-0.332859,0.000000
49.160004,-0.299377,-549.517639,-0.012318,-0.013155,-0.334125,-1.331697,-0.067840,-3.341247,-549.517639,-0.332685,0.000000
49.170002,-0.303482,-549.428711,-0.012309,-0.013149,-0.333977,-1.349956,-0.068770,-3.339773,-549.428711,-0.332512,0.000000
49.180004,-0.296036,-549.428711,-0.012240,-0.013143,-0.333839,-1.316833,-0.067083,-3.338385,-549.428711,-0.332356,0.000000
49.190002,-0.290070,-549.473206,-0.012232,-0.013136,-0.333665,-1.290294,-0.065731,-3.336651,-549.473206,-0.332182,0.000000
49.200001,-0.301620,-549.339722,-0.012262,-0.013129,-0.333466,-1.341675,-0.068348,-3.334656,-549.339722,-0.332026,0.000000
49.210003,-0.300125,-549.562134,-0.012266,-0.013119,-0.333214,-1.335023,-0.068009,-3.332141,-549.562134,-0.331853,0.000000
49.220001,-0.288956,-549.384216,-0.012275,-0.013109,-0.332971,-1.285339,-0.065478,-3.329713,-549.384216,-0.331679,0.000000
49.230003,-0.296768,-549.428711,-0.012219,-0.013103,-0.332807,-1.320091,-0.067249,-3.328065,-549.428711,-0.331523,0.000000
49.240002,-0.323959,-549.473206,-0.012227,-0.013096,-0.332650,-1.441043,-0.073410,-3.326504,-549.473206,-0.331350,0.000000
49.250004,-0.331772,-549.384216,-0.012189,-0.013090,-0.332494,-1.475795,-0.075181,-3.324943,-549.384216,-0.331193,0.000000
49.260002,-0.329910,-549.473206,-0.012206,-0.013083,-0.332321,-1.467514,-0.074759,-3.323209,-549.473206,-0.331020,0.000000
49.270000,-0.325439,-549.428711,-0.012202,-0.013078,-0.332173,-1.447627,-0.073746,-3.321734,-549.428711,-0.330847,0.000000
49.280003,-0.324707,-549.428711,-0.012193,-0.013072,-0.332035,-1.444369,-0.073580,-3.320347,-549.428711,-0.330691,0.000000
49.290001,-0.317261,-549.473206,-0.012206,-0.013066,-0.331887,-1.411246,-0.071892,-3.318873,-549.473206,-0.330517,0.000000
49.300003,-0.315399,-549.428711,-0.012249,-0.013060,-0.331714,-1.402966,-0.071470,-3.317138,-549.428711,-0.330361,0.000000
49.310001,-0.318375,-549.473206,-0.012215,-0.013052,-0.331514,-1.416201,-0.072145,-3.315144,-549.473206,-0.330187,0.000000
49.320004,-0.313156,-549.428711,-0.012253,-0.013044,-0.331315,-1.392988,-0.070962,-3.313149,-549.428711,-0.330014,0.000000
49.330002,-0.313538,-549.428711,-0.012305,-0.013038,-0.331159,-1.394685,-0.071049,-3.311588,-549.428711,-0.329858,0.000000
49.340004,-0.304214,-549.517639,-0.012309,-0.013033,-0.331037,-1.353214,-0.068936,-3.310374,-549.517639,-0.329685,0.000000
49.350002,-0.303101,-549.384216,-0.012318,-0.013027,-0.330890,-1.348259,-0.068684,-3.308900,-549.384216,-0.329528,0.000000
49.360001,-0.308685,-549.562134,-0.012309,-0.013021,-0.330743,-1.373101,-0.069949,-3.307425,-549.562134,-0.329355,0.000000
49.370003,-0.306824,-549.384216,-0.012296,-0.013015,-0.330578,-1.364820,-0.069527,-3.305778,-549.384216,-0.329182,0.000000
49.380001,-0.304214,-549.428711,-0.012236,-0.013008,-0.330413,-1.353214,-0.068936,-3.304130,-549.428711,-0.329025,0.000000
49.390003,-0.309433,-549.428711,-0.012275,-0.013002,-0.330257,-1.376427,-0.070119,-3.302569,-549.428711,-0.328852,0.000000
49.400002,-0.305710,-549.339722,-0.012279,-0.012996,-0.330101,-1.359865,-0.069275,-3.301008,-549.339722,-0.328679,0.000000
49.410004,-0.305344,-549.517639,-0.012279,-0.012987,-0.329867,-1.358236,-0.069192,-3.298666,-549.517639,-0.328522,0.000000
49.420002,-0.319489,-549.384216,-0.012301,-0.012976,-0.329598,-1.421156,-0.072397,-3.295978,-549.384216,-0.328349,0.000000
49.430004,-0.339600,-549.473206,-0.012305,-0.012968,-0.329381,-1.510615,-0.076954,-3.293810,-549.473206,-0.328193,0.000000
49.440002,-0.347046,-549.473206,-0.012275,-0.012962,-0.329225,-1.543737,-0.078642,-3.292249,-549.473206,-0.328019,0.000000
49.450001,-0.344803,-549.384216,-0.012296,-0.012958,-0.329121,-1.533760,-0.078133,-3.291208,-549.384216,-0.327846,0.000000
49.460003,-0.355240,-549.517639,-0.012284,-0.012954,-0.329025,-1.580186,-0.080499,-3.290254,-549.517639,-0.327690,0.000000
49.470001,-0.349274,-549.428711,-0.012210,-0.012950,-0.328921,-1.553647,-0.079147,-3.289213,-549.428711,-0.327516,0.000000
49.480003,-0.342575,-549.517639,-0.012163,-0.012946,-0.328817,-1.523850,-0.077629,-3.288173,-549.517639,-0.327360,0.000000
49.490002,-0.342941,-549.428711,-0.012171,-0.012939,-0.328661,-1.525479,-0.077712,-3.286612,-549.428711,-0.327187,0.000000
49.500004,-0.348160,-549.428711,-0.012206,-0.012931,-0.328436,-1.548692,-0.078894,-3.284357,-549.428711,-0.327013,0.000000
49.510002,-0.332901,-549.517639,-0.012284,-0.012922,-0.328219,-1.480818,-0.075436,-3.282189,-549.517639,-0.326857,0.000000
49.520000,-0.331772,-549.428711,-0.012309,-0.012915,-0.328037,-1.475795,-0.075181,-3.280368,-549.428711,-0.326684,0.000000
49.530003,-0.327682,-549.428711,-0.012314,-0.012909,-0.327881,-1.457605,-0.074254,-3.278807,-549.428711,-0.326528,0.000000
49.540001,-0.309433,-549.473206,-0.012288,-0.012904,-0.327751,-1.376427,-0.070119,-3.277506,-549.473206,-0.326354,0.000000
49.550003,-0.308685,-549.384216,-0.012305,-0.012899,-0.327629,-1.373101,-0.069949,-3.276292,-549.384216,-0.326181,0.000000
49.560001,-0.309067,-549.517639,-0.012292,-0.012894,-0.327516,-1.374798,-0.070036,-3.275164,-549.517639,-0.326025,0.000000
49.570004,-0.323959,-549.384216,-0.012215,-0.012891,-0.327421,-1.441043,-0.073410,-3.274211,-549.384216,-0.325851,0.000000
49.580002,-0.321350,-549.384216,-0.012206,-0.012887,-0.327326,-1.429437,-0.072819,-3.273257,-549.384216,-0.325695,0.000000
49.590004,-0.329163,-549.517639,-0.012206,-0.012882,-0.327196,-1.464188,-0.074589,-3.271956,-549.517639,-0.325522,0.000000
49.600002,-0.327301,-549.428711,-0.012245,-0.012872,-0.326953,-1.455908,-0.074167,-3.269528,-549.428711,-0.325348,0.000000
49.610001,-0.330658,-549.473206,-0.012262,-0.012861,-0.326658,-1.470840,-0.074928,-3.266579,-549.473206,-0.325192,0.000000
49.620003,-0.323959,-549.339722,-0.012301,-0.012850,-0.326380,-1.441043,-0.073410,-3.263804,-549.339722,-0.325019,0.000000
49.630001,-0.322098,-549.517639,-0.012266,-0.012842,-0.326190,-1.432763,-0.072988,-3.261896,-549.517639,-0.324863,0.000000
49.640003,-0.338852,-549.473206,-0.012296,-0.012837,-0.326060,-1.507289,-0.076785,-3.260595,-549.473206,-0.324689,0.000000
49.650002,-0.342209,-549.428711,-0.012335,-0.012833,-0.325964,-1.522221,-0.077546,-3.259641,-549.428711,-0.324516,0.000000
49.660004,-0.350021,-549.517639,-0.012296,-0.012829,-0.325851,-1.556973,-0.079316,-3.258514,-549.517639,-0.324360,0.000000
49.670002,-0.351135,-549.384216,-0.012271,-0.012824,-0.325730,-1.561928,-0.079568,-3.257300,-549.384216,-0.324186,0.000000
49.680004,-0.345551,-549.473206,-0.012206,-0.012820,-0.325626,-1.537086,-0.078303,-3.256259,-549.473206,-0.324030,0.000000
49.690002,-0.344803,-549.473206,-0.012215,-0.012815,-0.325496,-1.533760,-0.078133,-3.254958,-549.473206,-0.323857,0.000000
49.700001,-0.327682,-549.339722,-0.012197,-0.012809,-0.325348,-1.457605,-0.074254,-3.253484,-549.339722,-0.323683,0.000000
49.710003,-0.329910,-549.517639,-0.012189,-0.012804,-0.325210,-1.467514,-0.074759,-3.252096,-549.517639,-0.323527,0.000000
49.720001,-0.330292,-549.428711,-0.012240,-0.012795,-0.325002,-1.469211,-0.074845,-3.250015,-549.428711,-0.323354,0.000000
49.730003,-0.337357,-549.428711,-0.012158,-0.012784,-0.324715,-1.500637,-0.076446,-3.247153,-549.428711,-0.323198,0.000000
49.740002,-0.328796,-549.517639,-0.012219,-0.012773,-0.324429,-1.462559,-0.074506,-3.244291,-549.517639,-0.323024,0.000000
49.750004,-0.304596,-549.339722,-0.012210,-0.012763,-0.324169,-1.354910,-0.069022,-3.241690,-549.339722,-0.322851,0.000000
49.760002,-0.320984,-549.473206,-0.012245,-0.012754,-0.323952,-1.427808,-0.072736,-3.239522,-549.473206,-0.322695,0.000000
49.770000,-0.326935,-549.428711,-0.012240,-0.012747,-0.323770,-1.454279,-0.074084,-3.237700,-549.428711,-0.322521,0.000000
49.780003,-0.335129,-549.428711,-0.012288,-0.012739,-0.323579,-1.490727,-0.075941,-3.235793,-549.428711,-0.322348,0.000000
49.790001,-0.341827,-549.473206,-0.012275,-0.012732,-0.323397,-1.520524,-0.077459,-3.233971,-549.473206,-0.322192,0.000000
49.800003,-0.332153,-549.339722,-0.012305,-0.012726,-0.323241,-1.477492,-0.075267,-3.232410,-549.339722,-0.322018,0.000000
49.810001,-0.324326,-549.606628,-0.012322,-0.012721,-0.323111,-1.442672,-0.073493,-3.231109,-549.606628,-0.321862,0.000000
49.820004,-0.355240,-549.428711,-0.012309,-0.012717,-0.323007,-1.580186,-0.080499,-3.230069,-549.428711,-0.321689,0.000000
49.830002,-0.360825,-549.473206,-0.012296,-0.012712,-0.322877,-1.605028,-0.081764,-3.228768,-549.473206,-0.321515,0.000000
49.840004,-0.355606,-549.473206,-0.012322,-0.012706,-0.322721,-1.581815,-0.080581,-3.227207,-549.473206,-0.321359,0.000000
49.850002,-0.355988,-549.384216,-0.012296,-0.012700,-0.322573,-1.583512,-0.080668,-3.225733,-549.384216,-0.321186,0.000000
49.860001,-0.354492,-549.562134,-0.012240,-0.012696,-0.322478,-1.576860,-0.080329,-3.224779,-549.562134,-0.321030,0.000000
49.870003,-0.350021,-549.384216,-0.012154,-0.012693,-0.322408,-1.556973,-0.079316,-3.224085,-549.384216,-0.320856,0.000000
49.880001,-0.364548,-549.517639,-0.012154,-0.012689,-0.322296,-1.621589,-0.082608,-3.222958,-549.517639,-0.320683,0.000000
49.890003,-0.357468,-549.473206,-0.012176,-0.012684,-0.322166,-1.590096,-0.081003,-3.221657,-549.473206,-0.320527,0.000000
49.900002,-0.335129,-549.384216,-0.012202,-0.012678,-0.322010,-1.490727,-0.075941,-3.220096,-549.384216,-0.320353,0.000000
49.910004,-0.340714,-549.562134,-0.012219,-0.012669,-0.321793,-1.515569,-0.077207,-3.217928,-549.562134,-0.320197,0.000000
49.920002,-0.338486,-549.473206,-0.012288,-0.012659,-0.321541,-1.505660,-0.076702,-3.215413,-549.473206,-0.320024,0.000000
49.930004,-0.328796,-549.473206,-0.012249,-0.012649,-0.321272,-1.462559,-0.074506,-3.212724,-549.473206,-0.319850,0.000000
49.940002,-0.317993,-549.473206,-0.012309,-0.012640,-0.321056,-1.414504,-0.072058,-3.210556,-549.473206,-0.319694,0.000000
49.950001,-0.311676,-549.428711,-0.012314,-0.012632,-0.320856,-1.386404,-0.070627,-3.208562,-549.428711,-0.319521,0.000000
49.960003,-0.330292,-549.562134,-0.012314,-0.012624,-0.320639,-1.469211,-0.074845,-3.206394,-549.562134,-0.319365,0.000000
49.970001,-0.335129,-549.384216,-0.012236,-0.012617,-0.320475,-1.490727,-0.075941,-3.204746,-549.384216,-0.319191,0.000000
49.980003,-0.327301,-549.428711,-0.012227,-0.012611,-0.320327,-1.455908,-0.074167,-3.203272,-549.428711,-0.319018,0.000000
49.990002,-0.338852,-549.473206,-0.012193,-0.012604,-0.320145,-1.507289,-0.076785,-3.201450,-549.473206,-0.318862,0.000000
50.000004,-0.333267,-549.384216,-0.012193,-0.012597,-0.319954,-1.482447,-0.075519,-3.199543,-549.384216,-0.318688,0.000000
50.010002,-0.356720,-549.517639,-0.012223,-0.012590,-0.319781,-1.586770,-0.080834,-3.197808,-549.517639,-0.318532,0.000000
50.020004,-0.360443,-549.473206,-0.012327,-0.012585,-0.319651,-1.603331,-0.081678,-3.196507,-549.473206,-0.318359,0.000000
50.030003,-0.370499,-549.473206,-0.012292,-0.012582,-0.319573,-1.648060,-0.083956,-3.195727,-549.473206,-0.318185,0.000000
50.040001,-0.370499,-549.517639,-0.012318,-0.012579,-0.319495,-1.648060,-0.083956,-3.194946,-549.517639,-0.318029,0.000000
50.050003,-0.368637,-549.384216,-0.012296,-0.012573,-0.319365,-1.639780,-0.083534,-3.193645,-549.384216,-0.317856,0.000000
50.060001,-0.377213,-549.562134,-0.012305,-0.012566,-0.319165,-1.677925,-0.085478,-3.191651,-549.562134,-0.317699,0.000000
50.070004,-0.377213,-549.384216,-0.012245,-0.012557,-0.318940,-1.677925,-0.085478,-3.189396,-549.384216,-0.317526,0.000000
50.080002,-0.345551,-549.473206,-0.012275,-0.012547,-0.318697,-1.537086,-0.078303,-3.186968,-549.473206,-0.317353,0.000000
50.090004,-0.335495,-549.517639,-0.012258,-0.012540,-0.318515,-1.492356,-0.076024,-3.185146,-549.517639,-0.317196,0.000000
50.100002,-0.332901,-549.384216,-0.012223,-0.012535,-0.318385,-1.480818,-0.075436,-3.183846,-549.384216,-0.317023,0.000000
50.110001,-0.332520,-549.606628,-0.012184,-0.012529,-0.318237,-1.479121,-0.075350,-3.182371,-549.606628,-0.316867,0.000000
50.120003,-0.314270,-549.428711,-0.012180,-0.012521,-0.318038,-1.397943,-0.071215,-3.180377,-549.428711,-0.316693,0.000000
50.130001,-0.315399,-549.473206,-0.012163,-0.012513,-0.317830,-1.402966,-0.071470,-3.178296,-549.473206,-0.316520,0.000000
50.140003,-0.319122,-549.428711,-0.012193,-0.012506,-0.317656,-1.419527,-0.072314,-3.176561,-549.428711,-0.316364,0.000000
50.150002,-0.335876,-549.384216,-0.012197,-0.012500,-0.317491,-1.494053,-0.076111,-3.174913,-549.384216,-0.316190,0.000000
50.160004,-0.345184,-549.606628,-0.012258,-0.012495,-0.317370,-1.535457,-0.078220,-3.173699,-549.606628,-0.316017,0.000000
50.170002,-0.341461,-549.384216,-0.012271,-0.012489,-0.317214,-1.518895,-0.077376,-3.172138,-549.384216,-0.315861,0.000000
50.180004,-0.335129,-549.517639,-0.012288,-0.012481,-0.317023,-1.490727,-0.075941,-3.170230,-549.517639,-0.315687,0.000000
50.190002,-0.323959,-549.517639,-0.012305,-0.012475,-0.316867,-1.441043,-0.073410,-3.168669,-549.517639,-0.315531,0.000000
50.200001,-0.334381,-549.428711,-0.012296,-0.012469,-0.316702,-1.487401,-0.075772,-3.167022,-549.428711,-0.315358,0.000000
50.210003,-0.342209,-549.651123,-0.012275,-0.012462,-0.316537,-1.522221,-0.077546,-3.165374,-549.651123,-0.315185,0.000000
50.220001,-0.355988,-549.384216,-0.012227,-0.012456,-0.316381,-1.583512,-0.080668,-3.163813,-549.384216,-0.315028,0.000000
50.230003,-0.356720,-549.473206,-0.012189,-0.012450,-0.316243,-1.586770,-0.080834,-3.162425,-549.473206,-0.314855,0.000000
50.240002,-0.352997,-549.473206,-0.012202,-0.012446,-0.316121,-1.570208,-0.079990,-3.161211,-549.473206,-0.314699,0.000000
50.250004,-0.345551,-549.339722,-0.012180,-0.012440,-0.315974,-1.537086,-0.078303,-3.159737,-549.339722,-0.314525,0.000000
50.260002,-0.349655,-549.517639,-0.012210,-0.012433,-0.315800,-1.555344,-0.079233,-3.158002,-549.517639,-0.314352,0.000000
50.270004,-0.338104,-549.384216,-0.012215,-0.012424,-0.315575,-1.503963,-0.076616,-3.155747,-549.384216,-0.314196,0.000000
50.280003,-0.321350,-549.473206,-0.012240,-0.012414,-0.315315,-1.429437,-0.072819,-3.153146,-549.473206,-0.314022,0.000000
50.290001,-0.313156,-549.517639,-0.012171,-0.012406,-0.315115,-1.392988,-0.070962,-3.151151,-549.517639,-0.313866,0.000000
50.300003,-0.307205,-549.473206,-0.012184,-0.012401,-0.314994,-1.366517,-0.069614,-3.149937,-549.473206,-0.313693,0.000000
50.310001,-0.289703,-549.517639,-0.012180,-0.012396,-0.314846,-1.288665,-0.065648,-3.148463,-549.517639,-0.313519,0.000000
50.320004,-0.289703,-549.428711,-0.012202,-0.012388,-0.314664,-1.288665,-0.065648,-3.146642,-549.428711,-0.313363,0.000000
50.330002,-0.275543,-549.562134,-0.012206,-0.012382,-0.314499,-1.225677,-0.062439,-3.144994,-549.562134,-0.313190,0.000000
50.340004,-0.294907,-549.517639,-0.012240,-0.012374,-0.314309,-1.311810,-0.066827,-3.143086,-549.517639,-0.313034,0.000000
50.350002,-0.310547,-549.384216,-0.012318,-0.012367,-0.314109,-1.381382,-0.070371,-3.141091,-549.384216,-0.312860,0.000000
50.360001,-0.303101,-549.606628,-0.012305,-0.012360,-0.313944,-1.348259,-0.068684,-3.139444,-549.606628,-0.312687,0.000000
50.370003,-0.299011,-549.428711,-0.012271,-0.012354,-0.313780,-1.330068,-0.067757,-3.137796,-549.428711,-0.312531,0.000000
50.380001,-0.287460,-549.473206,-0.012262,-0.012349,-0.313658,-1.278687,-0.065139,-3.136582,-549.473206,-0.312357,0.000000
50.390003,-0.294174,-549.428711,-0.012219,-0.012343,-0.313502,-1.308552,-0.066661,-3.135021,-549.428711,-0.312201,0.000000
50.400002,-0.306076,-549.428711,-0.012219,-0.012335,-0.313303,-1.361494,-0.069358,-3.133026,-549.428711,-0.312028,0.000000
50.410004,-0.313538,-549.562134,-0.012197,-0.012327,-0.313103,-1.394685,-0.071049,-3.131032,-549.562134,-0.311854,0.000000
50.420002,-0.316132,-549.428711,-0.012184,-0.012320,-0.312938,-1.406224,-0.071636,-3.129384,-549.428711,-0.311698,0.000000
50.430004,-0.314651,-549.562134,-0.012167,-0.012313,-0.312756,-1.399640,-0.071301,-3.127563,-549.562134,-0.311525,0.000000
50.440002,-0.303482,-549.517639,-0.012215,-0.012306,-0.312565,-1.349956,-0.068770,-3.125655,-549.517639,-0.311369,0.000000
50.450001,-0.291931,-549.473206,-0.012184,-0.012297,-0.312340,-1.298575,-0.066153,-3.123400,-549.473206,-0.311195,0.000000
50.460003,-0.284119,-549.562134,-0.012202,-0.012289,-0.312132,-1.263823,-0.064382,-3.121319,-549.562134,-0.311022,0.000000
50.470001,-0.251709,-549.428711,-0.012227,-0.012284,-0.312010,-1.119658,-0.057038,-3.120105,-549.428711,-0.310866,0.000000
50.480003,-0.247620,-549.517639,-0.012318,-0.012283,-0.311984,-1.101467,-0.056111,-3.119844,-549.517639,-0.310692,0.000000
50.490002,-0.258041,-549.517639,-0.012314,-0.012282,-0.311967,-1.147825,-0.058473,-3.119671,-549.517639,-0.310536,0.000000
50.500004,-0.262146,-549.428711,-0.012322,-0.012279,-0.311880,-1.166084,-0.059403,-3.118804,-549.428711,-0.310363,0.000000
50.510002,-0.260284,-549.517639,-0.012296,-0.012273,-0.311733,-1.157803,-0.058981,-3.117329,-549.517639,-0.310189,0.000000
50.520004,-0.244644,-549.384216,-0.012240,-0.012263,-0.311490,-1.088232,-0.055437,-3.114901,-549.384216,-0.310033,0.000000
50.530003,-0.237198,-549.517639,-0.012167,-0.012253,-0.311230,-1.055109,-0.053750,-3.112299,-549.517639,-0.309860,0.000000
50.540001,-0.241287,-549.428711,-0.012163,-0.012243,-0.310978,-1.073299,-0.054676,-3.109785,-549.428711,-0.309704,0.000000
50.550003,-0.242035,-549.473206,-0.012163,-0.012236,-0.310796,-1.076625,-0.054846,-3.107963,-549.473206,-0.309530,0.000000
50.560001,-0.247253,-549.562134,-0.012171,-0.012231,-0.310658,-1.099838,-0.056028,-3.106576,-549.562134,-0.309357,0.000000
50.570004,-0.237946,-549.428711,-0.012193,-0.012226,-0.310545,-1.058435,-0.053919,-3.105448,-549.428711,-0.309201,0.000000
50.580002,-0.227890,-549.517639,-0.012197,-0.012221,-0.310415,-1.013705,-0.051641,-3.104147,-549.517639,-0.309027,0.000000
50.590004,-0.243530,-549.606628,-0.012275,-0.012214,-0.310224,-1.083277,-0.055185,-3.102240,-549.606628,-0.308854,0.000000
50.600002,-0.248367,-549.473206,-0.012292,-0.012205,-0.310016,-1.104793,-0.056281,-3.100158,-549.473206,-0.308698,0.000000
50.610001,-0.252457,-549.606628,-0.012314,-0.012199,-0.309860,-1.122983,-0.057207,-3.098598,-549.606628,-0.308524,0.000000
50.620003,-0.255814,-549.428711,-0.012322,-0.012193,-0.309695,-1.137916,-0.057968,-3.096950,-549.428711,-0.308368,0.000000
50.630001,-0.245010,-549.473206,-0.012271,-0.012187,-0.309548,-1.089861,-0.055520,-3.095475,-549.473206,-0.308195,0.000000
50.640003,-0.248367,-549.517639,-0.012309,-0.012179,-0.309357,-1.104793,-0.056281,-3.093568,-549.517639,-0.308021,0.000000
50.650002,-0.244644,-549.384216,-0.012296,-0.012171,-0.309149,-1.088232,-0.055437,-3.091486,-549.384216,-0.307865,0.000000
50.660004,-0.239807,-549.562134,-0.012219,-0.012163,-0.308932,-1.066715,-0.054341,-3.089318,-549.562134,-0.307692,0.000000
50.670002,-0.227890,-549.428711,-0.012163,-0.012157,-0.308776,-1.013705,-0.051641,-3.087757,-549.428711,-0.307536,0.000000
50.680004,-0.224533,-549.517639,-0.012180,-0.012151,-0.308646,-0.998773,-0.050880,-3.086456,-549.517639,-0.307362,0.000000
50.690002,-0.225647,-549.517639,-0.012189,-0.012148,-0.308550,-1.003728,-0.051132,-3.085502,-549.517639,-0.307189,0.000000
50.700001,-0.214478,-549.384216,-0.012171,-0.012143,-0.308429,-0.954044,-0.048601,-3.084288,-549.384216,-0.307033,0.000000
50.710003,-0.204422,-549.517639,-0.012288,-0.012135,-0.308229,-0.909314,-0.046323,-3.082294,-549.517639,-0.306859,0.000000
50.720001,-0.201813,-549.428711,-0.012314,-0.012126,-0.308004,-0.897708,-0.045731,-3.080039,-549.428711,-0.306703,0.000000
50.730003,-0.211502,-549.517639,-0.012292,-0.012117,-0.307761,-0.940808,-0.047927,-3.077610,-549.517639,-0.306530,0.000000
50.740002,-0.208145,-549.473206,-0.012271,-0.012110,-0.307605,-0.925876,-0.047166,-3.076049,-549.473206,-0.306356,0.000000
50.750004,-0.216339,-549.428711,-0.012275,-0.012105,-0.307466,-0.962324,-0.049023,-3.074662,-549.428711,-0.306200,0.000000
50.760002,-0.215591,-549.562134,-0.012232,-0.012098,-0.307301,-0.958999,-0.048854,-3.073014,-549.562134,-0.306027,0.000000
50.770004,-0.207779,-549.428711,-0.012206,-0.012091,-0.307111,-0.924247,-0.047083,-3.071106,-549.428711,-0.305870,0.000000
50.780003,-0.211868,-549.562134,-0.012202,-0.012084,-0.306929,-0.942437,-0.048010,-3.069285,-549.562134,-0.305697,0.000000
50.790001,-0.224167,-549.473206,-0.012193,-0.012078,-0.306772,-0.997144,-0.050797,-3.067724,-549.473206,-0.305524,0.000000
50.800003,-0.224167,-549.473206,-0.012193,-0.012072,-0.306625,-0.997144,-0.050797,-3.066250,-549.473206,-0.305367,0.000000
50.810001,-0.236084,-549.562134,-0.012150,-0.012066,-0.306469,-1.050154,-0.053497,-3.064689,-549.562134,-0.305194,0.000000
50.820004,-0.224533,-549.517639,-0.012193,-0.012060,-0.306321,-0.998773,-0.050880,-3.063215,-549.517639,-0.305038,0.000000
50.830002,-0.226761,-549.473206,-0.012189,-0.012055,-0.306191,-1.008683,-0.051385,-3.061914,-549.473206,-0.304864,0.000000
50.840004,-0.210388,-549.517639,-0.012163,-0.012051,-0.306096,-0.935853,-0.047675,-3.060960,-549.517639,-0.304691,0.000000
50.850002,-0.208527,-549.428711,-0.012176,-0.012046,-0.305975,-0.927573,-0.047253,-3.059746,-549.428711,-0.304535,0.000000
50.860001,-0.203308,-549.562134,-0.012210,-0.012039,-0.305792,-0.904360,-0.046070,-3.057925,-549.562134,-0.304362,0.000000
50.870003,-0.192505,-549.428711,-0.012163,-0.012031,-0.305576,-0.856304,-0.043622,-3.055757,-549.428711,-0.304205,0.000000
50.880001,-0.187668,-549.473206,-0.012158,-0.012021,-0.305342,-0.834788,-0.042526,-3.053415,-549.473206,-0.304032,0.000000
50.890003,-0.172775,-549.606628,-0.012176,-0.012014,-0.305159,-0.768543,-0.039151,-3.051594,-549.606628,-0.303859,0.000000
50.900002,-0.150803,-549.428711,-0.012180,-0.012008,-0.305012,-0.670804,-0.034172,-3.050120,-549.428711,-0.303702,0.000000
50.910004,-0.163467,-549.562134,-0.012176,-0.011999,-0.304778,-0.727139,-0.037042,-3.047778,-549.562134,-0.303529,0.000000
50.920002,-0.164948,-549.428711,-0.012271,-0.011989,-0.304526,-0.733723,-0.037378,-3.045263,-549.428711,-0.303373,0.000000
50.930004,-0.160110,-549.517639,-0.012227,-0.011982,-0.304344,-0.712207,-0.036282,-3.043442,-549.517639,-0.303199,0.000000
50.940002,-0.150436,-549.562134,-0.012133,-0.011975,-0.304171,-0.669175,-0.034089,-3.041708,-549.562134,-0.303026,0.000000
50.950001,-0.145584,-549.473206,-0.012184,-0.011968,-0.303980,-0.647590,-0.032990,-3.039800,-549.473206,-0.302870,0.000000
50.960003,-0.156387,-549.562134,-0.012193,-0.011961,-0.303815,-0.695646,-0.035438,-3.038152,-549.562134,-0.302696,0.000000
50.970001,-0.166077,-549.517639,-0.012223,-0.011955,-0.303668,-0.738746,-0.037634,-3.036678,-549.517639,-0.302523,0.000000
50.980003,-0.177994,-549.517639,-0.012206,-0.011949,-0.303512,-0.791756,-0.040334,-3.035116,-549.517639,-0.302367,0.000000
50.990002,-0.186172,-549.562134,-0.012296,-0.011943,-0.303356,-0.828137,-0.042187,-3.033556,-549.562134,-0.302193,0.000000
51.000004,-0.172775,-549.473206,-0.012275,-0.011936,-0.303182,-0.768543,-0.039151,-3.031821,-549.473206,-0.302037,0.000000
51.010002,-0.179108,-549.562134,-0.012305,-0.011931,-0.303052,-0.796711,-0.040586,-3.030520,-549.562134,-0.301864,0.000000
51.020004,-0.177612,-549.428711,-0.012279,-0.011927,-0.302948,-0.790059,-0.040248,-3.029480,-549.428711,-0.301690,0.000000
51.030003,-0.183945,-549.517639,-0.012240,-0.011923,-0.302835,-0.818227,-0.041682,-3.028352,-549.517639,-0.301534,0.000000
51.040001,-0.186920,-549.517639,-0.012171,-0.011916,-0.302662,-0.831462,-0.042357,-3.026618,-549.517639,-0.301361,0.000000
51.050003,-0.154160,-549.473206,-0.012154,-0.011908,-0.302471,-0.685736,-0.034933,-3.024710,-549.473206,-0.301205,0.000000
51.060001,-0.148575,-549.517639,-0.012176,-0.011902,-0.302306,-0.660894,-0.033668,-3.023062,-549.517639,-0.301031,0.000000
51.070004,-0.147827,-549.473206,-0.012215,-0.011896,-0.302150,-0.657568,-0.033498,-3.021501,-549.473206,-0.300858,0.000000
51.080002,-0.139267,-549.517639,-0.012253,-0.011891,-0.302020,-0.619490,-0.031558,-3.020200,-549.517639,-0.300702,0.000000
51.090004,-0.120636,-549.517639,-0.012249,-0.011885,-0.301881,-0.536616,-0.027337,-3.018813,-549.517639,-0.300528,0.000000
51.100002,-0.113190,-549.517639,-0.012154,-0.011879,-0.301716,-0.503493,-0.025649,-3.017165,-549.517639,-0.300372,0.000000
51.110001,-0.116547,-549.562134,-0.012150,-0.011871,-0.301534,-0.518425,-0.026410,-3.015344,-549.562134,-0.300199,0.000000
51.120003,-0.115799,-549.473206,-0.012163,-0.011863,-0.301309,-0.515099,-0.026240,-3.013089,-549.473206,-0.300025,0.000000
51.130001,-0.119156,-549.562134,-0.012171,-0.011854,-0.301101,-0.530032,-0.027001,-3.011008,-549.562134,-0.299869,0.000000
51.140003,-0.115799,-549.517639,-0.012167,-0.011848,-0.300936,-0.515099,-0.026240,-3.009360,-549.517639,-0.299696,0.000000
51.150002,-0.110962,-549.428711,-0.012180,-0.011841,-0.300763,-0.493583,-0.025144,-3.007625,-549.428711,-0.299540,0.000000
51.160004,-0.128830,-549.517639,-0.012202,-0.011834,-0.300580,-0.573064,-0.029193,-3.005804,-549.517639,-0.299366,0.000000
51.170002,-0.137772,-549.473206,-0.012258,-0.011826,-0.300381,-0.612839,-0.031219,-3.003810,-549.473206,-0.299193,0.000000
51.180004,-0.154526,-549.517639,-0.012305,-0.011820,-0.300216,-0.687365,-0.035016,-3.002162,-549.517639,-0.299037,0.000000
51.190002,-0.137405,-549.562134,-0.012266,-0.011815,-0.300112,-0.611210,-0.031137,-3.001121,-549.562134,-0.298863,0.000000
51.200001,-0.149689,-549.473206,-0.012245,-0.011811,-0.300008,-0.665849,-0.033920,-3.000081,-549.473206,-0.298707,0.000000
51.210003,-0.154907,-549.562134,-0.012232,-0.011807,-0.299895,-0.689062,-0.035102,-2.998953,-549.562134,-0.298534,0.000000
51.220001,-0.142990,-549.428711,-0.012154,-0.011801,-0.299748,-0.636052,-0.032402,-2.997479,-549.428711,-0.298360,0.000000
51.230003,-0.132553,-549.517639,-0.012158,-0.011795,-0.299583,-0.589626,-0.030037,-2.995831,-549.517639,-0.298204,0.000000
51.240002,-0.134796,-549.562134,-0.012176,-0.011786,-0.299375,-0.599603,-0.030545,-2.993750,-549.562134,-0.298031,0.000000
51.250004,-0.119156,-549.517639,-0.012171,-0.011778,-0.299167,-0.530032,-0.027001,-2.991668,-549.517639,-0.297875,0.000000
51.260002,-0.115799,-549.606628,-0.012171,-0.011771,-0.298976,-0.515099,-0.026240,-2.989761,-549.606628,-0.297701,0.000000
51.270004,-0.118774,-549.517639,-0.012167,-0.011766,-0.298846,-0.528335,-0.026915,-2.988460,-549.517639,-0.297528,0.000000
51.280003,-0.104996,-549.473206,-0.012171,-0.011761,-0.298725,-0.467044,-0.023792,-2.987246,-549.473206,-0.297372,0.000000
51.290001,-0.103516,-549.562134,-0.012249,-0.011756,-0.298603,-0.460460,-0.023457,-2.986032,-549.562134,-0.297198,0.000000
51.300003,-0.104263,-549.473206,-0.012202,-0.011750,-0.298456,-0.463786,-0.023626,-2.984557,-549.473206,-0.297042,0.000000
51.310001,-0.099792,-549.517639,-0.012202,-0.011745,-0.298326,-0.443899,-0.022613,-2.983256,-549.517639,-0.296869,0.000000
51.320004,-0.096436,-549.517639,-0.012184,-0.011739,-0.298161,-0.428967,-0.021853,-2.981609,-549.517639,-0.296695,0.000000
51.330002,-0.094940,-549.517639,-0.012193,-0.011730,-0.297953,-0.422315,-0.021514,-2.979527,-549.517639,-0.296539,0.000000
51.340004,-0.079315,-549.562134,-0.012223,-0.011721,-0.297701,-0.352812,-0.017973,-2.977012,-549.562134,-0.296366,0.000000
51.350002,-0.084518,-549.428711,-0.012227,-0.011712,-0.297476,-0.375957,-0.019152,-2.974758,-549.428711,-0.296192,0.000000
51.360001,-0.083038,-549.562134,-0.012262,-0.011705,-0.297311,-0.369373,-0.018817,-2.973110,-549.562134,-0.296036,0.000000
51.370003,-0.105377,-549.473206,-0.012301,-0.011700,-0.297172,-0.468741,-0.023879,-2.971722,-549.473206,-0.295863,0.000000
51.380001,-0.110962,-549.562134,-0.012253,-0.011694,-0.297025,-0.493583,-0.025144,-2.970248,-549.562134,-0.295707,0.000000
51.390003,-0.103882,-549.562134,-0.012176,-0.011687,-0.296851,-0.462089,-0.023540,-2.968513,-549.562134,-0.295533,0.000000
51.400002,-0.103134,-549.428711,-0.012120,-0.011680,-0.296678,-0.458764,-0.023371,-2.966779,-549.428711,-0.295360,0.000000
51.410004,-0.103134,-549.562134,-0.012137,-0.011674,-0.296530,-0.458764,-0.023371,-2.965305,-549.562134,-0.295204,0.000000
51.420002,-0.099045,-549.517639,-0.012171,-0.011669,-0.296383,-0.440573,-0.022444,-2.963831,-549.517639,-0.295030,0.000000
51.430004,-0.097183,-549.517639,-0.012180,-0.011662,-0.296218,-0.432293,-0.022022,-2.962183,-549.517639,-0.294874,0.000000
51.440002,-0.099045,-549.562134,-0.012120,-0.011655,-0.296027,-0.440573,-0.022444,-2.960275,-549.562134,-0.294701,0.000000
51.450001,-0.090103,-549.473206,-0.012167,-0.011647,-0.295845,-0.400799,-0.020418,-2.958454,-549.473206,-0.294527,0.000000
51.460003,-0.091217,-549.562134,-0.012163,-0.011640,-0.295663,-0.405754,-0.020670,-2.956632,-549.562134,-0.294371,0.000000
51.470001,-0.088242,-549.473206,-0.012150,-0.011636,-0.295542,-0.392518,-0.019996,-2.955418,-549.473206,-0.294198,0.000000
51.480003,-0.083038,-549.517639,-0.012146,-0.011629,-0.295386,-0.369373,-0.018817,-2.953857,-549.517639,-0.294042,0.000000
51.490002,-0.079315,-549.562134,-0.012176,-0.011624,-0.295238,-0.352812,-0.017973,-2.952383,-549.562134,-0.293868,0.000000
51.500004,-0.077820,-549.517639,-0.012141,-0.011617,-0.295082,-0.346160,-0.017634,-2.950822,-549.517639,-0.293695,0.000000
51.510002,-0.080048,-549.606628,-0.012171,-0.011611,-0.294917,-0.356070,-0.018139,-2.949174,-549.606628,-0.293539,0.000000
51.520004,-0.076706,-549.517639,-0.012197,-0.011605,-0.294761,-0.341205,-0.017382,-2.947613,-549.517639,-0.293365,0.000000
51.530003,-0.071487,-549.428711,-0.012219,-0.011599,-0.294605,-0.317992,-0.016199,-2.946053,-549.428711,-0.293209,0.000000
51.540001,-0.068878,-549.517639,-0.012193,-0.011590,-0.294380,-0.306385,-0.015608,-2.943798,-549.517639,-0.293036,0.000000
51.550003,-0.075211,-549.473206,-0.012193,-0.011579,-0.294111,-0.334553,-0.017043,-2.941109,-549.473206,-0.292862,0.000000
51.560001,-0.091599,-549.562134,-0.012223,-0.011570,-0.293885,-0.407451,-0.020757,-2.938854,-549.562134,-0.292706,0.000000
51.570004,-0.102020,-549.428711,-0.012215,-0.011564,-0.293721,-0.453809,-0.023118,-2.937207,-549.428711,-0.292533,0.000000
51.580002,-0.098679,-549.517639,-0.012236,-0.011559,-0.293608,-0.438944,-0.022361,-2.936079,-549.517639,-0.292376,0.000000
51.590004,-0.103134,-549.517639,-0.012258,-0.011556,-0.293513,-0.458764,-0.023371,-2.935125,-549.517639,-0.292203,0.000000
51.600002,-0.102020,-549.473206,-0.012258,-0.011552,-0.293408,-0.453809,-0.023118,-2.934085,-549.473206,-0.292030,0.000000
51.610001,-0.102020,-549.606628,-0.012271,-0.011547,-0.293304,-0.453809,-0.023118,-2.933044,-549.606628,-0.291873,0.000000
51.620003,-0.092346,-549.473206,-0.012227,-0.011541,-0.293148,-0.410776,-0.020926,-2.931483,-549.473206,-0.291700,0.000000
51.630001,-0.093826,-549.562134,-0.012210,-0.011533,-0.292931,-0.417360,-0.021261,-2.929315,-549.562134,-0.291544,0.000000
51.640003,-0.090851,-549.562134,-0.012197,-0.011524,-0.292706,-0.404125,-0.020587,-2.927060,-549.562134,-0.291370,0.000000
51.650002,-0.085266,-549.517639,-0.012180,-0.011517,-0.292524,-0.379283,-0.019322,-2.925239,-549.517639,-0.291197,0.000000
51.660004,-0.087875,-549.606628,-0.012124,-0.011510,-0.292359,-0.390889,-0.019913,-2.923591,-549.606628,-0.291041,0.000000
51.670002,-0.069260,-549.517639,-0.012133,-0.011505,-0.292238,-0.308082,-0.015694,-2.922377,-549.517639,-0.290867,0.000000
51.680004,-0.067764,-549.562134,-0.012098,-0.011501,-0.292116,-0.301431,-0.015356,-2.921163,-549.562134,-0.290711,0.000000
51.690002,-0.064407,-549.517639,-0.012133,-0.011496,-0.292004,-0.286498,-0.014595,-2.920036,-549.517639,-0.290538,0.000000
51.700001,-0.067764,-549.473206,-0.012085,-0.011493,-0.291917,-0.301431,-0.015356,-2.919168,-549.473206,-0.290365,0.000000
51.710003,-0.086380,-549.606628,-0.012111,-0.011489,-0.291830,-0.384237,-0.019574,-2.918301,-549.606628,-0.290208,0.000000
51.720001,-0.080795,-549.517639,-0.012102,-0.011485,-0.291709,-0.359395,-0.018308,-2.917087,-549.517639,-0.290035,0.000000
51.730003,-0.073349,-549.562134,-0.012115,-0.011474,-0.291449,-0.326273,-0.016621,-2.914485,-549.562134,-0.289862,0.000000
51.740002,-0.067764,-549.606628,-0.012124,-0.011462,-0.291136,-0.301431,-0.015356,-2.911363,-549.606628,-0.289705,0.000000
51.750004,-0.068512,-549.517639,-0.012146,-0.011451,-0.290859,-0.304756,-0.015525,-2.908588,-549.517639,-0.289532,0.000000
51.760002,-0.081543,-549.606628,-0.012094,-0.011443,-0.290651,-0.362721,-0.018478,-2.906507,-549.606628,-0.289376,0.000000
51.770004,-0.098297,-549.473206,-0.012077,-0.011437,-0.290512,-0.437247,-0.022274,-2.905119,-549.473206,-0.289202,0.000000
51.780003,-0.100159,-549.562134,-0.012059,-0.011434,-0.290417,-0.445528,-0.022696,-2.904166,-549.562134,-0.289029,0.000000
51.790001,-0.085266,-549.562134,-0.012137,-0.011430,-0.290321,-0.379283,-0.019322,-2.903212,-549.562134,-0.288873,0.000000
51.800003,-0.083771,-549.473206,-0.012146,-0.011426,-0.290217,-0.372631,-0.018983,-2.902171,-549.473206,-0.288699,0.000000
51.810001,-0.090103,-549.651123,-0.012171,-0.011422,-0.290122,-0.400799,-0.020418,-2.901217,-549.651123,-0.288543,0.000000
51.820004,-0.085266,-549.517639,-0.012180,-0.011417,-0.290000,-0.379283,-0.019322,-2.900003,-549.517639,-0.288370,0.000000
51.830002,-0.078934,-549.562134,-0.012150,-0.011412,-0.289853,-0.351115,-0.017887,-2.898528,-549.562134,-0.288196,0.000000
51.840004,-0.080048,-549.562134,-0.012089,-0.011406,-0.289705,-0.356070,-0.018139,-2.897054,-549.562134,-0.288040,0.000000
51.850002,-0.068130,-549.517639,-0.012077,-0.011398,-0.289506,-0.303060,-0.015439,-2.895060,-549.517639,-0.287867,0.000000
51.860001,-0.074844,-549.606628,-0.012029,-0.011388,-0.289246,-0.332924,-0.016960,-2.892458,-549.606628,-0.287711,0.000000
51.870003,-0.075958,-549.517639,-0.012008,-0.011376,-0.288942,-0.337879,-0.017212,-2.889423,-549.517639,-0.287537,0.000000
51.880001,-0.060684,-549.562134,-0.012025,-0.011364,-0.288656,-0.269937,-0.013751,-2.886561,-549.562134,-0.287364,0.000000
51.890003,-0.056961,-549.606628,-0.012012,-0.011355,-0.288413,-0.253375,-0.012908,-2.884133,-549.606628,-0.287208,0.000000
51.900002,-0.066269,-549.517639,-0.011973,-0.011347,-0.288205,-0.294779,-0.015017,-2.882051,-549.517639,-0.287034,0.000000
51.910004,-0.063293,-549.606628,-0.011999,-0.011339,-0.288014,-0.281543,-0.014343,-2.880143,-549.606628,-0.286878,0.000000
51.920002,-0.062180,-549.473206,-0.012012,-0.011332,-0.287841,-0.276589,-0.014090,-2.878409,-549.473206,-0.286705,0.000000
51.930004,-0.045792,-549.517639,-0.012128,-0.011327,-0.287693,-0.203691,-0.010377,-2.876935,-549.517639,-0.286531,0.000000
51.940002,-0.051758,-549.562134,-0.012111,-0.011322,-0.287572,-0.230230,-0.011728,-2.875720,-549.562134,-0.286375,0.000000
51.950001,-0.083771,-549.473206,-0.012072,-0.011318,-0.287468,-0.372631,-0.018983,-2.874680,-549.473206,-0.286202,0.000000
51.960003,-0.093826,-549.562134,-0.012111,-0.011312,-0.287329,-0.417360,-0.021261,-2.873292,-549.562134,-0.286046,0.000000
51.970001,-0.096436,-549.517639,-0.012102,-0.011306,-0.287164,-0.428967,-0.021853,-2.871644,-549.517639,-0.285872,0.000000
51.980003,-0.096436,-549.517639,-0.012051,-0.011300,-0.287026,-0.428967,-0.021853,-2.870257,-549.517639,-0.285699,0.000000
51.990002,-0.098297,-549.517639,-0.011999,-0.011297,-0.286956,-0.437247,-0.022274,-2.869563,-549.517639,-0.285543,0.000000
52.000004,-0.080429,-549.517639,-0.012021,-0.011295,-0.286896,-0.357766,-0.018225,-2.868956,-549.517639,-0.285369,0.000000
52.010002,-0.094208,-549.606628,-0.012016,-0.011291,-0.286792,-0.419057,-0.021348,-2.867915,-549.606628,-0.285213,0.000000
52.020004,-0.084152,-549.473206,-0.011990,-0.011286,-0.286661,-0.374328,-0.019069,-2.866615,-549.473206,-0.285040,0.000000
52.030003,-0.081543,-549.606628,-0.012003,-0.011280,-0.286523,-0.362721,-0.018478,-2.865227,-549.606628,-0.284866,0.000000
52.040001,-0.062546,-549.562134,-0.011956,-0.011273,-0.286323,-0.278217,-0.014173,-2.863232,-549.562134,-0.284710,0.000000
52.050003,-0.068512,-549.473206,-0.011947,-0.011263,-0.286072,-0.304756,-0.015525,-2.860717,-549.473206,-0.284537,0.000000
52.060001,-0.066650,-549.606628,-0.011943,-0.011252,-0.285812,-0.296476,-0.015103,-2.858116,-549.606628,-0.284381,0.000000
52.070004,-0.043930,-549.473206,-0.011977,-0.011243,-0.285569,-0.195411,-0.009955,-2.855687,-549.473206,-0.284207,0.000000
52.080002,-0.042068,-549.606628,-0.011952,-0.011234,-0.285343,-0.187130,-0.009533,-2.853433,-549.606628,-0.284034,0.000000
52.090004,-0.053619,-549.606628,-0.012003,-0.011225,-0.285118,-0.238511,-0.012150,-2.851178,-549.606628,-0.283878,0.000000
52.100002,-0.060684,-549.517639,-0.012033,-0.011218,-0.284936,-0.269937,-0.013751,-2.849357,-549.517639,-0.283704,0.000000
52.110001,-0.059570,-549.606628,-0.012021,-0.011212,-0.284788,-0.264982,-0.013499,-2.847883,-549.606628,-0.283531,0.000000
52.120003,-0.065155,-549.517639,-0.012008,-0.011205,-0.284615,-0.289824,-0.014764,-2.846148,-549.517639,-0.283375,0.000000
52.130001,-0.064407,-549.606628,-0.011930,-0.011198,-0.284433,-0.286498,-0.014595,-2.844327,-549.606628,-0.283201,0.000000
52.140003,-0.071854,-549.517639,-0.011904,-0.011192,-0.284268,-0.319621,-0.016282,-2.842679,-549.517639,-0.283045,0.000000
52.150002,-0.091599,-549.517639,-0.011895,-0.011187,-0.284138,-0.407451,-0.020757,-2.841378,-549.517639,-0.282872,0.000000
52.160004,-0.093460,-549.562134,-0.011878,-0.011182,-0.284025,-0.415731,-0.021178,-2.840251,-549.562134,-0.282698,0.000000
52.170002,-0.090851,-549.517639,-0.011887,-0.011178,-0.283912,-0.404125,-0.020587,-2.839123,-549.517639,-0.282542,0.000000
52.180004,-0.100159,-549.562134,-0.011917,-0.011173,-0.283782,-0.445528,-0.022696,-2.837823,-549.562134,-0.282369,0.000000
52.190002,-0.089737,-549.606628,-0.011913,-0.011166,-0.283609,-0.399170,-0.020335,-2.836088,-549.606628,-0.282213,0.000000
52.200001,-0.086761,-549.517639,-0.011870,-0.011158,-0.283409,-0.385934,-0.019660,-2.834094,-549.517639,-0.282039,0.000000
52.210003,-0.072235,-549.606628,-0.011874,-0.011150,-0.283201,-0.321318,-0.016369,-2.832012,-549.606628,-0.281866,0.000000
52.220001,-0.053238,-549.517639,-0.011852,-0.011143,-0.283028,-0.236814,-0.012064,-2.830278,-549.517639,-0.281710,0.000000
52.230003,-0.058823,-549.606628,-0.011852,-0.011138,-0.282906,-0.261656,-0.013329,-2.829064,-549.606628,-0.281536,0.000000
52.240002,-0.069260,-549.562134,-0.011874,-0.011133,-0.282768,-0.308082,-0.015694,-2.827676,-549.562134,-0.281380,0.000000
52.250004,-0.061066,-549.473206,-0.011904,-0.011125,-0.282577,-0.271634,-0.013838,-2.825768,-549.473206,-0.281207,0.000000
52.260002,-0.046539,-549.606628,-0.011934,-0.011116,-0.282343,-0.207017,-0.010546,-2.823427,-549.606628,-0.281033,0.000000
52.270004,-0.040588,-549.517639,-0.011930,-0.011108,-0.282152,-0.180546,-0.009197,-2.821519,-549.517639,-0.280877,0.000000
52.280003,-0.065536,-549.562134,-0.011857,-0.011102,-0.281978,-0.291521,-0.014851,-2.819784,-549.562134,-0.280704,0.000000
52.290001,-0.063293,-549.517639,-0.011805,-0.011097,-0.281857,-0.281543,-0.014343,-2.818570,-549.517639,-0.280547,0.000000
52.300003,-0.074844,-549.517639,-0.011814,-0.011091,-0.281710,-0.332924,-0.016960,-2.817096,-549.517639,-0.280374,0.000000
52.310001,-0.079315,-549.651123,-0.011848,-0.011084,-0.281527,-0.352812,-0.017973,-2.815275,-549.651123,-0.280201,0.000000
52.320004,-0.079681,-549.473206,-0.011788,-0.011077,-0.281363,-0.354441,-0.018056,-2.813627,-549.473206,-0.280045,0.000000
52.330002,-0.071854,-549.517639,-0.011762,-0.011071,-0.281207,-0.319621,-0.016282,-2.812066,-549.517639,-0.279871,0.000000
52.340004,-0.082657,-549.606628,-0.011740,-0.011065,-0.281042,-0.367676,-0.018730,-2.810418,-549.606628,-0.279715,0.000000
52.350002,-0.093079,-549.517639,-0.011766,-0.011058,-0.280877,-0.414034,-0.021092,-2.808771,-549.517639,-0.279542,0.000000
52.360001,-0.100906,-549.651123,-0.011809,-0.011052,-0.280721,-0.448854,-0.022866,-2.807209,-549.651123,-0.279368,0.000000
52.370003,-0.089355,-549.517639,-0.011878,-0.011047,-0.280591,-0.397473,-0.020248,-2.805909,-549.517639,-0.279212,0.000000
52.380001,-0.087128,-549.562134,-0.011844,-0.011041,-0.280443,-0.387563,-0.019743,-2.804435,-549.562134,-0.279039,0.000000
52.390003,-0.094574,-549.606628,-0.011852,-0.011034,-0.280270,-0.420686,-0.021431,-2.802700,-549.606628,-0.278882,0.000000
52.400002,-0.088242,-549.562134,-0.011809,-0.011026,-0.280053,-0.392518,-0.019996,-2.800532,-549.562134,-0.278709,0.000000
52.410004,-0.074844,-549.606628,-0.011770,-0.011015,-0.279793,-0.332924,-0.016960,-2.797930,-549.606628,-0.278536,0.000000
52.420002,-0.060684,-549.428711,-0.011710,-0.011008,-0.279602,-0.269937,-0.013751,-2.796022,-549.428711,-0.278379,0.000000
52.430004,-0.061432,-549.517639,-0.011745,-0.011003,-0.279481,-0.273263,-0.013921,-2.794808,-549.517639,-0.278206,0.000000
52.440002,-0.043930,-549.606628,-0.011684,-0.010999,-0.279368,-0.195411,-0.009955,-2.793681,-549.606628,-0.278050,0.000000
52.450001,-0.041321,-549.562134,-0.011732,-0.010992,-0.279186,-0.183804,-0.009363,-2.791860,-549.562134,-0.277876,0.000000
52.460003,-0.037979,-549.651123,-0.011745,-0.010985,-0.279021,-0.168940,-0.008606,-2.790212,-549.651123,-0.277703,0.000000
52.470001,-0.050629,-549.517639,-0.011727,-0.010978,-0.278848,-0.225208,-0.011473,-2.788478,-549.517639,-0.277547,0.000000
52.480003,-0.061066,-549.651123,-0.011723,-0.010970,-0.278648,-0.271634,-0.013838,-2.786483,-549.651123,-0.277373,0.000000
52.490002,-0.071854,-549.562134,-0.011697,-0.010963,-0.278466,-0.319621,-0.016282,-2.784662,-549.562134,-0.277200,0.000000
52.500004,-0.069626,-549.473206,-0.011663,-0.010956,-0.278293,-0.309711,-0.015777,-2.782927,-549.473206,-0.277044,0.000000
52.510002,-0.065536,-549.695618,-0.011645,-0.010951,-0.278163,-0.291521,-0.014851,-2.781626,-549.695618,-0.276870,0.000000
52.520004,-0.061813,-549.473206,-0.011628,-0.010946,-0.278024,-0.274960,-0.014007,-2.780239,-549.473206,-0.276714,0.000000
52.530003,-0.070374,-549.517639,-0.011667,-0.010939,-0.277842,-0.313037,-0.015947,-2.778418,-549.517639,-0.276541,0.000000
52.540001,-0.083771,-549.562134,-0.011624,-0.010931,-0.277642,-0.372631,-0.018983,-2.776423,-549.562134,-0.276367,0.000000
52.550003,-0.094208,-549.562134,-0.011624,-0.010924,-0.277469,-0.419057,-0.021348,-2.774688,-549.562134,-0.276211,0.000000
52.560001,-0.096436,-549.606628,-0.011615,-0.010917,-0.277287,-0.428967,-0.021853,-2.772867,-549.606628,-0.276038,0.000000
52.570004,-0.086380,-549.562134,-0.011663,-0.010909,-0.277087,-0.384237,-0.019574,-2.770873,-549.562134,-0.275882,0.000000
52.580002,-0.080048,-549.651123,-0.011684,-0.010900,-0.276862,-0.356070,-0.018139,-2.768618,-549.651123,-0.275708,0.000000
52.590004,-0.064789,-549.562134,-0.011719,-0.010891,-0.276636,-0.288195,-0.014681,-2.766363,-549.562134,-0.275535,0.000000
52.600002,-0.032394,-549.562134,-0.011684,-0.010886,-0.276506,-0.144098,-0.007341,-2.765062,-549.562134,-0.275379,0.000000
52.610001,-0.024567,-549.651123,-0.011706,-0.010884,-0.276463,-0.109278,-0.005567,-2.764629,-549.651123,-0.275205,0.000000
52.620003,-0.030899,-549.606628,-0.011658,-0.010884,-0.276454,-0.137446,-0.007002,-2.764542,-549.606628,-0.275049,0.000000
52.630001,-0.045425,-549.562134,-0.011693,-0.010882,-0.276402,-0.202062,-0.010294,-2.764022,-549.562134,-0.274876,0.000000
52.640003,-0.040588,-549.562134,-0.011628,-0.010877,-0.276272,-0.180546,-0.009197,-2.762721,-549.562134,-0.274702,0.000000
52.650002,-0.033508,-549.473206,-0.011628,-0.010868,-0.276055,-0.149052,-0.007593,-2.760553,-549.473206,-0.274546,0.000000
52.660004,-0.030151,-549.606628,-0.011607,-0.010858,-0.275786,-0.134120,-0.006832,-2.757864,-549.606628,-0.274373,0.000000
52.670002,-0.044312,-549.517639,-0.011563,-0.010846,-0.275500,-0.197107,-0.010041,-2.755002,-549.517639,-0.274217,0.000000
52.680004,-0.043182,-549.517639,-0.011551,-0.010838,-0.275292,-0.192085,-0.009785,-2.752921,-549.517639,-0.274043,0.000000
52.690002,-0.041702,-549.606628,-0.011542,-0.010832,-0.275136,-0.185501,-0.009450,-2.751360,-549.606628,-0.273870,0.000000
52.700001,-0.028290,-549.562134,-0.011529,-0.010828,-0.275023,-0.125839,-0.006411,-2.750233,-549.562134,-0.273714,0.000000
52.710003,-0.035370,-549.651123,-0.011563,-0.010823,-0.274893,-0.157333,-0.008015,-2.748932,-549.651123,-0.273540,0.000000
52.720001,-0.035736,-549.562134,-0.011585,-0.010816,-0.274720,-0.158962,-0.008098,-2.747198,-549.562134,-0.273384,0.000000
52.730003,-0.051010,-549.651123,-0.011607,-0.010808,-0.274512,-0.226904,-0.011559,-2.745116,-549.651123,-0.273211,0.000000
52.740002,-0.054733,-549.606628,-0.011594,-0.010801,-0.274347,-0.243466,-0.012403,-2.743469,-549.606628,-0.273037,0.000000
52.750004,-0.054352,-549.517639,-0.011581,-0.010795,-0.274182,-0.241769,-0.012316,-2.741821,-549.517639,-0.272881,0.000000
52.760002,-0.051758,-549.651123,-0.011598,-0.010789,-0.274035,-0.230230,-0.011728,-2.740346,-549.651123,-0.272708,0.000000
52.770004,-0.052872,-549.428711,-0.011563,-0.010782,-0.273853,-0.235185,-0.011981,-2.738525,-549.428711,-0.272552,0.000000
52.780003,-0.054733,-549.606628,-0.011525,-0.010774,-0.273662,-0.243466,-0.012403,-2.736617,-549.606628,-0.272378,0.000000
52.790001,-0.040955,-549.562134,-0.011490,-0.010766,-0.273454,-0.182175,-0.009280,-2.734536,-549.562134,-0.272205,0.000000
52.800003,-0.042068,-549.562134,-0.011456,-0.010759,-0.273280,-0.187130,-0.009533,-2.732801,-549.562134,-0.272049,0.000000
52.810001,-0.030899,-549.695618,-0.011473,-0.010754,-0.273150,-0.137446,-0.007002,-2.731501,-549.695618,-0.271875,0.000000
52.820004,-0.039459,-549.517639,-0.011520,-0.010750,-0.273046,-0.175523,-0.008942,-2.730460,-549.517639,-0.271719,0.000000
52.830002,-0.034988,-549.606628,-0.011538,-0.010745,-0.272925,-0.155636,-0.007928,-2.729246,-549.606628,-0.271546,0.000000
52.840004,-0.029404,-549.562134,-0.011546,-0.010738,-0.272734,-0.130794,-0.006663,-2.727338,-549.562134,-0.271372,0.000000
52.850002,-0.022339,-549.562134,-0.011533,-0.010729,-0.272517,-0.099368,-0.005062,-2.725170,-549.562134,-0.271216,0.000000
52.860001,-0.039459,-549.651123,-0.011490,-0.010719,-0.272265,-0.175523,-0.008942,-2.722655,-549.651123,-0.271043,0.000000
52.870003,-0.036484,-549.517639,-0.011516,-0.010713,-0.272101,-0.162288,-0.008267,-2.721007,-549.517639,-0.270869,0.000000
52.880001,-0.026810,-549.606628,-0.011507,-0.010707,-0.271962,-0.119255,-0.006075,-2.719620,-549.606628,-0.270713,0.000000
52.890003,-0.035370,-549.651123,-0.011507,-0.010700,-0.271789,-0.157333,-0.008015,-2.717885,-549.651123,-0.270540,0.000000
52.900002,-0.042816,-549.562134,-0.011490,-0.010693,-0.271606,-0.190456,-0.009702,-2.716064,-549.562134,-0.270384,0.000000
52.910004,-0.042816,-549.695618,-0.011482,-0.010686,-0.271433,-0.190456,-0.009702,-2.714330,-549.695618,-0.270210,0.000000
52.920002,-0.058090,-549.517639,-0.011426,-0.010680,-0.271277,-0.258398,-0.013163,-2.712769,-549.517639,-0.270037,0.000000
52.930004,-0.066650,-549.606628,-0.011391,-0.010675,-0.271147,-0.296476,-0.015103,-2.711468,-549.606628,-0.269881,0.000000
52.940002,-0.065903,-549.562134,-0.011344,-0.010669,-0.270982,-0.293150,-0.014934,-2.709820,-549.562134,-0.269707,0.000000
52.950001,-0.072983,-549.473206,-0.011352,-0.010663,-0.270835,-0.324644,-0.016538,-2.708346,-549.473206,-0.269551,0.000000
52.960003,-0.072601,-549.651123,-0.011322,-0.010658,-0.270705,-0.322947,-0.016452,-2.707045,-549.651123,-0.269378,0.000000
52.970001,-0.060684,-549.562134,-0.011326,-0.010653,-0.270592,-0.269937,-0.013751,-2.705918,-549.562134,-0.269204,0.000000
52.980003,-0.056229,-549.562134,-0.011326,-0.010648,-0.270470,-0.250117,-0.012742,-2.704703,-549.562134,-0.269048,0.000000
52.990002,-0.052872,-549.562134,-0.011344,-0.010642,-0.270297,-0.235185,-0.011981,-2.702969,-549.562134,-0.268875,0.000000
53.000004,-0.034256,-549.517639,-0.011369,-0.010633,-0.270080,-0.152378,-0.007763,-2.700801,-549.517639,-0.268719,0.000000
53.010002,-0.031265,-549.651123,-0.011438,-0.010624,-0.269846,-0.139075,-0.007085,-2.698460,-549.651123,-0.268545,0.000000
53.020004,-0.026810,-549.517639,-0.011469,-0.010617,-0.269664,-0.119255,-0.006075,-2.696638,-549.517639,-0.268372,0.000000
53.030003,-0.017502,-549.562134,-0.011369,-0.010611,-0.269516,-0.077852,-0.003966,-2.695164,-549.562134,-0.268216,0.000000
53.040001,-0.012283,-549.562134,-0.011300,-0.010603,-0.269308,-0.054639,-0.002783,-2.693083,-549.562134,-0.268042,0.000000
53.050003,-0.024200,-549.562134,-0.011300,-0.010593,-0.269057,-0.107649,-0.005484,-2.690568,-549.562134,-0.267886,0.000000
53.060001,-0.018616,-549.651123,-0.011270,-0.010586,-0.268875,-0.082807,-0.004218,-2.688746,-549.651123,-0.267713,0.000000
53.070004,-0.012283,-549.606628,-0.011253,-0.010579,-0.268701,-0.054639,-0.002783,-2.687012,-549.606628,-0.267539,0.000000
53.080002,-0.015625,-549.562134,-0.011275,-0.010571,-0.268502,-0.069503,-0.003541,-2.685018,-549.562134,-0.267383,0.000000
53.090004,-0.018234,-549.517639,-0.011249,-0.010564,-0.268337,-0.081110,-0.004132,-2.683370,-549.517639,-0.267210,0.000000
53.100002,-0.023087,-549.562134,-0.011232,-0.010559,-0.268198,-0.102694,-0.005231,-2.681982,-549.562134,-0.267053,0.000000
53.110004,-0.046539,-549.651123,-0.011249,-0.010553,-0.268051,-0.207017,-0.010546,-2.680508,-549.651123,-0.266880,0.000000
53.120003,-0.043930,-549.562134,-0.011223,-0.010547,-0.267895,-0.195411,-0.009955,-2.678947,-549.562134,-0.266707,0.000000
53.130001,-0.042816,-549.606628,-0.011270,-0.010540,-0.267713,-0.190456,-0.009702,-2.677126,-549.606628,-0.266550,0.000000
53.140003,-0.049149,-549.606628,-0.011305,-0.010534,-0.267565,-0.218624,-0.011137,-2.675652,-549.606628,-0.266377,0.000000
53.150002,-0.042068,-549.606628,-0.011275,-0.010530,-0.267452,-0.187130,-0.009533,-2.674524,-549.606628,-0.266221,0.000000
53.160004,-0.054733,-549.651123,-0.011270,-0.010526,-0.267357,-0.243466,-0.012403,-2.673570,-549.651123,-0.266048,0.000000
53.170002,-0.046539,-549.517639,-0.011232,-0.010520,-0.267201,-0.207017,-0.010546,-2.672009,-549.517639,-0.265874,0.000000
53.180004,-0.026062,-549.695618,-0.011210,-0.010512,-0.267010,-0.115930,-0.005906,-2.670101,-549.695618,-0.265718,0.000000
53.190002,-0.027924,-549.606628,-0.011201,-0.010505,-0.266828,-0.124210,-0.006328,-2.668280,-549.606628,-0.265545,0.000000
53.200001,-0.021957,-549.562134,-0.011249,-0.010499,-0.266672,-0.097671,-0.004976,-2.666719,-549.562134,-0.265388,0.000000
53.210003,-0.030899,-549.651123,-0.011219,-0.010493,-0.266533,-0.137446,-0.007002,-2.665332,-549.651123,-0.265215,0.000000
53.220001,-0.009674,-549.606628,-0.011210,-0.010489,-0.266412,-0.043032,-0.002192,-2.664117,-549.606628,-0.265042,0.000000
53.230003,-0.007065,-549.651123,-0.011163,-0.010482,-0.266238,-0.031426,-0.001601,-2.662383,-549.651123,-0.264885,0.000000
53.240002,-0.003342,-549.606628,-0.011154,-0.010475,-0.266056,-0.014865,-0.000757,-2.660562,-549.606628,-0.264712,0.000000
53.250004,-0.001480,-549.517639,-0.011188,-0.010466,-0.265839,-0.006584,-0.000335,-2.658394,-549.517639,-0.264538,0.000000
53.260002,-0.011169,-549.695618,-0.011283,-0.010458,-0.265631,-0.049684,-0.002531,-2.656312,-549.695618,-0.264382,0.000000
53.270004,-0.007812,-549.562134,-0.011249,-0.010451,-0.265458,-0.034752,-0.001770,-2.654578,-549.562134,-0.264209,0.000000
53.280003,-0.018982,-549.606628,-0.011232,-0.010445,-0.265293,-0.084436,-0.004301,-2.652930,-549.606628,-0.264053,0.000000
53.290001,-0.018234,-549.562134,-0.011240,-0.010437,-0.265102,-0.081110,-0.004132,-2.651022,-549.562134,-0.263879,0.000000
53.300003,-0.019363,-549.517639,-0.011236,-0.010429,-0.264894,-0.086133,-0.004388,-2.648941,-549.517639,-0.263706,0.000000
53.310001,-0.034988,-549.651123,-0.011180,-0.010422,-0.264721,-0.155636,-0.007928,-2.647206,-549.651123,-0.263550,0.000000
53.320004,-0.031265,-549.562134,-0.011193,-0.010418,-0.264617,-0.139075,-0.007085,-2.646166,-549.562134,-0.263376,0.000000
53.330002,-0.048035,-549.651123,-0.011175,-0.010414,-0.264513,-0.213669,-0.010885,-2.645125,-549.651123,-0.263220,0.000000
53.340004,-0.056595,-549.606628,-0.011150,-0.010410,-0.264408,-0.251746,-0.012825,-2.644084,-549.606628,-0.263047,0.000000
53.350002,-0.045425,-549.517639,-0.011124,-0.010405,-0.264278,-0.202062,-0.010294,-2.642783,-549.517639,-0.262873,0.000000
53.360004,-0.055481,-549.695618,-0.011106,-0.010398,-0.264114,-0.246792,-0.012572,-2.641136,-549.695618,-0.262717,0.000000
53.370003,-0.042450,-549.517639,-0.011085,-0.010391,-0.263931,-0.188827,-0.009619,-2.639315,-549.517639,-0.262544,0.000000
53.380001,-0.036484,-549.651123,-0.011098,-0.010382,-0.263706,-0.162288,-0.008267,-2.637060,-549.651123,-0.262388,0.000000
53.390003,-0.032013,-549.606628,-0.011055,-0.010374,-0.263507,-0.142401,-0.007254,-2.635065,-549.606628,-0.262214,0.000000
53.400002,-0.041702,-549.562134,-0.011046,-0.010368,-0.263350,-0.185501,-0.009450,-2.633504,-549.562134,-0.262041,0.000000
53.410004,-0.032013,-549.606628,-0.011037,-0.010363,-0.263229,-0.142401,-0.007254,-2.632290,-549.606628,-0.261885,0.000000
53.420002,-0.018234,-549.473206,-0.011081,-0.010358,-0.263099,-0.081110,-0.004132,-2.630989,-549.473206,-0.261711,0.000000
53.430004,-0.021957,-549.651123,-0.011081,-0.010352,-0.262951,-0.097671,-0.004976,-2.629515,-549.651123,-0.261555,0.000000
53.440002,-0.013397,-549.562134,-0.011089,-0.010347,-0.262813,-0.059594,-0.003036,-2.628127,-549.562134,-0.261382,0.000000
53.450001,-0.019730,-549.562134,-0.011033,-0.010341,-0.262665,-0.087762,-0.004471,-2.626653,-549.562134,-0.261208,0.000000
53.460003,-0.018982,-549.651123,-0.011037,-0.010334,-0.262475,-0.084436,-0.004301,-2.624745,-549.651123,-0.261052,0.000000
53.470001,-0.014893,-549.562134,-0.011055,-0.010324,-0.262232,-0.066245,-0.003375,-2.622317,-549.562134,-0.260879,0.000000
53.480003,-0.014511,-549.651123,-0.011025,-0.010315,-0.261998,-0.064549,-0.003288,-2.619976,-549.651123,-0.260723,0.000000
53.490002,-0.015259,-549.562134,-0.011020,-0.010308,-0.261815,-0.067874,-0.003458,-2.618154,-549.562134,-0.260549,0.000000
53.500004,-0.032761,-549.562134,-0.010994,-0.010302,-0.261677,-0.145727,-0.007424,-2.616767,-549.562134,-0.260376,0.000000
53.510002,-0.049896,-549.651123,-0.010990,-0.010296,-0.261529,-0.221950,-0.011307,-2.615293,-549.651123,-0.260220,0.000000
53.520004,-0.045044,-549.562134,-0.010960,-0.010290,-0.261364,-0.200365,-0.010207,-2.613645,-549.562134,-0.260046,0.000000
53.530003,-0.042450,-549.651123,-0.010960,-0.010283,-0.261182,-0.188827,-0.009619,-2.611824,-549.651123,-0.259890,0.000000
53.540001,-0.039459,-549.651123,-0.010956,-0.010277,-0.261026,-0.175523,-0.008942,-2.610262,-549.651123,-0.259717,0.000000
53.550003,-0.037231,-549.606628,-0.010947,-0.010271,-0.260879,-0.165614,-0.008437,-2.608788,-549.606628,-0.259543,0.000000
53.560001,-0.042068,-549.651123,-0.010964,-0.010264,-0.260714,-0.187130,-0.009533,-2.607141,-549.651123,-0.259387,0.000000
53.570004,-0.034256,-549.517639,-0.010990,-0.010257,-0.260532,-0.152378,-0.007763,-2.605319,-549.517639,-0.259214,0.000000
53.580002,-0.032013,-549.651123,-0.010990,-0.010250,-0.260341,-0.142401,-0.007254,-2.603412,-549.651123,-0.259058,0.000000
53.590004,-0.032394,-549.606628,-0.010977,-0.010242,-0.260159,-0.144098,-0.007341,-2.601590,-549.606628,-0.258884,0.000000
53.600002,-0.034622,-549.517639,-0.010934,-0.010237,-0.260020,-0.154007,-0.007846,-2.600203,-549.517639,-0.258711,0.000000
53.610004,-0.030533,-549.695618,-0.010921,-0.010231,-0.259864,-0.135817,-0.006919,-2.598642,-549.695618,-0.258555,0.000000
53.620003,-0.020844,-549.606628,-0.010921,-0.010225,-0.259725,-0.092717,-0.004723,-2.597254,-549.606628,-0.258381,0.000000
53.630001,-0.029037,-549.606628,-0.010925,-0.010219,-0.259569,-0.129165,-0.006580,-2.595693,-549.606628,-0.258208,0.000000
53.640003,-0.024567,-549.606628,-0.010921,-0.010213,-0.259413,-0.109278,-0.005567,-2.594132,-549.606628,-0.258052,0.000000
53.650002,-0.020477,-549.606628,-0.010917,-0.010207,-0.259257,-0.091088,-0.004640,-2.592571,-549.606628,-0.257878,0.000000
53.660004,-0.032013,-549.651123,-0.010891,-0.010201,-0.259110,-0.142401,-0.007254,-2.591097,-549.651123,-0.257722,0.000000
53.670002,-0.036118,-549.517639,-0.010917,-0.010193,-0.258902,-0.160659,-0.008184,-2.589015,-549.517639,-0.257549,0.000000
53.680004,-0.031265,-549.651123,-0.010943,-0.010183,-0.258641,-0.139075,-0.007085,-2.586414,-549.651123,-0.257375,0.000000
53.690002,-0.049149,-549.606628,-0.010977,-0.010174,-0.258407,-0.218624,-0.011137,-2.584072,-549.606628,-0.257219,0.000000
53.700001,-0.063675,-549.606628,-0.010986,-0.010166,-0.258225,-0.283240,-0.014429,-2.582251,-549.606628,-0.257046,0.000000
53.710003,-0.061066,-549.606628,-0.010968,-0.010161,-0.258095,-0.271634,-0.013838,-2.580950,-549.606628,-0.256890,0.000000
53.720001,-0.052872,-549.562134,-0.010921,-0.010157,-0.257982,-0.235185,-0.011981,-2.579823,-549.562134,-0.256716,0.000000
53.730003,-0.064789,-549.606628,-0.010973,-0.010153,-0.257878,-0.288195,-0.014681,-2.578782,-549.606628,-0.256543,0.000000
53.740002,-0.062180,-549.651123,-0.010938,-0.010149,-0.257774,-0.276589,-0.014090,-2.577742,-549.651123,-0.256387,0.000000
53.750004,-0.063675,-549.562134,-0.010986,-0.010143,-0.257627,-0.283240,-0.014429,-2.576267,-549.562134,-0.256213,0.000000
53.760002,-0.062927,-549.651123,-0.010925,-0.010134,-0.257410,-0.279914,-0.014260,-2.574099,-549.651123,-0.256057,0.000000
53.770004,-0.053619,-549.606628,-0.010917,-0.010126,-0.257202,-0.238511,-0.012150,-2.572018,-549.606628,-0.255884,0.000000
53.780003,-0.046173,-549.651123,-0.010917,-0.010119,-0.257028,-0.205388,-0.010463,-2.570284,-549.651123,-0.255710,0.000000
53.790001,-0.053986,-549.562134,-0.010843,-0.010113,-0.256864,-0.240140,-0.012233,-2.568636,-549.562134,-0.255554,0.000000
53.800003,-0.041321,-549.606628,-0.010818,-0.010108,-0.256733,-0.183804,-0.009363,-2.567335,-549.606628,-0.255381,0.000000
53.810001,-0.039459,-549.695618,-0.010774,-0.010103,-0.256612,-0.175523,-0.008942,-2.566121,-549.695618,-0.255225,0.000000
53.820004,-0.036484,-549.606628,-0.010757,-0.010098,-0.256491,-0.162288,-0.008267,-2.564907,-549.606628,-0.255051,0.000000
53.830002,-0.042450,-549.651123,-0.010762,-0.010094,-0.256387,-0.188827,-0.009619,-2.563866,-549.651123,-0.254878,0.000000
53.840004,-0.042816,-549.606628,-0.010766,-0.010091,-0.256300,-0.190456,-0.009702,-2.562999,-549.606628,-0.254722,0.000000
53.850002,-0.045425,-549.517639,-0.010783,-0.010086,-0.256178,-0.202062,-0.010294,-2.561785,-549.517639,-0.254548,0.000000
53.860004,-0.045425,-549.606628,-0.010843,-0.010077,-0.255944,-0.202062,-0.010294,-2.559443,-549.606628,-0.254392,0.000000
53.870003,-0.052490,-549.562134,-0.010813,-0.010065,-0.255658,-0.233488,-0.011894,-2.556581,-549.562134,-0.254219,0.000000
53.880001,-0.050629,-549.651123,-0.010865,-0.010054,-0.255381,-0.225208,-0.011473,-2.553806,-549.651123,-0.254045,0.000000
53.890003,-0.047287,-549.606628,-0.010856,-0.010047,-0.255181,-0.210343,-0.010715,-2.551812,-549.606628,-0.253889,0.000000
53.900002,-0.059952,-549.606628,-0.010852,-0.010041,-0.255042,-0.266679,-0.013585,-2.550424,-549.606628,-0.253716,0.000000
53.910004,-0.068130,-549.651123,-0.010865,-0.010037,-0.254947,-0.303060,-0.015439,-2.549470,-549.651123,-0.253559,0.000000
53.920002,-0.056229,-549.606628,-0.010848,-0.010033,-0.254834,-0.250117,-0.012742,-2.548343,-549.606628,-0.253386,0.000000
53.930004,-0.068878,-549.606628,-0.010813,-0.010028,-0.254713,-0.306385,-0.015608,-2.547129,-549.606628,-0.253213,0.000000
53.940002,-0.073349,-549.606628,-0.010813,-0.010024,-0.254600,-0.326273,-0.016621,-2.546001,-549.606628,-0.253056,0.000000
53.950001,-0.064041,-549.562134,-0.010783,-0.010019,-0.254470,-0.284869,-0.014512,-2.544700,-549.562134,-0.252883,0.000000
53.960003,-0.059570,-549.695618,-0.010749,-0.010012,-0.254314,-0.264982,-0.013499,-2.543139,-549.695618,-0.252727,0.000000
53.970001,-0.045044,-549.517639,-0.010680,-0.010007,-0.254175,-0.200365,-0.010207,-2.541752,-549.517639,-0.252553,0.000000
53.980003,-0.051758,-549.651123,-0.010675,-0.009999,-0.253976,-0.230230,-0.011728,-2.539757,-549.651123,-0.252380,0.000000
53.990002,-0.054733,-549.651123,-0.010654,-0.009989,-0.253716,-0.243466,-0.012403,-2.537155,-549.651123,-0.252224,0.000000
54.000004,-0.060318,-549.517639,-0.010637,-0.009978,-0.253438,-0.268308,-0.013668,-2.534380,-549.517639,-0.252050,0.000000
54.010002,-0.034988,-549.651123,-0.010645,-0.009968,-0.253178,-0.155636,-0.007928,-2.531779,-549.651123,-0.251877,0.000000
54.020004,-0.027542,-549.562134,-0.010649,-0.009959,-0.252952,-0.122513,-0.006241,-2.529524,-549.562134,-0.251721,0.000000
54.030003,-0.042816,-549.651123,-0.010649,-0.009951,-0.252753,-0.190456,-0.009702,-2.527529,-549.651123,-0.251547,0.000000
54.040001,-0.048401,-549.606628,-0.010606,-0.009944,-0.252571,-0.215298,-0.010968,-2.525708,-549.606628,-0.251391,0.000000
54.050003,-0.048767,-549.562134,-0.010619,-0.009937,-0.252389,-0.216927,-0.011051,-2.523887,-549.562134,-0.251218,0.000000
54.060001,-0.040955,-549.651123,-0.010641,-0.009930,-0.252233,-0.182175,-0.009280,-2.522326,-549.651123,-0.251044,0.000000
54.070004,-0.036118,-549.606628,-0.010576,-0.009925,-0.252094,-0.160659,-0.008184,-2.520938,-549.606628,-0.250888,0.000000
54.080002,-0.065903,-549.606628,-0.010624,-0.009920,-0.251972,-0.293150,-0.014934,-2.519724,-549.606628,-0.250715,0.000000
54.090004,-0.077454,-549.651123,-0.010611,-0.009915,-0.251851,-0.344531,-0.017551,-2.518510,-549.651123,-0.250559,0.000000
54.100002,-0.083405,-549.606628,-0.010580,-0.009909,-0.251695,-0.371002,-0.018900,-2.516949,-549.606628,-0.250385,0.000000
54.110004,-0.086761,-549.651123,-0.010568,-0.009903,-0.251539,-0.385934,-0.019660,-2.515388,-549.651123,-0.250212,0.000000
54.120003,-0.072601,-549.562134,-0.010589,-0.009899,-0.251443,-0.322947,-0.016452,-2.514434,-549.562134,-0.250056,0.000000
54.130001,-0.064041,-549.651123,-0.010585,-0.009897,-0.251383,-0.284869,-0.014512,-2.513827,-549.651123,-0.249882,0.000000
54.140003,-0.073349,-549.606628,-0.010576,-0.009893,-0.251287,-0.326273,-0.016621,-2.512873,-549.606628,-0.249726,0.000000
54.150002,-0.070374,-549.562134,-0.010537,-0.009888,-0.251157,-0.313037,-0.015947,-2.511572,-549.562134,-0.249553,0.000000
54.160004,-0.061432,-549.606628,-0.010576,-0.009883,-0.251027,-0.273263,-0.013921,-2.510272,-549.606628,-0.249379,0.000000
54.170002,-0.049515,-549.562134,-0.010576,-0.009876,-0.250845,-0.220253,-0.011220,-2.508450,-549.562134,-0.249223,0.000000
54.180004,-0.062180,-549.651123,-0.010593,-0.009866,-0.250602,-0.276589,-0.014090,-2.506022,-549.651123,-0.249050,0.000000
54.190002,-0.055099,-549.651123,-0.010559,-0.009856,-0.250333,-0.245095,-0.012486,-2.503334,-549.651123,-0.248894,0.000000
54.200001,-0.030533,-549.606628,-0.010542,-0.009846,-0.250091,-0.135817,-0.006919,-2.500906,-549.606628,-0.248720,0.000000
54.210003,-0.034256,-549.651123,-0.010529,-0.009838,-0.249874,-0.152378,-0.007763,-2.498738,-549.651123,-0.248547,0.000000
54.220001,-0.043182,-549.562134,-0.010533,-0.009829,-0.249648,-0.192085,-0.009785,-2.496483,-549.562134,-0.248391,0.000000
54.230003,-0.055847,-549.695618,-0.010533,-0.009820,-0.249440,-0.248421,-0.012655,-2.494401,-549.695618,-0.248217,0.000000
54.240002,-0.059952,-549.606628,-0.010550,-0.009814,-0.249284,-0.266679,-0.013585,-2.492840,-549.606628,-0.248061,0.000000
54.250004,-0.048035,-549.606628,-0.010568,-0.009808,-0.249119,-0.213669,-0.010885,-2.491193,-549.606628,-0.247888,0.000000
54.260002,-0.062546,-549.740051,-0.010520,-0.009801,-0.248937,-0.278217,-0.014173,-2.489371,-549.740051,-0.247714,0.000000
54.270004,-0.061432,-549.562134,-0.010546,-0.009794,-0.248772,-0.273263,-0.013921,-2.487724,-549.562134,-0.247558,0.000000
54.280003,-0.087128,-549.695618,-0.010464,-0.009789,-0.248642,-0.387563,-0.019743,-2.486423,-549.695618,-0.247385,0.000000
54.290001,-0.087875,-549.651123,-0.010473,-0.009785,-0.248547,-0.390889,-0.019913,-2.485469,-549.651123,-0.247229,0.000000
54.300003,-0.078934,-549.562134,-0.010473,-0.009783,-0.248478,-0.351115,-0.017887,-2.484775,-549.562134,-0.247055,0.000000
54.310001,-0.093079,-549.695618,-0.010468,-0.009779,-0.248382,-0.414034,-0.021092,-2.483821,-549.695618,-0.246882,0.000000
54.320004,-0.100906,-549.606628,-0.010464,-0.009772,-0.248209,-0.448854,-0.022866,-2.482087,-549.606628,-0.246726,0.000000
54.330002,-0.087128,-549.651123,-0.010438,-0.009763,-0.247983,-0.387563,-0.019743,-2.479832,-549.651123,-0.246552,0.000000
54.340004,-0.061432,-549.562134,-0.010442,-0.009754,-0.247740,-0.273263,-0.013921,-2.477404,-549.562134,-0.246396,0.000000
54.350002,-0.051010,-549.606628,-0.010421,-0.009745,-0.247524,-0.226904,-0.011559,-2.475236,-549.606628,-0.246223,0.000000
54.360004,-0.046173,-549.695618,-0.010425,-0.009740,-0.247385,-0.205388,-0.010463,-2.473848,-549.695618,-0.246049,0.000000
54.370003,-0.052490,-549.517639,-0.010412,-0.009734,-0.247246,-0.233488,-0.011894,-2.472461,-549.517639,-0.245893,0.000000
54.380001,-0.052490,-549.651123,-0.010425,-0.009727,-0.247064,-0.233488,-0.011894,-2.470639,-549.651123,-0.245720,0.000000
54.390003,-0.033508,-549.606628,-0.010412,-0.009719,-0.246856,-0.149052,-0.007593,-2.468558,-549.606628,-0.245546,0.000000
54.400002,-0.043564,-549.562134,-0.010417,-0.009712,-0.246674,-0.193782,-0.009872,-2.466737,-549.562134,-0.245390,0.000000
54.410004,-0.061813,-549.695618,-0.010442,-0.009705,-0.246509,-0.274960,-0.014007,-2.465089,-549.695618,-0.245217,0.000000
54.420002,-0.068512,-549.562134,-0.010438,-0.009700,-0.246379,-0.304756,-0.015525,-2.463788,-549.562134,-0.245061,0.000000
54.430004,-0.063293,-549.651123,-0.010451,-0.009694,-0.246240,-0.281543,-0.014343,-2.462401,-549.651123,-0.244887,0.000000
54.440002,-0.070374,-549.651123,-0.010421,-0.009687,-0.246058,-0.313037,-0.015947,-2.460579,-549.651123,-0.244714,0.000000
54.450001,-0.057709,-549.606628,-0.010374,-0.009680,-0.245884,-0.256701,-0.013077,-2.458845,-549.606628,-0.244558,0.000000
54.460003,-0.058456,-549.784546,-0.010386,-0.009674,-0.245728,-0.260027,-0.013246,-2.457284,-549.784546,-0.244384,0.000000
54.470001,-0.055099,-549.562134,-0.010408,-0.009668,-0.245572,-0.245095,-0.012486,-2.455723,-549.562134,-0.244228,0.000000
54.480003,-0.092712,-549.651123,-0.010468,-0.009662,-0.245408,-0.412405,-0.021009,-2.454075,-549.651123,-0.244055,0.000000
54.490002,-0.080795,-549.651123,-0.010404,-0.009656,-0.245269,-0.359395,-0.018308,-2.452688,-549.651123,-0.243881,0.000000
54.500004,-0.083771,-549.606628,-0.010473,-0.009650,-0.245121,-0.372631,-0.018983,-2.451213,-549.606628,-0.243725,0.000000
54.510002,-0.073349,-549.740051,-0.010468,-0.009645,-0.244983,-0.326273,-0.016621,-2.449826,-549.740051,-0.243552,0.000000
54.520004,-0.082657,-549.651123,-0.010425,-0.009638,-0.244818,-0.367676,-0.018730,-2.448178,-549.651123,-0.243396,0.000000
54.530003,-0.081177,-549.695618,-0.010391,-0.009630,-0.244610,-0.361092,-0.018395,-2.446097,-549.695618,-0.243222,0.000000
54.540001,-0.058090,-549.651123,-0.010365,-0.009620,-0.244358,-0.258398,-0.013163,-2.443582,-549.651123,-0.243049,0.000000
54.550003,-0.056595,-549.606628,-0.010330,-0.009612,-0.244133,-0.251746,-0.012825,-2.441327,-549.606628,-0.242893,0.000000
54.560001,-0.052124,-549.651123,-0.010309,-0.009606,-0.243994,-0.231859,-0.011811,-2.439939,-549.651123,-0.242719,0.000000
54.570004,-0.048401,-549.606628,-0.010326,-0.009602,-0.243881,-0.215298,-0.010968,-2.438812,-549.606628,-0.242563,0.000000
54.580002,-0.036118,-549.606628,-0.010369,-0.009594,-0.243690,-0.160659,-0.008184,-2.436904,-549.606628,-0.242390,0.000000
54.590004,-0.038727,-549.651123,-0.010369,-0.009587,-0.243517,-0.172265,-0.008776,-2.435170,-549.651123,-0.242216,0.000000
54.600002,-0.043930,-549.606628,-0.010361,-0.009580,-0.243335,-0.195411,-0.009955,-2.433348,-549.606628,-0.242060,0.000000
54.610004,-0.051376,-549.740051,-0.010348,-0.009573,-0.243144,-0.228533,-0.011642,-2.431441,-549.740051,-0.241887,0.000000
54.620003,-0.056229,-549.606628,-0.010313,-0.009565,-0.242962,-0.250117,-0.012742,-2.429619,-549.606628,-0.241730,0.000000
54.630001,-0.060684,-549.651123,-0.010326,-0.009559,-0.242797,-0.269937,-0.013751,-2.427972,-549.651123,-0.241557,0.000000
54.640003,-0.055481,-549.606628,-0.010287,-0.009554,-0.242667,-0.246792,-0.012572,-2.426671,-549.606628,-0.241384,0.000000
54.650002,-0.055847,-549.651123,-0.010240,-0.009549,-0.242546,-0.248421,-0.012655,-2.425457,-549.651123,-0.241227,0.000000
54.660004,-0.065903,-549.740051,-0.010287,-0.009542,-0.242364,-0.293150,-0.014934,-2.423636,-549.740051,-0.241054,0.000000
54.670002,-0.076706,-549.562134,-0.010261,-0.009534,-0.242173,-0.341205,-0.017382,-2.421728,-549.562134,-0.240898,0.000000
54.680004,-0.076706,-549.651123,-0.010300,-0.009527,-0.241982,-0.341205,-0.017382,-2.419820,-549.651123,-0.240724,0.000000
54.690002,-0.078934,-549.651123,-0.010261,-0.009520,-0.241817,-0.351115,-0.017887,-2.418172,-549.651123,-0.240551,0.000000
54.700001,-0.081177,-549.651123,-0.010179,-0.009513,-0.241626,-0.361092,-0.018395,-2.416264,-549.651123,-0.240395,0.000000
54.710003,-0.083038,-549.740051,-0.010192,-0.009504,-0.241410,-0.369373,-0.018817,-2.414096,-549.740051,-0.240222,0.000000
54.720001,-0.077820,-549.562134,-0.010162,-0.009495,-0.241175,-0.346160,-0.017634,-2.411755,-549.562134,-0.240065,0.000000
54.730003,-0.040955,-549.695618,-0.010167,-0.009488,-0.241002,-0.182175,-0.009280,-2.410020,-549.695618,-0.239892,0.000000
54.740002,-0.029404,-549.651123,-0.010274,-0.009486,-0.240933,-0.130794,-0.006663,-2.409327,-549.651123,-0.239719,0.000000
54.750004,-0.026062,-549.562134,-0.010283,-0.009485,-0.240915,-0.115930,-0.005906,-2.409153,-549.562134,-0.239562,0.000000
54.760002,-0.037979,-549.740051,-0.010279,-0.009482,-0.240855,-0.168940,-0.008606,-2.408546,-549.740051,-0.239389,0.000000
54.770004,-0.040588,-549.562134,-0.010279,-0.009478,-0.240733,-0.180546,-0.009197,-2.407332,-549.562134,-0.239216,0.000000
54.780003,-0.042068,-549.651123,-0.010283,-0.009469,-0.240525,-0.187130,-0.009533,-2.405250,-549.651123,-0.239059,0.000000
54.790001,-0.021957,-549.651123,-0.010227,-0.009460,-0.240274,-0.097671,-0.004976,-2.402735,-549.651123,-0.238886,0.000000
54.800003,-0.015259,-549.606628,-0.010205,-0.009449,-0.240013,-0.067874,-0.003458,-2.400134,-549.606628,-0.238730,0.000000
54.810001,-0.036484,-549.695618,-0.010149,-0.009441,-0.239814,-0.162288,-0.008267,-2.398139,-549.695618,-0.238556,0.000000
54.820004,-0.037231,-549.562134,-0.010115,-0.009435,-0.239658,-0.165614,-0.008437,-2.396578,-549.562134,-0.238383,0.000000
54.830002,-0.044312,-549.651123,-0.010123,-0.009431,-0.239536,-0.197107,-0.010041,-2.395364,-549.651123,-0.238227,0.000000
54.840004,-0.037598,-549.695618,-0.010123,-0.009426,-0.239415,-0.167243,-0.008520,-2.394150,-549.695618,-0.238053,0.000000
54.850002,-0.026810,-549.606628,-0.010128,-0.009419,-0.239250,-0.119255,-0.006075,-2.392502,-549.606628,-0.237897,0.000000
54.860004,-0.046173,-549.695618,-0.010171,-0.009411,-0.239033,-0.205388,-0.010463,-2.390334,-549.695618,-0.237724,0.000000
54.870003,-0.062180,-549.606628,-0.010162,-0.009404,-0.238851,-0.276589,-0.014090,-2.388513,-549.606628,-0.237550,0.000000
54.880001,-0.060318,-549.651123,-0.010128,-0.009397,-0.238687,-0.268308,-0.013668,-2.386865,-549.651123,-0.237394,0.000000
54.890003,-0.061432,-549.695618,-0.010205,-0.009391,-0.238530,-0.273263,-0.013921,-2.385304,-549.695618,-0.237221,0.000000
54.900002,-0.058090,-549.606628,-0.010167,-0.009384,-0.238366,-0.258398,-0.013163,-2.383657,-549.606628,-0.237065,0.000000
54.910004,-0.058456,-549.695618,-0.010167,-0.009377,-0.238175,-0.260027,-0.013246,-2.381748,-549.695618,-0.236891,0.000000
54.920002,-0.059204,-549.606628,-0.010154,-0.009369,-0.237967,-0.263353,-0.013416,-2.379667,-549.606628,-0.236718,0.000000
54.930004,-0.037598,-549.695618,-0.010154,-0.009362,-0.237785,-0.167243,-0.008520,-2.377846,-549.695618,-0.236562,0.000000
54.940002,-0.033508,-549.651123,-0.010128,-0.009356,-0.237646,-0.149052,-0.007593,-2.376459,-549.651123,-0.236388,0.000000
54.950001,-0.035370,-549.606628,-0.010111,-0.009351,-0.237524,-0.157333,-0.008015,-2.375244,-549.606628,-0.236232,0.000000
54.960003,-0.031647,-549.784546,-0.010145,-0.009348,-0.237429,-0.140772,-0.007171,-2.374290,-549.784546,-0.236059,0.000000
54.970001,-0.031265,-549.562134,-0.010167,-0.009341,-0.237273,-0.139075,-0.007085,-2.372730,-549.562134,-0.235885,0.000000
54.980003,-0.017120,-549.651123,-0.010093,-0.009334,-0.237073,-0.076155,-0.003880,-2.370735,-549.651123,-0.235729,0.000000
54.990002,-0.034256,-549.651123,-0.010042,-0.009325,-0.236848,-0.152378,-0.007763,-2.368480,-549.651123,-0.235556,0.000000
55.000004,-0.031647,-549.606628,-0.009981,-0.009316,-0.236631,-0.140772,-0.007171,-2.366312,-549.606628,-0.235400,0.000000
55.010002,-0.023819,-549.695618,-0.009998,-0.009311,-0.236492,-0.105952,-0.005397,-2.364924,-549.695618,-0.235226,0.000000
55.020004,-0.036865,-549.606628,-0.010024,-0.009305,-0.236336,-0.163985,-0.008354,-2.363364,-549.606628,-0.235053,0.000000
55.030003,-0.033127,-549.651123,-0.010072,-0.009297,-0.236146,-0.147355,-0.007507,-2.361456,-549.651123,-0.234897,0.000000
55.040001,-0.030151,-549.651123,-0.009998,-0.009290,-0.235963,-0.134120,-0.006832,-2.359634,-549.651123,-0.234723,0.000000
55.050003,-0.047653,-549.606628,-0.009951,-0.009283,-0.235781,-0.211972,-0.010798,-2.357813,-549.606628,-0.234567,0.000000
55.060001,-0.064041,-549.740051,-0.009968,-0.009277,-0.235634,-0.284869,-0.014512,-2.356339,-549.740051,-0.234394,0.000000
55.070004,-0.063293,-549.606628,-0.009960,-0.009270,-0.235469,-0.281543,-0.014343,-2.354691,-549.606628,-0.234220,0.000000
55.080002,-0.062927,-549.695618,-0.009942,-0.009265,-0.235330,-0.279914,-0.014260,-2.353304,-549.695618,-0.234064,0.000000
55.090004,-0.066650,-549.695618,-0.009968,-0.009260,-0.235209,-0.296476,-0.015103,-2.352090,-549.695618,-0.233891,0.000000
55.100002,-0.058823,-549.606628,-0.009994,-0.009256,-0.235096,-0.261656,-0.013329,-2.350962,-549.606628,-0.233735,0.000000
55.110004,-0.058456,-549.695618,-0.010020,-0.009252,-0.234992,-0.260027,-0.013246,-2.349921,-549.695618,-0.233561,0.000000
55.120003,-0.037598,-549.606628,-0.009994,-0.009246,-0.234845,-0.167243,-0.008520,-2.348447,-549.606628,-0.233388,0.000000
55.130001,-0.031647,-549.695618,-0.009990,-0.009237,-0.234628,-0.140772,-0.007171,-2.346279,-549.695618,-0.233232,0.000000
55.140003,-0.030533,-549.695618,-0.010011,-0.009227,-0.234368,-0.135817,-0.006919,-2.343678,-549.695618,-0.233058,0.000000
55.150002,-0.032761,-549.606628,-0.009929,-0.009219,-0.234160,-0.145727,-0.007424,-2.341596,-549.606628,-0.232885,0.000000
55.160004,-0.027176,-549.651123,-0.009942,-0.009213,-0.234003,-0.120884,-0.006158,-2.340035,-549.651123,-0.232729,0.000000
55.170002,-0.010422,-549.606628,-0.009916,-0.009205,-0.233804,-0.046358,-0.002362,-2.338041,-549.606628,-0.232555,0.000000
55.180004,-0.011536,-549.606628,-0.009873,-0.009195,-0.233553,-0.051313,-0.002614,-2.335526,-549.606628,-0.232399,0.000000
55.190002,-0.000366,-549.651123,-0.009899,-0.009188,-0.233370,-0.001629,-0.000083,-2.333704,-549.651123,-0.232226,0.000000
55.200001,0.000381,-549.562134,-0.009882,-0.009181,-0.233197,0.001697,0.000086,-2.331970,-549.562134,-0.232052,0.000000
55.210003,-0.014893,-549.784546,-0.009878,-0.009173,-0.233006,-0.066245,-0.003375,-2.330062,-549.784546,-0.231896,0.000000
55.220001,-0.018616,-549.606628,-0.009904,-0.009166,-0.232824,-0.082807,-0.004218,-2.328241,-549.606628,-0.231723,0.000000
55.230003,-0.020477,-549.695618,-0.009891,-0.009160,-0.232677,-0.091088,-0.004640,-2.326766,-549.695618,-0.231567,0.000000
55.240002,-0.043930,-549.651123,-0.009895,-0.009155,-0.232529,-0.195411,-0.009955,-2.325292,-549.651123,-0.231393,0.000000
55.250004,-0.037979,-549.606628,-0.009865,-0.009149,-0.232382,-0.168940,-0.008606,-2.323818,-549.606628,-0.231220,0.000000
55.260002,-0.043182,-549.695618,-0.009886,-0.009142,-0.232208,-0.192085,-0.009785,-2.322083,-549.695618,-0.231064,0.000000
55.270004,-0.043930,-549.606628,-0.009826,-0.009137,-0.232078,-0.195411,-0.009955,-2.320783,-549.606628,-0.230890,0.000000
55.280003,-0.034256,-549.740051,-0.009774,-0.009133,-0.231966,-0.152378,-0.007763,-2.319655,-549.740051,-0.230734,0.000000
55.290001,-0.039459,-549.606628,-0.009779,-0.009128,-0.231861,-0.175523,-0.008942,-2.318614,-549.606628,-0.230561,0.000000
55.300003,-0.044678,-549.651123,-0.009800,-0.009123,-0.231714,-0.198736,-0.010124,-2.317140,-549.651123,-0.230387,0.000000
55.310001,-0.043930,-549.740051,-0.009809,-0.009115,-0.231515,-0.195411,-0.009955,-2.315146,-549.740051,-0.230231,0.000000
55.320004,-0.027542,-549.651123,-0.009804,-0.009107,-0.231324,-0.122513,-0.006241,-2.313238,-549.651123,-0.230058,0.000000
55.330002,-0.027924,-549.695618,-0.009783,-0.009101,-0.231168,-0.124210,-0.006328,-2.311677,-549.695618,-0.229902,0.000000
55.340004,-0.032394,-549.695618,-0.009779,-0.009095,-0.231020,-0.144098,-0.007341,-2.310202,-549.695618,-0.229728,0.000000
55.350002,-0.013763,-549.651123,-0.009800,-0.009091,-0.230899,-0.061223,-0.003119,-2.308988,-549.651123,-0.229555,0.000000
55.360004,-0.007446,-549.784546,-0.009852,-0.009085,-0.230751,-0.033123,-0.001687,-2.307514,-549.784546,-0.229399,0.000000
55.370003,-0.004456,-549.606628,-0.009813,-0.009078,-0.230578,-0.019819,-0.001010,-2.305780,-549.606628,-0.229225,0.000000
55.380001,0.002609,-549.651123,-0.009779,-0.009070,-0.230370,0.011607,0.000591,-2.303698,-549.651123,-0.229069,0.000000
55.390003,-0.000000,-549.740051,-0.009804,-0.009061,-0.230153,-0.000000,-0.000000,-2.301530,-549.740051,-0.228896,0.000000
55.400002,-0.010040,-549.651123,-0.009791,-0.009054,-0.229971,-0.044661,-0.002275,-2.299709,-549.651123,-0.228722,0.000000
55.410004,-0.016006,-549.695618,-0.009804,-0.009047,-0.229797,-0.071200,-0.003627,-2.297975,-549.695618,-0.228566,0.000000
55.420002,-0.004456,-549.695618,-0.009779,-0.009040,-0.229615,-0.019819,-0.001010,-2.296153,-549.695618,-0.228393,0.000000
55.430004,-0.005585,-549.695618,-0.009692,-0.009032,-0.229416,-0.024842,-0.001266,-2.294159,-549.695618,-0.228236,0.000000
55.440002,-0.040207,-549.606628,-0.009684,-0.009025,-0.229242,-0.178849,-0.009111,-2.292424,-549.606628,-0.228063,0.000000
55.450001,-0.028671,-549.651123,-0.009675,-0.009021,-0.229121,-0.127536,-0.006497,-2.291210,-549.651123,-0.227890,0.000000
55.460003,-0.039459,-549.695618,-0.009692,-0.009017,-0.229034,-0.175523,-0.008942,-2.290343,-549.695618,-0.227733,0.000000
55.470001,-0.046173,-549.606628,-0.009684,-0.009013,-0.228930,-0.205388,-0.010463,-2.289302,-549.606628,-0.227560,0.000000
55.480003,-0.047287,-549.695618,-0.009671,-0.009008,-0.228809,-0.210343,-0.010715,-2.288088,-549.695618,-0.227404,0.000000
55.490002,-0.043182,-549.606628,-0.009722,-0.009002,-0.228644,-0.192085,-0.009785,-2.286441,-549.606628,-0.227230,0.000000
55.500004,-0.032394,-549.562134,-0.009692,-0.008995,-0.228471,-0.144098,-0.007341,-2.284706,-549.562134,-0.227057,0.000000
55.510002,-0.024567,-549.740051,-0.009722,-0.008986,-0.228245,-0.109278,-0.005567,-2.282451,-549.740051,-0.226901,0.000000
55.520004,-0.022705,-549.606628,-0.009710,-0.008978,-0.228046,-0.100997,-0.005145,-2.280457,-549.606628,-0.226727,0.000000
55.530003,-0.020844,-549.695618,-0.009731,-0.008971,-0.227864,-0.092717,-0.004723,-2.278636,-549.695618,-0.226554,0.000000
55.540001,-0.028671,-549.695618,-0.009731,-0.008966,-0.227742,-0.127536,-0.006497,-2.277421,-549.695618,-0.226398,0.000000
55.550003,-0.001480,-549.695618,-0.009731,-0.008961,-0.227612,-0.006584,-0.000335,-2.276121,-549.695618,-0.226224,0.000000
55.560001,0.003357,-549.740051,-0.009662,-0.008955,-0.227465,0.014932,0.000761,-2.274646,-549.740051,-0.226068,0.000000
55.570004,0.002609,-549.606628,-0.009649,-0.008950,-0.227326,0.011607,0.000591,-2.273259,-549.606628,-0.225895,0.000000
55.580002,-0.013031,-549.695618,-0.009710,-0.008944,-0.227187,-0.057965,-0.002953,-2.271871,-549.695618,-0.225722,0.000000
55.590004,-0.016006,-549.651123,-0.009688,-0.008938,-0.227022,-0.071200,-0.003627,-2.270224,-549.651123,-0.225565,0.000000
55.600002,-0.013031,-549.651123,-0.009679,-0.008930,-0.226814,-0.057965,-0.002953,-2.268142,-549.651123,-0.225392,0.000000
55.610004,-0.013397,-549.740051,-0.009623,-0.008920,-0.226563,-0.059594,-0.003036,-2.265627,-549.740051,-0.225236,0.000000
55.620003,-0.013397,-549.651123,-0.009580,-0.008911,-0.226346,-0.059594,-0.003036,-2.263459,-549.651123,-0.225062,0.000000
55.630001,-0.026428,-549.740051,-0.009550,-0.008905,-0.226190,-0.117559,-0.005989,-2.261898,-549.740051,-0.224889,0.000000
55.640003,-0.050262,-549.695618,-0.009572,-0.008899,-0.226034,-0.223579,-0.011390,-2.260337,-549.695618,-0.224733,0.000000
55.650002,-0.045044,-549.651123,-0.009563,-0.008893,-0.225878,-0.200365,-0.010207,-2.258776,-549.651123,-0.224559,0.000000
55.660004,-0.040588,-549.740051,-0.009537,-0.008886,-0.225704,-0.180546,-0.009197,-2.257042,-549.740051,-0.224403,0.000000
55.670002,-0.034988,-549.606628,-0.009528,-0.008880,-0.225557,-0.155636,-0.007928,-2.255567,-549.606628,-0.224230,0.000000
55.680004,-0.036865,-549.740051,-0.009550,-0.008875,-0.225418,-0.163985,-0.008354,-2.254180,-549.740051,-0.224056,0.000000
55.690002,-0.033875,-549.695618,-0.009511,-0.008868,-0.225253,-0.150681,-0.007676,-2.252532,-549.695618,-0.223900,0.000000
55.700001,-0.031647,-549.651123,-0.009516,-0.008861,-0.225080,-0.140772,-0.007171,-2.250798,-549.651123,-0.223727,0.000000
55.710003,-0.025314,-549.740051,-0.009524,-0.008854,-0.224880,-0.112604,-0.005736,-2.248803,-549.740051,-0.223571,0.000000
55.720001,-0.029404,-549.651123,-0.009516,-0.008846,-0.224681,-0.130794,-0.006663,-2.246808,-549.651123,-0.223397,0.000000
55.730003,-0.030151,-549.740051,-0.009464,-0.008840,-0.224533,-0.134120,-0.006832,-2.245334,-549.740051,-0.223224,0.000000
55.740002,-0.027924,-549.651123,-0.009520,-0.008834,-0.224395,-0.124210,-0.006328,-2.243946,-549.651123,-0.223068,0.000000
55.750004,-0.021957,-549.651123,-0.009541,-0.008829,-0.224265,-0.097671,-0.004976,-2.242646,-549.651123,-0.222894,0.000000
55.760002,-0.021591,-549.784546,-0.009511,-0.008823,-0.224108,-0.096042,-0.004893,-2.241085,-549.784546,-0.222738,0.000000
55.770004,-0.020096,-549.606628,-0.009520,-0.008817,-0.223961,-0.089391,-0.004554,-2.239610,-549.606628,-0.222565,0.000000
55.780003,-0.033875,-549.695618,-0.009498,-0.008810,-0.223779,-0.150681,-0.007676,-2.237789,-549.695618,-0.222391,0.000000
55.790001,-0.022705,-549.651123,-0.009468,-0.008804,-0.223631,-0.100997,-0.005145,-2.236315,-549.651123,-0.222235,0.000000
55.800003,-0.021591,-549.651123,-0.009451,-0.008798,-0.223458,-0.096042,-0.004893,-2.234581,-549.651123,-0.222062,0.000000
55.810001,-0.026810,-549.740051,-0.009455,-0.008787,-0.223198,-0.119255,-0.006075,-2.231979,-549.740051,-0.221906,0.000000
55.820004,-0.020844,-549.651123,-0.009447,-0.008777,-0.222946,-0.092717,-0.004723,-2.229464,-549.651123,-0.221732,0.000000
55.830002,-0.058456,-549.695618,-0.009481,-0.008770,-0.222756,-0.260027,-0.013246,-2.227556,-549.695618,-0.221559,0.000000
55.840004,-0.053986,-549.695618,-0.009520,-0.008764,-0.222617,-0.240140,-0.012233,-2.226168,-549.695618,-0.221403,0.000000
55.850002,-0.062180,-549.651123,-0.009477,-0.008761,-0.222521,-0.276589,-0.014090,-2.225214,-549.651123,-0.221229,0.000000
55.860004,-0.068512,-549.740051,-0.009494,-0.008757,-0.222417,-0.304756,-0.015525,-2.224174,-549.740051,-0.221073,0.000000
55.870003,-0.059570,-549.651123,-0.009464,-0.008752,-0.222313,-0.264982,-0.013499,-2.223133,-549.651123,-0.220900,0.000000
55.880001,-0.055481,-549.606628,-0.009442,-0.008748,-0.222192,-0.246792,-0.012572,-2.221919,-549.606628,-0.220726,0.000000
55.890003,-0.064789,-549.695618,-0.009429,-0.008740,-0.222001,-0.288195,-0.014681,-2.220011,-549.695618,-0.220570,0.000000
55.900002,-0.064407,-549.651123,-0.009416,-0.008731,-0.221767,-0.286498,-0.014595,-2.217669,-549.651123,-0.220397,0.000000
55.910004,-0.039093,-549.740051,-0.009395,-0.008723,-0.221567,-0.173894,-0.008859,-2.215675,-549.740051,-0.220223,0.000000
55.920002,-0.045044,-549.606628,-0.009386,-0.008716,-0.221377,-0.200365,-0.010207,-2.213767,-549.606628,-0.220067,0.000000
55.930004,-0.034622,-549.695618,-0.009352,-0.008710,-0.221238,-0.154007,-0.007846,-2.212379,-549.695618,-0.219894,0.000000
55.940002,-0.039841,-549.695618,-0.009326,-0.008706,-0.221125,-0.177220,-0.009028,-2.211252,-549.695618,-0.219738,0.000000
55.950001,-0.034622,-549.695618,-0.009330,-0.008701,-0.221012,-0.154007,-0.007846,-2.210124,-549.695618,-0.219564,0.000000
55.960003,-0.033127,-549.740051,-0.009360,-0.008697,-0.220908,-0.147355,-0.007507,-2.209084,-549.740051,-0.219391,0.000000
55.970001,-0.040955,-549.651123,-0.009360,-0.008694,-0.220822,-0.182175,-0.009280,-2.208217,-549.651123,-0.219235,0.000000
55.980003,-0.038345,-549.740051,-0.009365,-0.008690,-0.220726,-0.170569,-0.008689,-2.207263,-549.740051,-0.219061,0.000000
55.990002,-0.045425,-549.606628,-0.009339,-0.008682,-0.220518,-0.202062,-0.010294,-2.205182,-549.606628,-0.218905,0.000000
56.000004,-0.055481,-549.651123,-0.009334,-0.008670,-0.220223,-0.246792,-0.012572,-2.202233,-549.651123,-0.218732,0.000000
56.010002,-0.052872,-549.740051,-0.009343,-0.008659,-0.219937,-0.235185,-0.011981,-2.199371,-549.740051,-0.218558,0.000000
56.020004,-0.039093,-549.606628,-0.009403,-0.008650,-0.219720,-0.173894,-0.008859,-2.197203,-549.606628,-0.218402,0.000000
56.030003,-0.054733,-549.784546,-0.009408,-0.008645,-0.219573,-0.243466,-0.012403,-2.195729,-549.784546,-0.218229,0.000000
56.040001,-0.049896,-549.651123,-0.009373,-0.008641,-0.219477,-0.221950,-0.011307,-2.194775,-549.651123,-0.218073,0.000000
56.050003,-0.056595,-549.606628,-0.009403,-0.008637,-0.219382,-0.251746,-0.012825,-2.193821,-549.606628,-0.217899,0.000000
56.060001,-0.068130,-549.784546,-0.009352,-0.008632,-0.219261,-0.303060,-0.015439,-2.192607,-549.784546,-0.217726,0.000000
56.070004,-0.065155,-549.606628,-0.009300,-0.008628,-0.219139,-0.289824,-0.014764,-2.191393,-549.606628,-0.217570,0.000000
56.080002,-0.055847,-549.784546,-0.009253,-0.008623,-0.219027,-0.248421,-0.012655,-2.190265,-549.784546,-0.217396,0.000000
56.090004,-0.051376,-549.651123,-0.009278,-0.008617,-0.218870,-0.228533,-0.011642,-2.188704,-549.651123,-0.217240,0.000000
56.100002,-0.048401,-549.695618,-0.009270,-0.008611,-0.218723,-0.215298,-0.010968,-2.187230,-549.695618,-0.217067,0.000000
56.110004,-0.044678,-549.784546,-0.009253,-0.008605,-0.218576,-0.198736,-0.010124,-2.185755,-549.784546,-0.216893,0.000000
56.120003,-0.046539,-549.606628,-0.009278,-0.008597,-0.218367,-0.207017,-0.010546,-2.183674,-549.606628,-0.216737,0.000000
56.130001,-0.048767,-549.740051,-0.009244,-0.008586,-0.218090,-0.216927,-0.011051,-2.180899,-549.740051,-0.216564,0.000000
56.140003,-0.033127,-549.651123,-0.009265,-0.008575,-0.217795,-0.147355,-0.007507,-2.177951,-549.651123,-0.216407,0.000000
56.150002,-0.022339,-549.651123,-0.009248,-0.008564,-0.217535,-0.099368,-0.005062,-2.175349,-549.651123,-0.216234,0.000000
56.160004,-0.040588,-549.740051,-0.009218,-0.008556,-0.217318,-0.180546,-0.009197,-2.173181,-549.740051,-0.216061,0.000000
56.170002,-0.045425,-549.651123,-0.009248,-0.008549,-0.217136,-0.202062,-0.010294,-2.171360,-549.651123,-0.215905,0.000000
56.180004,-0.038345,-549.740051,-0.009240,-0.008541,-0.216945,-0.170569,-0.008689,-2.169452,-549.740051,-0.215731,0.000000
56.190002,-0.032394,-549.651123,-0.009321,-0.008534,-0.216772,-0.144098,-0.007341,-2.167717,-549.651123,-0.215575,0.000000
56.200001,-0.037979,-549.695618,-0.009296,-0.008529,-0.216633,-0.168940,-0.008606,-2.166330,-549.695618,-0.215402,0.000000
56.210003,-0.053619,-549.784546,-0.009274,-0.008524,-0.216512,-0.238511,-0.012150,-2.165116,-549.784546,-0.215228,0.000000
56.220001,-0.072601,-549.651123,-0.009270,-0.008520,-0.216407,-0.322947,-0.016452,-2.164075,-549.651123,-0.215072,0.000000
56.230003,-0.078568,-549.740051,-0.009283,-0.008515,-0.216269,-0.349486,-0.017804,-2.162687,-549.740051,-0.214899,0.000000
56.240002,-0.070740,-549.695618,-0.009214,-0.008508,-0.216104,-0.314666,-0.016030,-2.161040,-549.695618,-0.214742,0.000000
56.250004,-0.069626,-549.651123,-0.009231,-0.008503,-0.215965,-0.309711,-0.015777,-2.159652,-549.651123,-0.214569,0.000000
56.260002,-0.056229,-549.740051,-0.009231,-0.008499,-0.215878,-0.250117,-0.012742,-2.158785,-549.740051,-0.214396,0.000000
56.270004,-0.068878,-549.695618,-0.009222,-0.008495,-0.215783,-0.306385,-0.015608,-2.157831,-549.695618,-0.214239,0.000000
56.280003,-0.067764,-549.740051,-0.009231,-0.008490,-0.215653,-0.301431,-0.015356,-2.156530,-549.740051,-0.214066,0.000000
56.290001,-0.061432,-549.651123,-0.009222,-0.008485,-0.215532,-0.273263,-0.013921,-2.155316,-549.651123,-0.213893,0.000000
56.300003,-0.050629,-549.651123,-0.009270,-0.008478,-0.215349,-0.225208,-0.011473,-2.153495,-549.651123,-0.213736,0.000000
56.310001,-0.051376,-549.740051,-0.009257,-0.008469,-0.215115,-0.228533,-0.011642,-2.151153,-549.740051,-0.213563,0.000000
56.320004,-0.046539,-549.651123,-0.009235,-0.008459,-0.214855,-0.207017,-0.010546,-2.148552,-549.651123,-0.213407,0.000000
56.330002,-0.039093,-549.695618,-0.009132,-0.008449,-0.214595,-0.173894,-0.008859,-2.145950,-549.695618,-0.213233,0.000000
56.340004,-0.032761,-549.740051,-0.009102,-0.008440,-0.214387,-0.145727,-0.007424,-2.143869,-549.740051,-0.213060,0.000000
56.350002,-0.034622,-549.651123,-0.009102,-0.008432,-0.214179,-0.154007,-0.007846,-2.141787,-549.651123,-0.212904,0.000000
56.360004,-0.046539,-549.784546,-0.009093,-0.008425,-0.213988,-0.207017,-0.010546,-2.139879,-549.784546,-0.212730,0.000000
56.370003,-0.051376,-549.606628,-0.009093,-0.008419,-0.213832,-0.228533,-0.011642,-2.138318,-549.606628,-0.212574,0.000000
56.380001,-0.053238,-549.740051,-0.009102,-0.008412,-0.213676,-0.236814,-0.012064,-2.136757,-549.740051,-0.212401,0.000000
56.390003,-0.056229,-549.651123,-0.009115,-0.008405,-0.213485,-0.250117,-0.012742,-2.134849,-549.651123,-0.212227,0.000000
56.400002,-0.059952,-549.740051,-0.009127,-0.008398,-0.213311,-0.266679,-0.013585,-2.133115,-549.740051,-0.212071,0.000000
56.410004,-0.081543,-549.740051,-0.009140,-0.008392,-0.213164,-0.362721,-0.018478,-2.131641,-549.740051,-0.211898,0.000000
56.420002,-0.094208,-549.651123,-0.009140,-0.008388,-0.213051,-0.419057,-0.021348,-2.130513,-549.651123,-0.211742,0.000000
56.430004,-0.087494,-549.740051,-0.009145,-0.008384,-0.212965,-0.389192,-0.019826,-2.129646,-549.740051,-0.211568,0.000000
56.440002,-0.083771,-549.651123,-0.009115,-0.008381,-0.212869,-0.372631,-0.018983,-2.128692,-549.651123,-0.211395,0.000000
56.450005,-0.078186,-549.606628,-0.009097,-0.008375,-0.212722,-0.347789,-0.017717,-2.127218,-549.606628,-0.211239,0.000000
56.460003,-0.091599,-549.740051,-0.009076,-0.008367,-0.212531,-0.407451,-0.020757,-2.125310,-549.740051,-0.211065,0.000000
56.470001,-0.070740,-549.651123,-0.009102,-0.008359,-0.212314,-0.314666,-0.016030,-2.123142,-549.651123,-0.210909,0.000000
56.480003,-0.053238,-549.829041,-0.009097,-0.008350,-0.212080,-0.236814,-0.012064,-2.120800,-549.829041,-0.210736,0.000000
56.490002,-0.042068,-549.695618,-0.009106,-0.008343,-0.211915,-0.187130,-0.009533,-2.119153,-549.695618,-0.210562,0.000000
56.500004,-0.043930,-549.695618,-0.009093,-0.008338,-0.211785,-0.195411,-0.009955,-2.117852,-549.695618,-0.210406,0.000000
56.510002,-0.047653,-549.784546,-0.009102,-0.008332,-0.211620,-0.211972,-0.010798,-2.116204,-549.784546,-0.210233,0.000000
56.520004,-0.036118,-549.606628,-0.009097,-0.008323,-0.211404,-0.160659,-0.008184,-2.114036,-549.606628,-0.210077,0.000000
56.530003,-0.029404,-549.740051,-0.009093,-0.008316,-0.211222,-0.130794,-0.006663,-2.112215,-549.740051,-0.209903,0.000000
56.540001,-0.027924,-549.695618,-0.009071,-0.008310,-0.211065,-0.124210,-0.006328,-2.110654,-549.695618,-0.209730,0.000000
56.550003,-0.057343,-549.651123,-0.009076,-0.008304,-0.210909,-0.255072,-0.012994,-2.109093,-549.651123,-0.209574,0.000000
56.560001,-0.058823,-549.740051,-0.009067,-0.008298,-0.210771,-0.261656,-0.013329,-2.107705,-549.740051,-0.209400,0.000000
56.570004,-0.056595,-549.651123,-0.009054,-0.008291,-0.210597,-0.251746,-0.012825,-2.105971,-549.651123,-0.209244,0.000000
56.580002,-0.048401,-549.784546,-0.009041,-0.008283,-0.210398,-0.215298,-0.010968,-2.103976,-549.784546,-0.209071,0.000000
56.590004,-0.053986,-549.784546,-0.009028,-0.008277,-0.210224,-0.240140,-0.012233,-2.102242,-549.784546,-0.208897,0.000000
56.600002,-0.060318,-549.740051,-0.008998,-0.008270,-0.210051,-0.268308,-0.013668,-2.100507,-549.740051,-0.208741,0.000000
56.610004,-0.083771,-549.784546,-0.008977,-0.008264,-0.209895,-0.372631,-0.018983,-2.098946,-549.784546,-0.208568,0.000000
56.620003,-0.086014,-549.651123,-0.008994,-0.008259,-0.209791,-0.382608,-0.019491,-2.097906,-549.651123,-0.208412,0.000000
56.630001,-0.081909,-549.784546,-0.008899,-0.008255,-0.209669,-0.364350,-0.018561,-2.096692,-549.784546,-0.208238,0.000000
56.640003,-0.077454,-549.651123,-0.008908,-0.008250,-0.209539,-0.344531,-0.017551,-2.095391,-549.651123,-0.208065,0.000000
56.650002,-0.078568,-549.651123,-0.008886,-0.008243,-0.209383,-0.349486,-0.017804,-2.093830,-549.651123,-0.207909,0.000000
56.660004,-0.077820,-549.784546,-0.008886,-0.008236,-0.209201,-0.346160,-0.017634,-2.092009,-549.784546,-0.207735,0.000000
56.670002,-0.072235,-549.740051,-0.008942,-0.008227,-0.208975,-0.321318,-0.016369,-2.089754,-549.740051,-0.207562,0.000000
56.680004,-0.053619,-549.784546,-0.008938,-0.008217,-0.208707,-0.238511,-0.012150,-2.087065,-549.784546,-0.207406,0.000000
56.690002,-0.051376,-549.695618,-0.008968,-0.008209,-0.208516,-0.228533,-0.011642,-2.085158,-549.695618,-0.207232,0.000000
56.700005,-0.049515,-549.651123,-0.008925,-0.008204,-0.208386,-0.220253,-0.011220,-2.083857,-549.651123,-0.207076,0.000000
56.710003,-0.031647,-549.829041,-0.008912,-0.008198,-0.208221,-0.140772,-0.007171,-2.082209,-549.829041,-0.206903,0.000000
56.720001,-0.026428,-549.606628,-0.008912,-0.008191,-0.208047,-0.117559,-0.005989,-2.080474,-549.606628,-0.206729,0.000000
56.730003,-0.034622,-549.740051,-0.008847,-0.008185,-0.207891,-0.154007,-0.007846,-2.078913,-549.740051,-0.206573,0.000000
56.740002,-0.051010,-549.695618,-0.008826,-0.008178,-0.207709,-0.226904,-0.011559,-2.077092,-549.695618,-0.206400,0.000000
56.750004,-0.052872,-549.740051,-0.008826,-0.008170,-0.207518,-0.235185,-0.011981,-2.075184,-549.740051,-0.206244,0.000000
56.760002,-0.053238,-549.784546,-0.008813,-0.008163,-0.207336,-0.236814,-0.012064,-2.073363,-549.784546,-0.206070,0.000000
56.770004,-0.058823,-549.606628,-0.008791,-0.008157,-0.207180,-0.261656,-0.013329,-2.071802,-549.606628,-0.205897,0.000000
56.780003,-0.057343,-549.784546,-0.008791,-0.008151,-0.207041,-0.255072,-0.012994,-2.070415,-549.784546,-0.205741,0.000000
56.790001,-0.054352,-549.740051,-0.008795,-0.008144,-0.206868,-0.241769,-0.012316,-2.068680,-549.740051,-0.205567,0.000000
56.800003,-0.069260,-549.651123,-0.008821,-0.008137,-0.206677,-0.308082,-0.015694,-2.066772,-549.651123,-0.205411,0.000000
56.810001,-0.073349,-549.784546,-0.008843,-0.008129,-0.206486,-0.326273,-0.016621,-2.064864,-549.784546,-0.205238,0.000000
56.820004,-0.067017,-549.695618,-0.008860,-0.008123,-0.206322,-0.298105,-0.015186,-2.063217,-549.695618,-0.205064,0.000000
56.830002,-0.080048,-549.740051,-0.008860,-0.008116,-0.206140,-0.356070,-0.018139,-2.061395,-549.740051,-0.204908,0.000000
56.840004,-0.075211,-549.695618,-0.008864,-0.008108,-0.205940,-0.334553,-0.017043,-2.059401,-549.695618,-0.204735,0.000000
56.850002,-0.074844,-549.695618,-0.008843,-0.008099,-0.205715,-0.332924,-0.016960,-2.057146,-549.695618,-0.204579,0.000000
56.860004,-0.043930,-549.784546,-0.008817,-0.008091,-0.205524,-0.195411,-0.009955,-2.055238,-549.784546,-0.204405,0.000000
56.870003,-0.007065,-549.651123,-0.008804,-0.008087,-0.205420,-0.031426,-0.001601,-2.054198,-549.651123,-0.204232,0.000000
56.880001,-0.010788,-549.784546,-0.008804,-0.008087,-0.205402,-0.047987,-0.002445,-2.054024,-549.784546,-0.204076,0.000000
56.890003,-0.031647,-549.695618,-0.008739,-0.008085,-0.205368,-0.140772,-0.007171,-2.053677,-549.695618,-0.203902,0.000000
56.900002,-0.024200,-549.695618,-0.008727,-0.008081,-0.205264,-0.107649,-0.005484,-2.052637,-549.695618,-0.203746,0.000000
56.910004,-0.028671,-549.829041,-0.008795,-0.008074,-0.205090,-0.127536,-0.006497,-2.050902,-549.829041,-0.203573,0.000000
56.920002,-0.015259,-549.606628,-0.008718,-0.008065,-0.204839,-0.067874,-0.003458,-2.048387,-549.606628,-0.203399,0.000000
56.930004,-0.008179,-549.740051,-0.008714,-0.008054,-0.204579,-0.036381,-0.001853,-2.045785,-549.740051,-0.203243,0.000000
56.940002,-0.012650,-549.695618,-0.008688,-0.008045,-0.204353,-0.056268,-0.002866,-2.043531,-549.695618,-0.203070,0.000000
56.950005,-0.014145,-549.784546,-0.008679,-0.008039,-0.204188,-0.062920,-0.003205,-2.041883,-549.784546,-0.202913,0.000000
56.960003,-0.028290,-549.784546,-0.008683,-0.008033,-0.204041,-0.125839,-0.006411,-2.040409,-549.784546,-0.202740,0.000000
56.970001,-0.029404,-549.651123,-0.008670,-0.008029,-0.203937,-0.130794,-0.006663,-2.039368,-549.651123,-0.202567,0.000000
56.980003,-0.026810,-549.695618,-0.008688,-0.008023,-0.203772,-0.119255,-0.006075,-2.037720,-549.695618,-0.202410,0.000000
56.990002,-0.037598,-549.695618,-0.008770,-0.008014,-0.203564,-0.167243,-0.008520,-2.035639,-549.695618,-0.202237,0.000000
57.000004,-0.053619,-549.695618,-0.008783,-0.008007,-0.203373,-0.238511,-0.012150,-2.033731,-549.695618,-0.202081,0.000000
57.010002,-0.046906,-549.740051,-0.008783,-0.008001,-0.203217,-0.208646,-0.010629,-2.032170,-549.740051,-0.201907,0.000000
57.020004,-0.049896,-549.651123,-0.008748,-0.007995,-0.203061,-0.221950,-0.011307,-2.030609,-549.651123,-0.201734,0.000000
57.030003,-0.041702,-549.784546,-0.008714,-0.007989,-0.202913,-0.185501,-0.009450,-2.029135,-549.784546,-0.201578,0.000000
57.040001,-0.045792,-549.740051,-0.008658,-0.007982,-0.202731,-0.203691,-0.010377,-2.027313,-549.740051,-0.201404,0.000000
57.050003,-0.042068,-549.695618,-0.008722,-0.007973,-0.202523,-0.187130,-0.009533,-2.025232,-549.695618,-0.201231,0.000000
57.060001,-0.040207,-549.740051,-0.008718,-0.007965,-0.202315,-0.178849,-0.009111,-2.023151,-549.740051,-0.201075,0.000000
57.070004,-0.023819,-549.695618,-0.008679,-0.007959,-0.202150,-0.105952,-0.005397,-2.021503,-549.695618,-0.200902,0.000000
57.080002,-0.034622,-549.784546,-0.008683,-0.007953,-0.202012,-0.154007,-0.007846,-2.020116,-549.784546,-0.200745,0.000000
57.090004,-0.026810,-549.740051,-0.008696,-0.007949,-0.201907,-0.119255,-0.006075,-2.019075,-549.740051,-0.200572,0.000000
57.100002,-0.027542,-549.651123,-0.008670,-0.007943,-0.201760,-0.122513,-0.006241,-2.017601,-549.651123,-0.200399,0.000000
57.110004,-0.024948,-549.784546,-0.008675,-0.007936,-0.201569,-0.110975,-0.005653,-2.015693,-549.784546,-0.200242,0.000000
57.120003,-0.024948,-549.651123,-0.008666,-0.007927,-0.201352,-0.110975,-0.005653,-2.013525,-549.651123,-0.200069,0.000000
57.130001,-0.035736,-549.740051,-0.008670,-0.007919,-0.201144,-0.158962,-0.008098,-2.011443,-549.740051,-0.199913,0.000000
57.140003,-0.028290,-549.695618,-0.008662,-0.007914,-0.201014,-0.125839,-0.006411,-2.010143,-549.695618,-0.199739,0.000000
57.150002,-0.028290,-549.695618,-0.008653,-0.007909,-0.200884,-0.125839,-0.006411,-2.008842,-549.695618,-0.199566,0.000000
57.160004,-0.035370,-549.740051,-0.008653,-0.007901,-0.200693,-0.157333,-0.008015,-2.006934,-549.740051,-0.199410,0.000000
57.170002,-0.022705,-549.651123,-0.008640,-0.007893,-0.200494,-0.100997,-0.005145,-2.004939,-549.651123,-0.199236,0.000000
57.180004,-0.039841,-549.784546,-0.008649,-0.007886,-0.200303,-0.177220,-0.009028,-2.003031,-549.784546,-0.199080,0.000000
57.190002,-0.044312,-549.784546,-0.008636,-0.007880,-0.200156,-0.197107,-0.010041,-2.001557,-549.784546,-0.198907,0.000000
57.200005,-0.049149,-549.695618,-0.008623,-0.007874,-0.200008,-0.218624,-0.011137,-2.000082,-549.695618,-0.198733,0.000000
57.210003,-0.053238,-549.829041,-0.008653,-0.007869,-0.199861,-0.236814,-0.012064,-1.998608,-549.829041,-0.198577,0.000000
57.220001,-0.043564,-549.651123,-0.008614,-0.007864,-0.199739,-0.193782,-0.009872,-1.997394,-549.651123,-0.198404,0.000000
57.230003,-0.053619,-549.784546,-0.008601,-0.007859,-0.199618,-0.238511,-0.012150,-1.996180,-549.784546,-0.198248,0.000000
57.240002,-0.035736,-549.740051,-0.008640,-0.007855,-0.199514,-0.158962,-0.008098,-1.995139,-549.740051,-0.198074,0.000000
57.250004,-0.033127,-549.740051,-0.008606,-0.007849,-0.199375,-0.147355,-0.007507,-1.993752,-549.740051,-0.197901,0.000000
57.260002,-0.030151,-549.829041,-0.008601,-0.007841,-0.199167,-0.134120,-0.006832,-1.991671,-549.829041,-0.197745,0.000000
57.270004,-0.023087,-549.695618,-0.008580,-0.007832,-0.198933,-0.102694,-0.005231,-1.989329,-549.695618,-0.197571,0.000000
57.280003,-0.014145,-549.784546,-0.008571,-0.007823,-0.198707,-0.062920,-0.003205,-1.987074,-549.784546,-0.197415,0.000000
57.290001,-0.007065,-549.695618,-0.008537,-0.007817,-0.198551,-0.031426,-0.001601,-1.985513,-549.695618,-0.197242,0.000000
57.300003,-0.004089,-549.740051,-0.008541,-0.007810,-0.198387,-0.018190,-0.000927,-1.983865,-549.740051,-0.197068,0.000000
57.310001,-0.002228,-549.829041,-0.008541,-0.007801,-0.198144,-0.009910,-0.000505,-1.981437,-549.829041,-0.196912,0.000000
57.320004,-0.001114,-549.651123,-0.008532,-0.007792,-0.197918,-0.004955,-0.000252,-1.979182,-549.651123,-0.196739,0.000000
57.330002,-0.001862,-549.784546,-0.008537,-0.007785,-0.197745,-0.008281,-0.000422,-1.977448,-549.784546,-0.196583,0.000000
57.340004,-0.010040,-549.740051,-0.008507,-0.007778,-0.197563,-0.044661,-0.002275,-1.975627,-549.740051,-0.196409,0.000000
57.350002,-0.006699,-549.695618,-0.008420,-0.007771,-0.197372,-0.029797,-0.001518,-1.973719,-549.695618,-0.196236,0.000000
57.360004,0.007462,-549.829041,-0.008459,-0.007764,-0.197216,0.033191,0.001691,-1.972158,-549.829041,-0.196080,0.000000
57.370003,-0.017120,-549.651123,-0.008395,-0.007759,-0.197077,-0.076155,-0.003880,-1.970770,-549.651123,-0.195906,0.000000
57.380001,-0.031265,-549.784546,-0.008373,-0.007753,-0.196930,-0.139075,-0.007085,-1.969296,-549.784546,-0.195750,0.000000
57.390003,-0.048401,-549.695618,-0.008403,-0.007747,-0.196765,-0.215298,-0.010968,-1.967648,-549.695618,-0.195577,0.000000
57.400002,-0.052124,-549.740051,-0.008390,-0.007740,-0.196600,-0.231859,-0.011811,-1.966001,-549.740051,-0.195403,0.000000
57.410004,-0.040207,-549.784546,-0.008386,-0.007735,-0.196470,-0.178849,-0.009111,-1.964700,-549.784546,-0.195247,0.000000
57.420002,-0.037231,-549.695618,-0.008399,-0.007731,-0.196366,-0.165614,-0.008437,-1.963659,-549.695618,-0.195074,0.000000
57.430004,-0.037979,-549.784546,-0.008382,-0.007726,-0.196236,-0.168940,-0.008606,-1.962358,-549.784546,-0.194918,0.000000
57.440002,-0.032394,-549.740051,-0.008382,-0.007719,-0.196054,-0.144098,-0.007341,-1.960537,-549.740051,-0.194744,0.000000
57.450005,-0.027542,-549.695618,-0.008395,-0.007711,-0.195872,-0.122513,-0.006241,-1.958716,-549.695618,-0.194571,0.000000
57.460003,-0.026428,-549.784546,-0.008416,-0.007705,-0.195707,-0.117559,-0.005989,-1.957068,-549.784546,-0.194415,0.000000
57.470001,-0.021591,-549.695618,-0.008390,-0.007699,-0.195551,-0.096042,-0.004893,-1.955507,-549.695618,-0.194241,0.000000
57.480003,-0.020096,-549.784546,-0.008369,-0.007694,-0.195429,-0.089391,-0.004554,-1.954293,-549.784546,-0.194068,0.000000
57.490002,0.011185,-549.695618,-0.008373,-0.007689,-0.195291,0.049752,0.002534,-1.952906,-549.695618,-0.193912,0.000000
57.500004,-0.000000,-549.651123,-0.008282,-0.007682,-0.195117,-0.000000,-0.000000,-1.951171,-549.651123,-0.193738,0.000000
57.510002,0.005219,-549.740051,-0.008317,-0.007674,-0.194926,0.023213,0.001183,-1.949263,-549.740051,-0.193582,0.000000
57.520004,0.007080,-549.740051,-0.008373,-0.007666,-0.194710,0.031494,0.001604,-1.947095,-549.740051,-0.193409,0.000000
57.530003,-0.001114,-549.784546,-0.008395,-0.007658,-0.194519,-0.004955,-0.000252,-1.945187,-549.784546,-0.193235,0.000000
57.540001,-0.002975,-549.784546,-0.008420,-0.007652,-0.194363,-0.013236,-0.000674,-1.943626,-549.784546,-0.193079,0.000000
57.550003,0.002609,-549.695618,-0.008386,-0.007645,-0.194189,0.011607,0.000591,-1.941892,-549.695618,-0.192906,0.000000
57.560001,-0.005585,-549.784546,-0.008390,-0.007637,-0.193990,-0.024842,-0.001266,-1.939897,-549.784546,-0.192750,0.000000
57.570004,-0.032761,-549.606628,-0.008386,-0.007629,-0.193782,-0.145727,-0.007424,-1.937816,-549.606628,-0.192576,0.000000
57.580002,-0.034988,-549.784546,-0.008360,-0.007623,-0.193634,-0.155636,-0.007928,-1.936342,-549.784546,-0.192403,0.000000
57.590004,-0.036484,-549.740051,-0.008334,-0.007619,-0.193530,-0.162288,-0.008267,-1.935301,-549.740051,-0.192247,0.000000
57.600002,-0.038727,-549.740051,-0.008257,-0.007616,-0.193435,-0.172265,-0.008776,-1.934347,-549.740051,-0.192073,0.000000
57.610004,-0.043564,-549.784546,-0.008239,-0.007611,-0.193322,-0.193782,-0.009872,-1.933220,-549.784546,-0.191917,0.000000
57.620003,-0.033508,-549.695618,-0.008218,-0.007605,-0.193175,-0.149052,-0.007593,-1.931745,-549.695618,-0.191744,0.000000
57.630001,-0.029037,-549.829041,-0.008235,-0.007598,-0.193001,-0.129165,-0.006580,-1.930011,-549.829041,-0.191570,0.000000
57.640003,-0.021957,-549.740051,-0.008278,-0.007590,-0.192784,-0.097671,-0.004976,-1.927843,-549.740051,-0.191414,0.000000
57.650002,-0.028671,-549.740051,-0.008321,-0.007582,-0.192576,-0.127536,-0.006497,-1.925761,-549.740051,-0.191241,0.000000
57.660004,-0.027176,-549.784546,-0.008338,-0.007575,-0.192394,-0.120884,-0.006158,-1.923940,-549.784546,-0.191085,0.000000
57.670002,-0.017502,-549.695618,-0.008291,-0.007569,-0.192264,-0.077852,-0.003966,-1.922639,-549.695618,-0.190911,0.000000
57.680004,-0.005951,-549.784546,-0.008239,-0.007565,-0.192143,-0.026471,-0.001348,-1.921425,-549.784546,-0.190738,0.000000
57.690002,-0.011536,-549.784546,-0.008252,-0.007560,-0.192012,-0.051313,-0.002614,-1.920124,-549.784546,-0.190582,0.000000
57.700005,-0.002975,-549.740051,-0.008248,-0.007554,-0.191865,-0.013236,-0.000674,-1.918650,-549.740051,-0.190408,0.000000
57.710003,-0.005585,-549.784546,-0.008222,-0.007549,-0.191735,-0.024842,-0.001266,-1.917349,-549.784546,-0.190252,0.000000
57.720001,-0.010040,-549.695618,-0.008201,-0.007542,-0.191579,-0.044661,-0.002275,-1.915788,-549.695618,-0.190079,0.000000
57.730003,-0.010788,-549.784546,-0.008209,-0.007535,-0.191388,-0.047987,-0.002445,-1.913880,-549.784546,-0.189905,0.000000
57.740002,-0.008926,-549.740051,-0.008205,-0.007526,-0.191154,-0.039707,-0.002023,-1.911539,-549.740051,-0.189749,0.000000
57.750004,-0.000366,-549.784546,-0.008188,-0.007516,-0.190902,-0.001629,-0.000083,-1.909024,-549.784546,-0.189576,0.000000
57.760002,-0.005951,-549.829041,-0.008166,-0.007508,-0.190703,-0.026471,-0.001348,-1.907029,-549.829041,-0.189419,0.000000
57.770004,-0.036484,-549.651123,-0.008127,-0.007502,-0.190538,-0.162288,-0.008267,-1.905382,-549.651123,-0.189246,0.000000
57.780003,-0.039459,-549.784546,-0.008110,-0.007495,-0.190382,-0.175523,-0.008942,-1.903821,-549.784546,-0.189073,0.000000
57.790001,-0.039093,-549.829041,-0.008170,-0.007489,-0.190209,-0.173894,-0.008859,-1.902086,-549.829041,-0.188916,0.000000
57.800003,-0.042450,-549.784546,-0.008175,-0.007483,-0.190061,-0.188827,-0.009619,-1.900612,-549.784546,-0.188743,0.000000
57.810001,-0.041702,-549.784546,-0.008226,-0.007477,-0.189922,-0.185501,-0.009450,-1.899224,-549.784546,-0.188587,0.000000
57.820004,-0.034622,-549.695618,-0.008222,-0.007471,-0.189766,-0.154007,-0.007846,-1.897663,-549.695618,-0.188413,0.000000
57.830002,-0.026810,-549.829041,-0.008205,-0.007465,-0.189602,-0.119255,-0.006075,-1.896016,-549.829041,-0.188240,0.000000
57.840004,-0.031647,-549.784546,-0.008201,-0.007457,-0.189419,-0.140772,-0.007171,-1.894194,-549.784546,-0.188084,0.000000
57.850002,-0.028290,-549.740051,-0.008170,-0.007450,-0.189220,-0.125839,-0.006411,-1.892200,-549.740051,-0.187910,0.000000
57.860004,-0.018234,-549.784546,-0.008144,-0.007443,-0.189047,-0.081110,-0.004132,-1.890465,-549.784546,-0.187737,0.000000
57.870003,-0.024948,-549.606628,-0.008080,-0.007437,-0.188908,-0.110975,-0.005653,-1.889078,-549.606628,-0.187581,0.000000
57.880001,-0.013031,-549.829041,-0.008110,-0.007432,-0.188760,-0.057965,-0.002953,-1.887603,-549.829041,-0.187407,0.000000
57.890003,-0.012283,-549.740051,-0.008119,-0.007426,-0.188613,-0.054639,-0.002783,-1.886129,-549.740051,-0.187251,0.000000
57.900002,-0.013763,-549.740051,-0.008093,-0.007420,-0.188465,-0.061223,-0.003119,-1.884655,-549.740051,-0.187078,0.000000
57.910004,-0.021957,-549.829041,-0.008093,-0.007414,-0.188309,-0.097671,-0.004976,-1.883094,-549.829041,-0.186904,0.000000
57.920002,-0.019363,-549.695618,-0.008093,-0.007408,-0.188162,-0.086133,-0.004388,-1.881620,-549.695618,-0.186748,0.000000
57.930004,-0.017120,-549.829041,-0.008063,-0.007402,-0.188015,-0.076155,-0.003880,-1.880145,-549.829041,-0.186575,0.000000
57.940002,-0.018616,-549.695618,-0.008028,-0.007393,-0.187780,-0.082807,-0.004218,-1.877804,-549.695618,-0.186419,0.000000
57.950005,-0.018234,-549.740051,-0.008028,-0.007383,-0.187520,-0.081110,-0.004132,-1.875202,-549.740051,-0.186245,0.000000
57.960003,-0.051376,-549.829041,-0.008028,-0.007374,-0.187303,-0.228533,-0.011642,-1.873034,-549.829041,-0.186072,0.000000
57.970001,-0.056595,-549.695618,-0.007976,-0.007367,-0.187130,-0.251746,-0.012825,-1.871300,-549.695618,-0.185916,0.000000
57.980003,-0.061432,-549.829041,-0.007968,-0.007363,-0.187009,-0.273263,-0.013921,-1.870085,-549.829041,-0.185742,0.000000
57.990002,-0.074844,-549.740051,-0.008002,-0.007358,-0.186887,-0.332924,-0.016960,-1.868871,-549.740051,-0.185586,0.000000
58.000004,-0.066269,-549.740051,-0.008037,-0.007354,-0.186783,-0.294779,-0.015017,-1.867831,-549.740051,-0.185413,0.000000
58.010002,-0.058090,-549.829041,-0.008045,-0.007349,-0.186670,-0.258398,-0.013163,-1.866703,-549.829041,-0.185239,0.000000
58.020004,-0.053238,-549.740051,-0.008088,-0.007342,-0.186497,-0.236814,-0.012064,-1.864969,-549.740051,-0.185083,0.000000
58.030003,-0.052124,-549.784546,-0.008093,-0.007334,-0.186280,-0.231859,-0.011811,-1.862801,-549.784546,-0.184910,0.000000
58.040001,-0.042068,-549.695618,-0.008058,-0.007326,-0.186089,-0.187130,-0.009533,-1.860893,-549.695618,-0.184754,0.000000
58.050003,-0.049149,-549.784546,-0.008054,-0.007319,-0.185907,-0.218624,-0.011137,-1.859072,-549.784546,-0.184580,0.000000
58.060001,-0.046173,-549.829041,-0.008045,-0.007314,-0.185768,-0.205388,-0.010463,-1.857684,-549.829041,-0.184407,0.000000
58.070004,-0.026062,-549.784546,-0.008058,-0.007309,-0.185656,-0.115930,-0.005906,-1.856557,-549.784546,-0.184251,0.000000
58.080002,-0.031647,-549.784546,-0.008032,-0.007305,-0.185543,-0.140772,-0.007171,-1.855429,-549.784546,-0.184077,0.000000
58.090004,-0.028671,-549.695618,-0.008045,-0.007300,-0.185430,-0.127536,-0.006497,-1.854302,-549.695618,-0.183921,0.000000
58.100002,-0.024948,-549.784546,-0.007976,-0.007297,-0.185335,-0.110975,-0.005653,-1.853348,-549.784546,-0.183748,0.000000
58.110004,-0.033875,-549.829041,-0.008028,-0.007293,-0.185248,-0.150681,-0.007676,-1.852481,-549.829041,-0.183574,0.000000
58.120003,-0.040588,-549.740051,-0.008024,-0.007286,-0.185075,-0.180546,-0.009197,-1.850746,-549.740051,-0.183418,0.000000
58.130001,-0.057709,-549.829041,-0.007994,-0.007275,-0.184788,-0.256701,-0.013077,-1.847885,-549.829041,-0.183245,0.000000
58.140003,-0.045792,-549.784546,-0.007937,-0.007263,-0.184485,-0.203691,-0.010377,-1.844849,-549.784546,-0.183089,0.000000
58.150002,-0.033875,-549.784546,-0.007925,-0.007254,-0.184242,-0.150681,-0.007676,-1.842421,-549.784546,-0.182915,0.000000
58.160004,-0.042450,-549.829041,-0.007946,-0.007247,-0.184069,-0.188827,-0.009619,-1.840687,-549.829041,-0.182742,0.000000
58.170002,-0.043930,-549.740051,-0.007929,-0.007242,-0.183956,-0.195411,-0.009955,-1.839559,-549.740051,-0.182586,0.000000
58.180004,-0.050262,-549.829041,-0.007860,-0.007239,-0.183861,-0.223579,-0.011390,-1.838605,-549.829041,-0.182412,0.000000
58.190002,-0.060684,-549.695618,-0.007873,-0.007234,-0.183748,-0.269937,-0.013751,-1.837478,-549.695618,-0.182256,0.000000
58.200005,-0.064407,-549.829041,-0.007877,-0.007230,-0.183635,-0.286498,-0.014595,-1.836350,-549.829041,-0.182083,0.000000
58.210003,-0.066269,-549.829041,-0.007968,-0.007225,-0.183522,-0.294779,-0.015017,-1.835223,-549.829041,-0.181909,0.000000
58.220001,-0.052124,-549.695618,-0.007963,-0.007220,-0.183392,-0.231859,-0.011811,-1.833922,-549.695618,-0.181753,0.000000
58.230003,-0.036484,-549.829041,-0.007920,-0.007214,-0.183245,-0.162288,-0.008267,-1.832448,-549.829041,-0.181580,0.000000
58.240002,-0.037231,-549.740051,-0.007886,-0.007209,-0.183106,-0.165614,-0.008437,-1.831060,-549.740051,-0.181406,0.000000
58.250004,-0.040207,-549.784546,-0.007869,-0.007200,-0.182889,-0.178849,-0.009111,-1.828892,-549.784546,-0.181250,0.000000
58.260002,-0.043182,-549.873535,-0.007821,-0.007189,-0.182612,-0.192085,-0.009785,-1.826117,-549.873535,-0.181077,0.000000
58.270004,-0.032761,-549.695618,-0.007804,-0.007178,-0.182317,-0.145727,-0.007424,-1.823169,-549.695618,-0.180921,0.000000
58.280003,-0.036865,-549.829041,-0.007787,-0.007168,-0.182057,-0.163985,-0.008354,-1.820567,-549.829041,-0.180747,0.000000
58.290001,-0.037231,-549.784546,-0.007787,-0.007159,-0.181849,-0.165614,-0.008437,-1.818485,-549.784546,-0.180574,0.000000
58.300003,-0.043182,-549.695618,-0.007787,-0.007153,-0.181684,-0.192085,-0.009785,-1.816838,-549.695618,-0.180418,0.000000
58.310001,-0.037598,-549.784546,-0.007778,-0.007146,-0.181519,-0.167243,-0.008520,-1.815190,-549.784546,-0.180244,0.000000
58.320004,-0.046539,-549.695618,-0.007752,-0.007140,-0.181346,-0.207017,-0.010546,-1.813456,-549.695618,-0.180088,0.000000
58.330002,-0.040207,-549.873535,-0.007743,-0.007134,-0.181198,-0.178849,-0.009111,-1.811981,-549.873535,-0.179915,0.000000
58.340004,-0.040955,-549.784546,-0.007735,-0.007128,-0.181051,-0.182175,-0.009280,-1.810507,-549.784546,-0.179741,0.000000
58.350002,-0.059952,-549.784546,-0.007739,-0.007123,-0.180929,-0.266679,-0.013585,-1.809293,-549.784546,-0.179585,0.000000
58.360004,-0.069992,-549.873535,-0.007726,-0.007119,-0.180817,-0.311340,-0.015860,-1.808166,-549.873535,-0.179412,0.000000
58.370003,-0.075577,-549.784546,-0.007743,-0.007113,-0.180669,-0.336182,-0.017126,-1.806691,-549.784546,-0.179256,0.000000
58.380001,-0.064041,-549.829041,-0.007722,-0.007106,-0.180496,-0.284869,-0.014512,-1.804957,-549.829041,-0.179082,0.000000
58.390003,-0.063293,-549.784546,-0.007735,-0.007102,-0.180383,-0.281543,-0.014343,-1.803829,-549.784546,-0.178909,0.000000
58.400002,-0.062927,-549.740051,-0.007679,-0.007098,-0.180296,-0.279914,-0.014260,-1.802962,-549.740051,-0.178753,0.000000
58.410004,-0.074844,-549.829041,-0.007696,-0.007094,-0.180192,-0.332924,-0.016960,-1.801921,-549.829041,-0.178579,0.000000
58.420002,-0.064789,-549.651123,-0.007683,-0.007089,-0.180071,-0.288195,-0.014681,-1.800707,-549.651123,-0.178423,0.000000
58.430004,-0.058823,-549.784546,-0.007735,-0.007084,-0.179923,-0.261656,-0.013329,-1.799233,-549.784546,-0.178250,0.000000
58.440002,-0.045044,-549.784546,-0.007718,-0.007075,-0.179706,-0.200365,-0.010207,-1.797065,-549.784546,-0.178076,0.000000
58.450005,-0.038345,-549.695618,-0.007752,-0.007065,-0.179446,-0.170569,-0.008689,-1.794463,-549.695618,-0.177920,0.000000
58.460003,-0.050629,-549.873535,-0.007787,-0.007054,-0.179177,-0.225208,-0.011473,-1.791775,-549.873535,-0.177747,0.000000
58.470001,-0.021225,-549.695618,-0.007787,-0.007045,-0.178943,-0.094413,-0.004810,-1.789433,-549.695618,-0.177590,0.000000
58.480003,-0.030899,-549.829041,-0.007782,-0.007038,-0.178761,-0.137446,-0.007002,-1.787612,-549.829041,-0.177417,0.000000
58.490002,-0.036865,-549.784546,-0.007800,-0.007030,-0.178562,-0.163985,-0.008354,-1.785618,-549.784546,-0.177244,0.000000
58.500004,-0.051758,-549.740051,-0.007765,-0.007024,-0.178406,-0.230230,-0.011728,-1.784057,-549.740051,-0.177087,0.000000
58.510002,-0.053986,-549.873535,-0.007756,-0.007019,-0.178276,-0.240140,-0.012233,-1.782756,-549.873535,-0.176914,0.000000
58.520004,-0.051010,-549.784546,-0.007748,-0.007012,-0.178102,-0.226904,-0.011559,-1.781021,-549.784546,-0.176758,0.000000
58.530003,-0.051376,-549.829041,-0.007709,-0.007004,-0.177903,-0.228533,-0.011642,-1.779027,-549.829041,-0.176584,0.000000
58.540001,-0.059570,-549.784546,-0.007692,-0.006997,-0.177721,-0.264982,-0.013499,-1.777206,-549.784546,-0.176411,0.000000
58.550003,-0.087128,-549.740051,-0.007683,-0.006991,-0.177564,-0.387563,-0.019743,-1.775645,-549.740051,-0.176255,0.000000
58.560001,-0.083405,-549.829041,-0.007675,-0.006986,-0.177443,-0.371002,-0.018900,-1.774430,-549.829041,-0.176081,0.000000
58.570004,-0.077072,-549.740051,-0.007670,-0.006982,-0.177339,-0.342834,-0.017465,-1.773390,-549.740051,-0.175925,0.000000
58.580002,-0.085266,-549.784546,-0.007649,-0.006977,-0.177209,-0.379283,-0.019322,-1.772089,-549.784546,-0.175752,0.000000
58.590004,-0.081909,-549.784546,-0.007588,-0.006970,-0.177044,-0.364350,-0.018561,-1.770441,-549.784546,-0.175579,0.000000
58.600002,-0.074463,-549.784546,-0.007588,-0.006963,-0.176853,-0.331227,-0.016874,-1.768533,-549.784546,-0.175422,0.000000
58.610004,-0.059204,-549.873535,-0.007618,-0.006954,-0.176637,-0.263353,-0.013416,-1.766365,-549.873535,-0.175249,0.000000
58.620003,-0.046906,-549.740051,-0.007588,-0.006947,-0.176454,-0.208646,-0.010629,-1.764544,-549.740051,-0.175076,0.000000
58.630001,-0.033875,-549.829041,-0.007575,-0.006942,-0.176316,-0.150681,-0.007676,-1.763157,-549.829041,-0.174919,0.000000
58.640003,-0.040588,-549.829041,-0.007562,-0.006935,-0.176160,-0.180546,-0.009197,-1.761595,-549.829041,-0.174746,0.000000
58.650002,-0.041702,-549.784546,-0.007558,-0.006928,-0.175960,-0.185501,-0.009450,-1.759601,-549.784546,-0.174590,0.000000
58.660004,-0.032013,-549.873535,-0.007528,-0.006920,-0.175761,-0.142401,-0.007254,-1.757606,-549.873535,-0.174416,0.000000
58.670002,-0.032013,-549.784546,-0.007567,-0.006914,-0.175605,-0.142401,-0.007254,-1.756045,-549.784546,-0.174243,0.000000
58.680004,-0.046173,-549.873535,-0.007537,-0.006908,-0.175457,-0.205388,-0.010463,-1.754571,-549.873535,-0.174087,0.000000
58.690002,-0.052124,-549.784546,-0.007493,-0.006902,-0.175318,-0.231859,-0.011811,-1.753183,-549.784546,-0.173913,0.000000
58.700005,-0.049896,-549.784546,-0.007528,-0.006897,-0.175180,-0.221950,-0.011307,-1.751796,-549.784546,-0.173757,0.000000
58.710003,-0.053619,-549.829041,-0.007558,-0.006890,-0.174997,-0.238511,-0.012150,-1.749975,-549.829041,-0.173584,0.000000
58.720001,-0.051010,-549.740051,-0.007618,-0.006882,-0.174815,-0.226904,-0.011559,-1.748154,-549.740051,-0.173410,0.000000
58.730003,-0.042816,-549.829041,-0.007610,-0.006875,-0.174625,-0.190456,-0.009702,-1.746246,-549.829041,-0.173254,0.000000
58.740002,-0.059570,-549.740051,-0.007623,-0.006868,-0.174442,-0.264982,-0.013499,-1.744424,-549.740051,-0.173081,0.000000
58.750004,-0.073349,-549.784546,-0.007593,-0.006862,-0.174286,-0.326273,-0.016621,-1.742863,-549.784546,-0.172925,0.000000
58.760002,-0.076706,-549.829041,-0.007575,-0.006856,-0.174148,-0.341205,-0.017382,-1.741476,-549.829041,-0.172751,0.000000
58.770004,-0.064407,-549.740051,-0.007571,-0.006851,-0.174026,-0.286498,-0.014595,-1.740262,-549.740051,-0.172578,0.000000
58.780003,-0.072983,-549.873535,-0.007580,-0.006846,-0.173887,-0.324644,-0.016538,-1.738874,-549.873535,-0.172422,0.000000
58.790001,-0.080048,-549.784546,-0.007580,-0.006839,-0.173723,-0.356070,-0.018139,-1.737226,-549.784546,-0.172248,0.000000
58.800003,-0.072601,-549.695618,-0.007532,-0.006831,-0.173506,-0.322947,-0.016452,-1.735058,-549.695618,-0.172092,0.000000
58.810001,-0.056595,-549.873535,-0.007502,-0.006821,-0.173246,-0.251746,-0.012825,-1.732457,-549.873535,-0.171919,0.000000
58.820004,-0.049515,-549.740051,-0.007558,-0.006812,-0.173029,-0.220253,-0.011220,-1.730289,-549.740051,-0.171745,0.000000
58.830002,-0.049896,-549.829041,-0.007549,-0.006807,-0.172899,-0.221950,-0.011307,-1.728988,-549.829041,-0.171589,0.000000
58.840004,-0.044312,-549.784546,-0.007549,-0.006801,-0.172751,-0.197107,-0.010041,-1.727514,-549.784546,-0.171416,0.000000
58.850002,-0.036865,-549.740051,-0.007519,-0.006794,-0.172578,-0.163985,-0.008354,-1.725779,-549.740051,-0.171260,0.000000
58.860004,-0.027176,-549.784546,-0.007511,-0.006788,-0.172422,-0.120884,-0.006158,-1.724218,-549.784546,-0.171086,0.000000
58.870003,-0.037598,-549.740051,-0.007524,-0.006781,-0.172240,-0.167243,-0.008520,-1.722397,-549.740051,-0.170913,0.000000
58.880001,-0.058823,-549.829041,-0.007463,-0.006773,-0.172040,-0.261656,-0.013329,-1.720402,-549.829041,-0.170757,0.000000
58.890003,-0.051758,-549.784546,-0.007390,-0.006766,-0.171849,-0.230230,-0.011728,-1.718494,-549.784546,-0.170583,0.000000
58.900002,-0.043182,-549.784546,-0.007360,-0.006760,-0.171693,-0.192085,-0.009785,-1.716933,-549.784546,-0.170427,0.000000
58.910004,-0.055481,-549.873535,-0.007325,-0.006755,-0.171572,-0.246792,-0.012572,-1.715719,-549.873535,-0.170254,0.000000
58.920002,-0.046173,-549.784546,-0.007373,-0.006749,-0.171433,-0.205388,-0.010463,-1.714332,-549.784546,-0.170080,0.000000
58.930004,-0.056961,-549.829041,-0.007364,-0.006741,-0.171234,-0.253375,-0.012908,-1.712337,-549.829041,-0.169924,0.000000
58.940002,-0.074844,-549.784546,-0.007424,-0.006734,-0.171034,-0.332924,-0.016960,-1.710342,-549.784546,-0.169751,0.000000
58.950005,-0.075577,-549.784546,-0.007424,-0.006726,-0.170852,-0.336182,-0.017126,-1.708521,-549.784546,-0.169595,0.000000
58.960003,-0.076324,-549.829041,-0.007450,-0.006720,-0.170679,-0.339508,-0.017295,-1.706787,-549.829041,-0.169421,0.000000
58.970001,-0.075577,-549.740051,-0.007407,-0.006712,-0.170488,-0.336182,-0.017126,-1.704879,-549.740051,-0.169248,0.000000
58.980003,-0.073349,-549.829041,-0.007394,-0.006703,-0.170262,-0.326273,-0.016621,-1.702624,-549.829041,-0.169092,0.000000
58.990002,-0.064789,-549.829041,-0.007386,-0.006695,-0.170046,-0.288195,-0.014681,-1.700456,-549.829041,-0.168918,0.000000
59.000004,-0.018616,-549.740051,-0.007355,-0.006689,-0.169907,-0.082807,-0.004218,-1.699069,-549.740051,-0.168745,0.000000
59.010002,-0.013031,-549.829041,-0.007295,-0.006688,-0.169872,-0.057965,-0.002953,-1.698722,-549.829041,-0.168589,0.000000
59.020004,-0.022339,-549.740051,-0.007291,-0.006687,-0.169855,-0.099368,-0.005062,-1.698548,-549.740051,-0.168415,0.000000
59.030003,-0.035736,-549.829041,-0.007291,-0.006684,-0.169768,-0.158962,-0.008098,-1.697681,-549.829041,-0.168259,0.000000
59.040001,-0.029404,-549.740051,-0.007282,-0.006679,-0.169638,-0.130794,-0.006663,-1.696380,-549.740051,-0.168086,0.000000
59.050003,-0.018234,-549.740051,-0.007368,-0.006669,-0.169395,-0.081110,-0.004132,-1.693952,-549.740051,-0.167912,0.000000
59.060001,-0.019363,-549.917969,-0.007373,-0.006659,-0.169144,-0.086133,-0.004388,-1.691437,-549.917969,-0.167756,0.000000
59.070004,-0.023819,-549.784546,-0.007343,-0.006649,-0.168884,-0.105952,-0.005397,-1.688835,-549.784546,-0.167583,0.000000
59.080002,-0.019363,-549.829041,-0.007355,-0.006641,-0.168684,-0.086133,-0.004388,-1.686841,-549.829041,-0.167427,0.000000
59.090004,-0.024567,-549.829041,-0.007347,-0.006635,-0.168537,-0.109278,-0.005567,-1.685366,-549.829041,-0.167253,0.000000
59.100002,-0.032761,-549.740051,-0.007343,-0.006631,-0.168424,-0.145727,-0.007424,-1.684239,-549.740051,-0.167080,0.000000
59.110004,-0.019730,-549.873535,-0.007343,-0.006625,-0.168285,-0.087762,-0.004471,-1.682851,-549.873535,-0.166924,0.000000
59.120003,-0.027542,-549.740051,-0.007282,-0.006618,-0.168086,-0.122513,-0.006241,-1.680857,-549.740051,-0.166750,0.000000
59.130001,-0.047287,-549.873535,-0.007252,-0.006610,-0.167895,-0.210343,-0.010715,-1.678949,-549.873535,-0.166594,0.000000
59.140003,-0.050629,-549.784546,-0.007265,-0.006604,-0.167747,-0.225208,-0.011473,-1.677475,-549.784546,-0.166421,0.000000
59.150002,-0.047287,-549.695618,-0.007230,-0.006598,-0.167600,-0.210343,-0.010715,-1.676000,-549.695618,-0.166247,0.000000
59.160004,-0.042068,-549.917969,-0.007222,-0.006593,-0.167470,-0.187130,-0.009533,-1.674700,-549.917969,-0.166091,0.000000
59.170002,-0.036484,-549.695618,-0.007170,-0.006586,-0.167296,-0.162288,-0.008267,-1.672965,-549.695618,-0.165918,0.000000
59.180004,-0.037598,-549.829041,-0.007239,-0.006579,-0.167097,-0.167243,-0.008520,-1.670970,-549.829041,-0.165762,0.000000
59.190002,-0.040207,-549.784546,-0.007230,-0.006570,-0.166872,-0.178849,-0.009111,-1.668716,-549.784546,-0.165588,0.000000
59.200005,-0.030533,-549.740051,-0.007209,-0.006563,-0.166689,-0.135817,-0.006919,-1.666894,-549.740051,-0.165415,0.000000
59.210003,-0.033127,-549.873535,-0.007170,-0.006556,-0.166525,-0.147355,-0.007507,-1.665247,-549.873535,-0.165259,0.000000
59.220001,-0.027924,-549.740051,-0.007179,-0.006552,-0.166421,-0.124210,-0.006328,-1.664206,-549.740051,-0.165085,0.000000
59.230003,-0.020096,-549.873535,-0.007131,-0.006547,-0.166282,-0.089391,-0.004554,-1.662819,-549.873535,-0.164929,0.000000
59.240002,-0.021225,-549.784546,-0.007144,-0.006540,-0.166108,-0.094413,-0.004810,-1.661084,-549.784546,-0.164756,0.000000
59.250004,-0.014893,-549.784546,-0.007153,-0.006532,-0.165900,-0.066245,-0.003375,-1.659003,-549.784546,-0.164582,0.000000
59.260002,-0.031265,-549.873535,-0.007161,-0.006522,-0.165666,-0.139075,-0.007085,-1.656661,-549.873535,-0.164426,0.000000
59.270004,-0.023453,-549.784546,-0.007148,-0.006516,-0.165519,-0.104323,-0.005314,-1.655187,-549.784546,-0.164253,0.000000
59.280003,-0.017868,-549.873535,-0.007213,-0.006511,-0.165389,-0.079481,-0.004049,-1.653886,-549.873535,-0.164096,0.000000
59.290001,-0.020096,-549.784546,-0.007200,-0.006505,-0.165224,-0.089391,-0.004554,-1.652238,-549.784546,-0.163923,0.000000
59.300003,-0.029404,-549.784546,-0.007192,-0.006497,-0.165033,-0.130794,-0.006663,-1.650330,-549.784546,-0.163750,0.000000
59.310001,-0.029037,-549.829041,-0.007148,-0.006490,-0.164851,-0.129165,-0.006580,-1.648509,-549.829041,-0.163593,0.000000
59.320004,-0.051758,-549.740051,-0.007127,-0.006483,-0.164677,-0.230230,-0.011728,-1.646775,-549.740051,-0.163420,0.000000
59.330002,-0.055099,-549.784546,-0.007101,-0.006477,-0.164513,-0.245095,-0.012486,-1.645127,-549.784546,-0.163264,0.000000
59.340004,-0.058823,-549.829041,-0.007174,-0.006471,-0.164365,-0.261656,-0.013329,-1.643653,-549.829041,-0.163090,0.000000
59.350002,-0.056595,-549.829041,-0.007174,-0.006466,-0.164235,-0.251746,-0.012825,-1.642352,-549.829041,-0.162917,0.000000
59.360004,-0.049515,-549.873535,-0.007157,-0.006462,-0.164122,-0.220253,-0.011220,-1.641225,-549.873535,-0.162761,0.000000
59.370003,-0.036484,-549.784546,-0.007161,-0.006458,-0.164036,-0.162288,-0.008267,-1.640357,-549.784546,-0.162587,0.000000
59.380001,-0.040955,-549.829041,-0.007153,-0.006454,-0.163923,-0.182175,-0.009280,-1.639230,-549.829041,-0.162414,0.000000
59.390003,-0.039459,-549.784546,-0.007136,-0.006446,-0.163741,-0.175523,-0.008942,-1.637409,-549.784546,-0.162258,0.000000
59.400002,-0.026062,-549.829041,-0.007123,-0.006437,-0.163507,-0.115930,-0.005906,-1.635067,-549.829041,-0.162084,0.000000
59.410004,-0.024567,-549.873535,-0.007092,-0.006427,-0.163247,-0.109278,-0.005567,-1.632466,-549.873535,-0.161928,0.000000
59.420002,-0.007065,-549.829041,-0.007105,-0.006420,-0.163064,-0.031426,-0.001601,-1.630644,-549.829041,-0.161755,0.000000
59.430004,-0.003723,-549.873535,-0.007067,-0.006414,-0.162908,-0.016561,-0.000844,-1.629084,-549.873535,-0.161581,0.000000
59.440002,-0.007446,-549.829041,-0.007110,-0.006405,-0.162683,-0.033123,-0.001687,-1.626829,-549.829041,-0.161425,0.000000
59.450005,-0.003342,-549.784546,-0.007084,-0.006396,-0.162449,-0.014865,-0.000757,-1.624487,-549.784546,-0.161252,0.000000
59.460003,-0.007446,-549.873535,-0.007015,-0.006388,-0.162267,-0.033123,-0.001687,-1.622666,-549.873535,-0.161096,0.000000
59.470001,-0.007446,-549.784546,-0.006993,-0.006381,-0.162084,-0.033123,-0.001687,-1.620845,-549.784546,-0.160922,0.000000
59.480003,-0.004837,-549.829041,-0.006942,-0.006373,-0.161885,-0.021516,-0.001096,-1.618850,-549.829041,-0.160749,0.000000
59.490002,-0.002594,-549.784546,-0.006950,-0.006367,-0.161712,-0.011539,-0.000588,-1.617116,-549.784546,-0.160593,0.000000
59.500004,-0.015625,-549.829041,-0.006985,-0.006361,-0.161564,-0.069503,-0.003541,-1.615641,-549.829041,-0.160419,0.000000
59.510002,-0.037598,-549.829041,-0.007032,-0.006355,-0.161425,-0.167243,-0.008520,-1.614254,-549.829041,-0.160263,0.000000
59.520004,-0.032013,-549.784546,-0.007071,-0.006350,-0.161287,-0.142401,-0.007254,-1.612866,-549.784546,-0.160090,0.000000
59.530003,-0.037231,-549.873535,-0.007028,-0.006343,-0.161122,-0.165614,-0.008437,-1.611219,-549.873535,-0.159916,0.000000
59.540005,-0.039841,-549.829041,-0.006989,-0.006338,-0.160983,-0.177220,-0.009028,-1.609831,-549.829041,-0.159760,0.000000
59.550003,-0.040207,-549.829041,-0.006993,-0.006333,-0.160870,-0.178849,-0.009111,-1.608704,-549.829041,-0.159587,0.000000
59.560001,-0.034622,-549.873535,-0.006993,-0.006329,-0.160766,-0.154007,-0.007846,-1.607663,-549.873535,-0.159431,0.000000
59.570004,-0.027176,-549.740051,-0.006972,-0.006323,-0.160593,-0.120884,-0.006158,-1.605929,-549.740051,-0.159257,0.000000
59.580002,-0.011169,-549.917969,-0.006959,-0.006315,-0.160402,-0.049684,-0.002531,-1.604021,-549.917969,-0.159084,0.000000
59.590004,-0.005203,-549.829041,-0.006946,-0.006309,-0.160237,-0.023145,-0.001179,-1.602373,-549.829041,-0.158928,0.000000
59.600002,-0.022339,-549.829041,-0.006933,-0.006302,-0.160081,-0.099368,-0.005062,-1.600812,-549.829041,-0.158754,0.000000
59.610004,-0.015625,-549.829041,-0.006911,-0.006297,-0.159951,-0.069503,-0.003541,-1.599511,-549.829041,-0.158598,0.000000
59.620003,0.008942,-549.784546,-0.006881,-0.006292,-0.159821,0.039774,0.002026,-1.598210,-549.784546,-0.158425,0.000000
59.630001,0.010437,-549.873535,-0.006898,-0.006285,-0.159648,0.046426,0.002365,-1.596476,-549.873535,-0.158251,0.000000
59.640003,0.016769,-549.784546,-0.006885,-0.006278,-0.159465,0.074594,0.003800,-1.594655,-549.784546,-0.158095,0.000000
59.650002,0.004852,-549.829041,-0.006847,-0.006269,-0.159240,0.021584,0.001100,-1.592400,-549.829041,-0.157922,0.000000
59.660004,0.004471,-549.873535,-0.006851,-0.006262,-0.159049,0.019887,0.001013,-1.590492,-549.873535,-0.157766,0.000000
59.670002,0.008942,-549.784546,-0.006868,-0.006255,-0.158867,0.039774,0.002026,-1.588671,-549.784546,-0.157592,0.000000
59.680004,0.001862,-549.917969,-0.006864,-0.006248,-0.158694,0.008281,0.000422,-1.586936,-549.917969,-0.157419,0.000000
59.690002,0.004105,-549.784546,-0.006817,-0.006240,-0.158503,0.018258,0.000930,-1.585028,-549.784546,-0.157263,0.000000
59.700005,-0.022339,-549.873535,-0.006851,-0.006233,-0.158312,-0.099368,-0.005062,-1.583120,-549.873535,-0.157089,0.000000
59.710003,-0.033875,-549.873535,-0.006907,-0.006226,-0.158147,-0.150681,-0.007676,-1.581473,-549.873535,-0.156933,0.000000
59.720001,-0.027542,-549.829041,-0.006911,-0.006222,-0.158043,-0.122513,-0.006241,-1.580432,-549.829041,-0.156760,0.000000
59.730003,-0.033875,-549.962463,-0.006911,-0.006218,-0.157939,-0.150681,-0.007676,-1.579391,-549.962463,-0.156586,0.000000
59.740002,-0.033875,-549.829041,-0.006890,-0.006214,-0.157826,-0.150681,-0.007676,-1.578264,-549.829041,-0.156430,0.000000
59.750004,-0.034256,-549.829041,-0.006812,-0.006208,-0.157688,-0.152378,-0.007763,-1.576876,-549.829041,-0.156257,0.000000
59.760002,-0.028671,-549.917969,-0.006829,-0.006202,-0.157523,-0.127536,-0.006497,-1.575229,-549.917969,-0.156083,0.000000
59.770004,-0.020096,-549.740051,-0.006817,-0.006194,-0.157323,-0.089391,-0.004554,-1.573234,-549.740051,-0.155927,0.000000
59.780003,-0.016006,-549.917969,-0.006760,-0.006185,-0.157107,-0.071200,-0.003627,-1.571066,-549.917969,-0.155754,0.000000
59.790005,-0.008560,-549.829041,-0.006739,-0.006178,-0.156916,-0.038078,-0.001940,-1.569158,-549.829041,-0.155598,0.000000
59.800003,-0.015625,-549.829041,-0.006769,-0.006172,-0.156768,-0.069503,-0.003541,-1.567684,-549.829041,-0.155424,0.000000
59.810001,-0.007812,-549.873535,-0.006778,-0.006167,-0.156647,-0.034752,-0.001770,-1.566470,-549.873535,-0.155251,0.000000
59.820004,-0.000732,-549.784546,-0.006743,-0.006162,-0.156526,-0.003258,-0.000166,-1.565256,-549.784546,-0.155095,0.000000
59.830002,-0.001480,-549.873535,-0.006735,-0.006157,-0.156378,-0.006584,-0.000335,-1.563781,-549.873535,-0.154921,0.000000
59.840004,-0.001114,-549.829041,-0.006735,-0.006151,-0.156248,-0.004955,-0.000252,-1.562481,-549.829041,-0.154765,0.000000
59.850002,-0.005585,-549.829041,-0.006722,-0.006146,-0.156101,-0.024842,-0.001266,-1.561006,-549.829041,-0.154592,0.000000
59.860004,0.001129,-549.917969,-0.006726,-0.006138,-0.155910,0.005023,0.000256,-1.559098,-549.917969,-0.154418,0.000000
59.870003,-0.009308,-549.784546,-0.006773,-0.006129,-0.155676,-0.041403,-0.002109,-1.556757,-549.784546,-0.154262,0.000000
59.880001,-0.002975,-549.873535,-0.006752,-0.006119,-0.155424,-0.013236,-0.000674,-1.554242,-549.873535,-0.154089,0.000000
59.890003,-0.000732,-549.829041,-0.006756,-0.006112,-0.155233,-0.003258,-0.000166,-1.552334,-549.829041,-0.153933,0.000000
59.900002,-0.016754,-549.829041,-0.006748,-0.006105,-0.155077,-0.074526,-0.003797,-1.550773,-549.829041,-0.153759,0.000000
59.910004,-0.027924,-549.873535,-0.006773,-0.006100,-0.154930,-0.124210,-0.006328,-1.549299,-549.873535,-0.153586,0.000000
59.920002,-0.027542,-549.784546,-0.006778,-0.006093,-0.154756,-0.122513,-0.006241,-1.547564,-549.784546,-0.153430,0.000000
59.930004,-0.036865,-549.873535,-0.006760,-0.006086,-0.154592,-0.163985,-0.008354,-1.545916,-549.873535,-0.153256,0.000000
59.940002,-0.033875,-549.784546,-0.006752,-0.006081,-0.154453,-0.150681,-0.007676,-1.544529,-549.784546,-0.153100,0.000000
59.950005,-0.026810,-549.873535,-0.006735,-0.006074,-0.154288,-0.119255,-0.006075,-1.542881,-549.873535,-0.152927,0.000000
59.960003,-0.032761,-549.917969,-0.006756,-0.006068,-0.154115,-0.145727,-0.007424,-1.541147,-549.917969,-0.152753,0.000000
59.970001,-0.018616,-549.784546,-0.006696,-0.006060,-0.153924,-0.082807,-0.004218,-1.539239,-549.784546,-0.152597,0.000000
59.980003,-0.017120,-549.873535,-0.006670,-0.006052,-0.153724,-0.076155,-0.003880,-1.537244,-549.873535,-0.152424,0.000000
59.990002,-0.021591,-549.784546,-0.006657,-0.006045,-0.153551,-0.096042,-0.004893,-1.535510,-549.784546,-0.152267,0.000000
60.000004,-0.014145,-549.829041,-0.006631,-0.006040,-0.153421,-0.062920,-0.003205,-1.534209,-549.829041,-0.152094,0.000000
60.010002,-0.019363,-549.873535,-0.006597,-0.006034,-0.153273,-0.086133,-0.004388,-1.532735,-549.873535,-0.151921,0.000000
60.020004,-0.013031,-549.829041,-0.006622,-0.006029,-0.153135,-0.057965,-0.002953,-1.531347,-549.829041,-0.151764,0.000000
60.030003,-0.010040,-549.873535,-0.006584,-0.006023,-0.152979,-0.044661,-0.002275,-1.529786,-549.873535,-0.151591,0.000000
60.040005,-0.014145,-549.829041,-0.006618,-0.006017,-0.152823,-0.062920,-0.003205,-1.528225,-549.829041,-0.151435,0.000000
60.050003,-0.009674,-549.829041,-0.006605,-0.006010,-0.152666,-0.043032,-0.002192,-1.526664,-549.829041,-0.151262,0.000000
60.060001,-0.014893,-549.962463,-0.006640,-0.006005,-0.152528,-0.066245,-0.003375,-1.525277,-549.962463,-0.151088,0.000000
60.070004,-0.029037,-549.784546,-0.006597,-0.005996,-0.152302,-0.129165,-0.006580,-1.523022,-549.784546,-0.150932,0.000000
60.080002,-0.023819,-549.873535,-0.006601,-0.005986,-0.152033,-0.105952,-0.005397,-1.520333,-549.873535,-0.150759,0.000000
60.090004,-0.035736,-549.829041,-0.006653,-0.005977,-0.151808,-0.158962,-0.008098,-1.518079,-549.829041,-0.150602,0.000000
60.100002,-0.056961,-549.829041,-0.006670,-0.005970,-0.151634,-0.253375,-0.012908,-1.516344,-549.829041,-0.150429,0.000000
60.110004,-0.064041,-549.873535,-0.006661,-0.005965,-0.151522,-0.284869,-0.014512,-1.515217,-549.873535,-0.150256,0.000000
60.120003,-0.065536,-549.784546,-0.006644,-0.005961,-0.151418,-0.291521,-0.014851,-1.514176,-549.784546,-0.150099,0.000000
60.130001,-0.059204,-549.873535,-0.006622,-0.005957,-0.151314,-0.263353,-0.013416,-1.513135,-549.873535,-0.149926,0.000000
60.140003,-0.052490,-549.873535,-0.006575,-0.005954,-0.151227,-0.233488,-0.011894,-1.512268,-549.873535,-0.149753,0.000000
60.150002,-0.050629,-549.829041,-0.006562,-0.005948,-0.151071,-0.225208,-0.011473,-1.510707,-549.829041,-0.149596,0.000000
60.160004,-0.061813,-549.873535,-0.006528,-0.005939,-0.150845,-0.274960,-0.014007,-1.508452,-549.873535,-0.149423,0.000000
60.170002,-0.040207,-549.829041,-0.006523,-0.005930,-0.150611,-0.178849,-0.009111,-1.506111,-549.829041,-0.149267,0.000000
60.180004,-0.039093,-549.917969,-0.006489,-0.005922,-0.150420,-0.173894,-0.008859,-1.504203,-549.917969,-0.149093,0.000000
60.190002,-0.036484,-549.873535,-0.006476,-0.005916,-0.150256,-0.162288,-0.008267,-1.502555,-549.873535,-0.148920,0.000000
60.200005,-0.031647,-549.784546,-0.006463,-0.005911,-0.150143,-0.140772,-0.007171,-1.501428,-549.784546,-0.148764,0.000000
60.210003,-0.033875,-549.917969,-0.006502,-0.005907,-0.150030,-0.150681,-0.007676,-1.500300,-549.917969,-0.148590,0.000000
60.220001,-0.032013,-549.829041,-0.006541,-0.005902,-0.149917,-0.142401,-0.007254,-1.499173,-549.829041,-0.148434,0.000000
60.230003,-0.035370,-549.917969,-0.006597,-0.005899,-0.149822,-0.157333,-0.008015,-1.498219,-549.917969,-0.148261,0.000000
60.240002,-0.033508,-549.784546,-0.006592,-0.005895,-0.149735,-0.149052,-0.007593,-1.497352,-549.784546,-0.148087,0.000000
60.250004,-0.032761,-549.873535,-0.006545,-0.005889,-0.149588,-0.145727,-0.007424,-1.495878,-549.873535,-0.147931,0.000000
60.260002,-0.040207,-549.917969,-0.006510,-0.005878,-0.149310,-0.178849,-0.009111,-1.493103,-549.917969,-0.147758,0.000000
60.270004,-0.037979,-549.740051,-0.006441,-0.005867,-0.149015,-0.168940,-0.008606,-1.490154,-549.740051,-0.147602,0.000000
60.280003,-0.032761,-549.829041,-0.006403,-0.005857,-0.148755,-0.145727,-0.007424,-1.487552,-549.829041,-0.147428,0.000000
60.290005,-0.039093,-549.784546,-0.006390,-0.005849,-0.148573,-0.173894,-0.008859,-1.485731,-549.784546,-0.147255,0.000000
60.300003,-0.046539,-549.829041,-0.006403,-0.005845,-0.148452,-0.207017,-0.010546,-1.484517,-549.829041,-0.147099,0.000000
60.310001,-0.045425,-549.873535,-0.006403,-0.005841,-0.148365,-0.202062,-0.010294,-1.483650,-549.873535,-0.146925,0.000000
60.320004,-0.041321,-549.829041,-0.006433,-0.005837,-0.148252,-0.183804,-0.009363,-1.482522,-549.829041,-0.146769,0.000000
60.330002,-0.052490,-549.917969,-0.006407,-0.005832,-0.148131,-0.233488,-0.011894,-1.481308,-549.917969,-0.146596,0.000000
60.340004,-0.061432,-549.829041,-0.006411,-0.005828,-0.148027,-0.273263,-0.013921,-1.480268,-549.829041,-0.146422,0.000000
60.350002,-0.057343,-549.784546,-0.006437,-0.005823,-0.147897,-0.255072,-0.012994,-1.478967,-549.784546,-0.146266,0.000000
60.360004,-0.049149,-549.962463,-0.006428,-0.005817,-0.147749,-0.218624,-0.011137,-1.477492,-549.962463,-0.146093,0.000000
60.370003,-0.034988,-549.784546,-0.006403,-0.005811,-0.147602,-0.155636,-0.007928,-1.476018,-549.784546,-0.145937,0.000000
60.380001,-0.036118,-549.873535,-0.006411,-0.005803,-0.147394,-0.160659,-0.008184,-1.473937,-549.873535,-0.145763,0.000000
60.390003,-0.033508,-549.873535,-0.006428,-0.005792,-0.147116,-0.149052,-0.007593,-1.471162,-549.873535,-0.145590,0.000000
60.400002,-0.022339,-549.873535,-0.006446,-0.005781,-0.146830,-0.099368,-0.005062,-1.468300,-549.873535,-0.145434,0.000000
60.410004,-0.023819,-549.917969,-0.006416,-0.005770,-0.146570,-0.105952,-0.005397,-1.465698,-549.917969,-0.145260,0.000000
60.420002,-0.029037,-549.740051,-0.006390,-0.005762,-0.146362,-0.129165,-0.006580,-1.463617,-549.740051,-0.145104,0.000000
60.430004,-0.035736,-549.873535,-0.006416,-0.005756,-0.146197,-0.158962,-0.008098,-1.461969,-549.873535,-0.144931,0.000000
60.440002,-0.038727,-549.784546,-0.006377,-0.005750,-0.146049,-0.172265,-0.008776,-1.460495,-549.784546,-0.144757,0.000000
60.450005,-0.036484,-549.784546,-0.006351,-0.005743,-0.145867,-0.162288,-0.008267,-1.458674,-549.784546,-0.144601,0.000000
60.460003,-0.036865,-549.962463,-0.006334,-0.005736,-0.145703,-0.163985,-0.008354,-1.457026,-549.962463,-0.144428,0.000000
60.470001,-0.040588,-549.784546,-0.006282,-0.005730,-0.145538,-0.180546,-0.009197,-1.455378,-549.784546,-0.144272,0.000000
60.480003,-0.055481,-549.873535,-0.006278,-0.005724,-0.145390,-0.246792,-0.012572,-1.453904,-549.873535,-0.144098,0.000000
60.490002,-0.062546,-549.829041,-0.006299,-0.005719,-0.145269,-0.278217,-0.014173,-1.452690,-549.829041,-0.143925,0.000000
60.500004,-0.069626,-549.829041,-0.006342,-0.005714,-0.145130,-0.309711,-0.015777,-1.451302,-549.829041,-0.143769,0.000000
60.510002,-0.064789,-549.829041,-0.006359,-0.005708,-0.144974,-0.288195,-0.014681,-1.449741,-549.829041,-0.143595,0.000000
60.520004,-0.058823,-549.829041,-0.006338,-0.005704,-0.144870,-0.261656,-0.013329,-1.448700,-549.829041,-0.143422,0.000000
60.530003,-0.055481,-549.917969,-0.006308,-0.005699,-0.144766,-0.246792,-0.012572,-1.447660,-549.917969,-0.143266,0.000000
60.540005,-0.063675,-549.873535,-0.006316,-0.005695,-0.144662,-0.283240,-0.014429,-1.446619,-549.873535,-0.143092,0.000000
60.550003,-0.058456,-549.829041,-0.006303,-0.005691,-0.144558,-0.260027,-0.013246,-1.445579,-549.829041,-0.142936,0.000000
60.560001,-0.051376,-549.917969,-0.006252,-0.005686,-0.144419,-0.228533,-0.011642,-1.444191,-549.917969,-0.142763,0.000000
60.570004,-0.044312,-549.784546,-0.006234,-0.005678,-0.144220,-0.197107,-0.010041,-1.442196,-549.784546,-0.142589,0.000000
60.580002,-0.036484,-549.917969,-0.006226,-0.005668,-0.143959,-0.162288,-0.008267,-1.439595,-549.917969,-0.142433,0.000000
60.590004,-0.030533,-549.829041,-0.006239,-0.005657,-0.143691,-0.135817,-0.006919,-1.436906,-549.829041,-0.142260,0.000000
60.600002,-0.027924,-549.873535,-0.006234,-0.005648,-0.143456,-0.124210,-0.006328,-1.434565,-549.873535,-0.142104,0.000000
60.610004,-0.021591,-549.917969,-0.006200,-0.005640,-0.143266,-0.096042,-0.004893,-1.432657,-549.917969,-0.141930,0.000000
60.620003,-0.044312,-549.784546,-0.006260,-0.005633,-0.143075,-0.197107,-0.010041,-1.430749,-549.784546,-0.141757,0.000000
60.630001,-0.041321,-549.917969,-0.006239,-0.005626,-0.142901,-0.183804,-0.009363,-1.429015,-549.917969,-0.141601,0.000000
60.640003,-0.049896,-549.829041,-0.006260,-0.005620,-0.142754,-0.221950,-0.011307,-1.427540,-549.829041,-0.141427,0.000000
60.650002,-0.043564,-549.873535,-0.006230,-0.005613,-0.142581,-0.193782,-0.009872,-1.425806,-549.873535,-0.141271,0.000000
60.660004,-0.043182,-549.917969,-0.006256,-0.005605,-0.142372,-0.192085,-0.009785,-1.423724,-549.917969,-0.141098,0.000000
60.670002,-0.049149,-549.829041,-0.006234,-0.005598,-0.142190,-0.218624,-0.011137,-1.421903,-549.829041,-0.140924,0.000000
60.680004,-0.079681,-549.917969,-0.006234,-0.005592,-0.142034,-0.354441,-0.018056,-1.420342,-549.917969,-0.140768,0.000000
60.690002,-0.078568,-549.829041,-0.006256,-0.005587,-0.141913,-0.349486,-0.017804,-1.419128,-549.829041,-0.140595,0.000000
60.700005,-0.081543,-549.873535,-0.006234,-0.005583,-0.141817,-0.362721,-0.018478,-1.418174,-549.873535,-0.140439,0.000000
60.710003,-0.075958,-549.917969,-0.006247,-0.005580,-0.141722,-0.337879,-0.017212,-1.417220,-549.917969,-0.140265,0.000000
60.720001,-0.073715,-549.784546,-0.006230,-0.005574,-0.141583,-0.327902,-0.016704,-1.415833,-549.784546,-0.140092,0.000000
60.730003,-0.084152,-549.873535,-0.006217,-0.005568,-0.141418,-0.374328,-0.019069,-1.414185,-549.873535,-0.139936,0.000000
60.740002,-0.064789,-549.784546,-0.006213,-0.005559,-0.141202,-0.288195,-0.014681,-1.412017,-549.784546,-0.139762,0.000000
60.750004,-0.042450,-549.873535,-0.006187,-0.005551,-0.140985,-0.188827,-0.009619,-1.409849,-549.873535,-0.139606,0.000000
60.760002,-0.032013,-549.873535,-0.006234,-0.005544,-0.140811,-0.142401,-0.007254,-1.408114,-549.873535,-0.139433,0.000000
60.770004,-0.036118,-549.829041,-0.006178,-0.005538,-0.140655,-0.160659,-0.008184,-1.406553,-549.829041,-0.139259,0.000000
60.780003,-0.039093,-549.917969,-0.006165,-0.005530,-0.140456,-0.173894,-0.008859,-1.404559,-549.917969,-0.139103,0.000000
60.790005,-0.032013,-549.829041,-0.006187,-0.005522,-0.140256,-0.142401,-0.007254,-1.402564,-549.829041,-0.138930,0.000000
60.800003,-0.025314,-549.829041,-0.006157,-0.005516,-0.140100,-0.112604,-0.005736,-1.401003,-549.829041,-0.138773,0.000000
60.810001,-0.039459,-549.962463,-0.006135,-0.005510,-0.139944,-0.175523,-0.008942,-1.399442,-549.962463,-0.138600,0.000000
60.820004,-0.052490,-549.873535,-0.006079,-0.005503,-0.139788,-0.233488,-0.011894,-1.397881,-549.873535,-0.138427,0.000000
60.830002,-0.048035,-549.962463,-0.006040,-0.005498,-0.139649,-0.213669,-0.010885,-1.396494,-549.962463,-0.138270,0.000000
60.840004,-0.049896,-549.784546,-0.006084,-0.005490,-0.139459,-0.221950,-0.011307,-1.394586,-549.784546,-0.138097,0.000000
60.850002,-0.051758,-549.829041,-0.006058,-0.005483,-0.139276,-0.230230,-0.011728,-1.392764,-549.829041,-0.137941,0.000000
60.860004,-0.049515,-549.962463,-0.006032,-0.005477,-0.139112,-0.220253,-0.011220,-1.391117,-549.962463,-0.137767,0.000000
60.870003,-0.065155,-549.784546,-0.006015,-0.005470,-0.138947,-0.289824,-0.014764,-1.389469,-549.784546,-0.137594,0.000000
60.880001,-0.073349,-549.917969,-0.005959,-0.005465,-0.138799,-0.326273,-0.016621,-1.387995,-549.917969,-0.137438,0.000000
60.890003,-0.065903,-549.784546,-0.006015,-0.005460,-0.138678,-0.293150,-0.014934,-1.386781,-549.784546,-0.137264,0.000000
60.900002,-0.071487,-549.917969,-0.005993,-0.005455,-0.138548,-0.317992,-0.016199,-1.385480,-549.917969,-0.137091,0.000000
60.910004,-0.080429,-549.917969,-0.005997,-0.005450,-0.138435,-0.357766,-0.018225,-1.384352,-549.917969,-0.136935,0.000000
60.920002,-0.079681,-549.829041,-0.005950,-0.005444,-0.138288,-0.354441,-0.018056,-1.382878,-549.829041,-0.136761,0.000000
60.930004,-0.076706,-549.917969,-0.005971,-0.005437,-0.138097,-0.341205,-0.017382,-1.380970,-549.917969,-0.136605,0.000000
60.940002,-0.060318,-549.829041,-0.005937,-0.005426,-0.137828,-0.268308,-0.013668,-1.378282,-549.829041,-0.136432,0.000000
60.950005,-0.041321,-549.917969,-0.005950,-0.005416,-0.137559,-0.183804,-0.009363,-1.375593,-549.917969,-0.136258,0.000000
60.960003,-0.037979,-549.917969,-0.005924,-0.005409,-0.137386,-0.168940,-0.008606,-1.373859,-549.917969,-0.136102,0.000000
60.970001,-0.045425,-549.873535,-0.005976,-0.005403,-0.137238,-0.202062,-0.010294,-1.372385,-549.873535,-0.135929,0.000000
60.980003,-0.034256,-549.962463,-0.005937,-0.005396,-0.137065,-0.152378,-0.007763,-1.370650,-549.962463,-0.135773,0.000000
60.990002,-0.026062,-549.829041,-0.005967,-0.005390,-0.136918,-0.115930,-0.005906,-1.369176,-549.829041,-0.135599,0.000000
61.000004,-0.031265,-549.917969,-0.005954,-0.005384,-0.136753,-0.139075,-0.007085,-1.367528,-549.917969,-0.135426,0.000000
61.010002,-0.049896,-549.962463,-0.005937,-0.005377,-0.136571,-0.221950,-0.011307,-1.365707,-549.962463,-0.135270,0.000000
61.020004,-0.043930,-549.829041,-0.005989,-0.005369,-0.136371,-0.195411,-0.009955,-1.363712,-549.829041,-0.135096,0.000000
61.030003,-0.048035,-549.962463,-0.005933,-0.005362,-0.136206,-0.213669,-0.010885,-1.362065,-549.962463,-0.134940,0.000000
61.040005,-0.047287,-549.873535,-0.005950,-0.005357,-0.136076,-0.210343,-0.010715,-1.360764,-549.873535,-0.134767,0.000000
61.050003,-0.046539,-549.917969,-0.005954,-0.005352,-0.135946,-0.207017,-0.010546,-1.359463,-549.917969,-0.134593,0.000000
61.060001,-0.045425,-549.962463,-0.005937,-0.005345,-0.135764,-0.202062,-0.010294,-1.357642,-549.962463,-0.134437,0.000000
61.070004,-0.070740,-549.829041,-0.005920,-0.005337,-0.135565,-0.314666,-0.016030,-1.355647,-549.829041,-0.134264,0.000000
61.080002,-0.072601,-549.917969,-0.005885,-0.005330,-0.135391,-0.322947,-0.016452,-1.353913,-549.917969,-0.134108,0.000000
61.090004,-0.071854,-549.873535,-0.005872,-0.005324,-0.135227,-0.319621,-0.016282,-1.352265,-549.873535,-0.133934,0.000000
61.100002,-0.079681,-549.917969,-0.005915,-0.005316,-0.135036,-0.354441,-0.018056,-1.350357,-549.917969,-0.133761,0.000000
61.110004,-0.077454,-549.917969,-0.005959,-0.005309,-0.134836,-0.344531,-0.017551,-1.348362,-549.917969,-0.133605,0.000000
61.120003,-0.066650,-549.829041,-0.005933,-0.005299,-0.134602,-0.296476,-0.015103,-1.346021,-549.829041,-0.133431,0.000000
61.130001,-0.034622,-549.917969,-0.005915,-0.005292,-0.134420,-0.154007,-0.007846,-1.344200,-549.917969,-0.133275,0.000000
61.140003,-0.007812,-549.873535,-0.005898,-0.005290,-0.134359,-0.034752,-0.001770,-1.343593,-549.873535,-0.133102,0.000000
61.150002,-0.020844,-549.784546,-0.005946,-0.005289,-0.134342,-0.092717,-0.004723,-1.343419,-549.784546,-0.132928,0.000000
61.160004,-0.030899,-549.962463,-0.005915,-0.005286,-0.134273,-0.137446,-0.007002,-1.342726,-549.962463,-0.132772,0.000000
61.170002,-0.027924,-549.829041,-0.005846,-0.005281,-0.134142,-0.124210,-0.006328,-1.341425,-549.829041,-0.132599,0.000000
61.180004,-0.013763,-549.873535,-0.005808,-0.005273,-0.133926,-0.061223,-0.003119,-1.339257,-549.873535,-0.132443,0.000000
61.190002,-0.014893,-549.873535,-0.005816,-0.005263,-0.133674,-0.066245,-0.003375,-1.336742,-549.873535,-0.132269,0.000000
61.200005,-0.007065,-549.873535,-0.005782,-0.005252,-0.133405,-0.031426,-0.001601,-1.334053,-549.873535,-0.132096,0.000000
61.210003,-0.017868,-549.917969,-0.005864,-0.005244,-0.133197,-0.079481,-0.004049,-1.331972,-549.917969,-0.131940,0.000000
61.220001,-0.013397,-549.873535,-0.005872,-0.005238,-0.133041,-0.059594,-0.003036,-1.330411,-549.873535,-0.131766,0.000000
61.230003,-0.024567,-549.917969,-0.005894,-0.005233,-0.132920,-0.109278,-0.005567,-1.329197,-549.917969,-0.131610,0.000000
61.240002,-0.024567,-549.829041,-0.005851,-0.005228,-0.132781,-0.109278,-0.005567,-1.327809,-549.829041,-0.131437,0.000000
61.250004,-0.027924,-549.829041,-0.005833,-0.005220,-0.132590,-0.124210,-0.006328,-1.325901,-549.829041,-0.131263,0.000000
61.260002,-0.040588,-549.917969,-0.005799,-0.005212,-0.132391,-0.180546,-0.009197,-1.323907,-549.917969,-0.131107,0.000000
61.270004,-0.041702,-549.829041,-0.005816,-0.005206,-0.132235,-0.185501,-0.009450,-1.322346,-549.829041,-0.130934,0.000000
61.280003,-0.046906,-549.962463,-0.005808,-0.005201,-0.132096,-0.208646,-0.010629,-1.320958,-549.962463,-0.130760,0.000000
61.290005,-0.037598,-549.829041,-0.005786,-0.005196,-0.131966,-0.167243,-0.008520,-1.319657,-549.829041,-0.130604,0.000000
61.300003,-0.040588,-549.873535,-0.005700,-0.005190,-0.131818,-0.180546,-0.009197,-1.318183,-549.873535,-0.130431,0.000000
61.310001,-0.045044,-549.917969,-0.005721,-0.005182,-0.131628,-0.200365,-0.010207,-1.316275,-549.917969,-0.130275,0.000000
61.320004,-0.036484,-549.695618,-0.005717,-0.005173,-0.131402,-0.162288,-0.008267,-1.314020,-549.695618,-0.130101,0.000000
61.330002,-0.027924,-549.962463,-0.005713,-0.005165,-0.131203,-0.124210,-0.006328,-1.312026,-549.962463,-0.129928,0.000000
61.340004,-0.023087,-549.873535,-0.005691,-0.005159,-0.131029,-0.102694,-0.005231,-1.310291,-549.873535,-0.129772,0.000000
61.350002,-0.026428,-549.873535,-0.005786,-0.005154,-0.130908,-0.117559,-0.005989,-1.309077,-549.873535,-0.129598,0.000000
61.360004,-0.016006,-549.917969,-0.005747,-0.005149,-0.130786,-0.071200,-0.003627,-1.307863,-549.917969,-0.129442,0.000000
61.370003,-0.016006,-549.873535,-0.005674,-0.005142,-0.130613,-0.071200,-0.003627,-1.306129,-549.873535,-0.129269,0.000000
61.380001,-0.023819,-549.962463,-0.005609,-0.005134,-0.130413,-0.105952,-0.005397,-1.304134,-549.962463,-0.129095,0.000000
61.390003,-0.022705,-549.917969,-0.005639,-0.005125,-0.130179,-0.100997,-0.005145,-1.301793,-549.917969,-0.128939,0.000000
61.400002,-0.017120,-549.873535,-0.005627,-0.005119,-0.130014,-0.076155,-0.003880,-1.300145,-549.873535,-0.128766,0.000000
61.410004,-0.017502,-549.962463,-0.005648,-0.005113,-0.129876,-0.077852,-0.003966,-1.298757,-549.962463,-0.128610,0.000000
61.420002,-0.024200,-549.829041,-0.005648,-0.005106,-0.129702,-0.107649,-0.005484,-1.297023,-549.829041,-0.128436,0.000000
61.430004,-0.030151,-549.962463,-0.005657,-0.005099,-0.129511,-0.134120,-0.006832,-1.295115,-549.962463,-0.128263,0.000000
61.440002,-0.029785,-549.917969,-0.005622,-0.005092,-0.129329,-0.132491,-0.006749,-1.293294,-549.917969,-0.128107,0.000000
61.450005,-0.048401,-549.873535,-0.005635,-0.005085,-0.129156,-0.215298,-0.010968,-1.291559,-549.873535,-0.127933,0.000000
61.460003,-0.050629,-549.917969,-0.005605,-0.005079,-0.129017,-0.225208,-0.011473,-1.290172,-549.917969,-0.127777,0.000000
61.470001,-0.048767,-549.829041,-0.005609,-0.005073,-0.128852,-0.216927,-0.011051,-1.288524,-549.829041,-0.127604,0.000000
61.480003,-0.049515,-549.962463,-0.005609,-0.005068,-0.128722,-0.220253,-0.011220,-1.287223,-549.962463,-0.127430,0.000000
61.490002,-0.046173,-549.873535,-0.005618,-0.005063,-0.128601,-0.205388,-0.010463,-1.286009,-549.873535,-0.127274,0.000000
61.500004,-0.041321,-549.873535,-0.005631,-0.005059,-0.128497,-0.183804,-0.009363,-1.284968,-549.873535,-0.127101,0.000000
61.510002,-0.030151,-549.962463,-0.005627,-0.005054,-0.128375,-0.134120,-0.006832,-1.283754,-549.962463,-0.126944,0.000000
61.520004,-0.034622,-549.873535,-0.005652,-0.005047,-0.128193,-0.154007,-0.007846,-1.281933,-549.873535,-0.126771,0.000000
61.530003,-0.017120,-549.962463,-0.005614,-0.005038,-0.127976,-0.076155,-0.003880,-1.279765,-549.962463,-0.126598,0.000000
61.540005,-0.007812,-549.873535,-0.005558,-0.005029,-0.127742,-0.034752,-0.001770,-1.277424,-549.873535,-0.126441,0.000000
61.550003,-0.001480,-549.873535,-0.005545,-0.005022,-0.127569,-0.006584,-0.000335,-1.275689,-549.873535,-0.126268,0.000000
61.560001,0.002609,-549.962463,-0.005536,-0.005017,-0.127430,0.011607,0.000591,-1.274301,-549.962463,-0.126112,0.000000
61.570004,0.003738,-549.829041,-0.005566,-0.005008,-0.127213,0.016629,0.000847,-1.272133,-549.829041,-0.125939,0.000000
61.580002,0.002243,-549.873535,-0.005549,-0.004998,-0.126962,0.009978,0.000508,-1.269618,-549.873535,-0.125765,0.000000
61.590004,-0.003723,-549.873535,-0.005549,-0.004991,-0.126762,-0.016561,-0.000844,-1.267624,-549.873535,-0.125609,0.000000
61.600002,0.006332,-549.873535,-0.005527,-0.004983,-0.126580,0.028168,0.001435,-1.265803,-549.873535,-0.125436,0.000000
61.610004,0.001495,-549.917969,-0.005545,-0.004976,-0.126389,0.006652,0.000339,-1.263895,-549.917969,-0.125279,0.000000
61.620003,-0.000732,-549.917969,-0.005566,-0.004969,-0.126225,-0.003258,-0.000166,-1.262247,-549.917969,-0.125106,0.000000
61.630001,-0.010422,-549.917969,-0.005553,-0.004964,-0.126077,-0.046358,-0.002362,-1.260773,-549.917969,-0.124933,0.000000
61.640003,-0.036118,-549.873535,-0.005536,-0.004958,-0.125939,-0.160659,-0.008184,-1.259385,-549.873535,-0.124776,0.000000
61.650002,-0.034622,-549.917969,-0.005562,-0.004952,-0.125791,-0.154007,-0.007846,-1.257911,-549.917969,-0.124603,0.000000
61.660004,-0.043930,-549.962463,-0.005549,-0.004945,-0.125609,-0.195411,-0.009955,-1.256090,-549.962463,-0.124430,0.000000
61.670002,-0.034988,-549.873535,-0.005545,-0.004940,-0.125470,-0.155636,-0.007928,-1.254702,-549.873535,-0.124273,0.000000
61.680004,-0.031647,-549.917969,-0.005566,-0.004935,-0.125357,-0.140772,-0.007171,-1.253575,-549.917969,-0.124100,0.000000
61.690002,-0.026428,-549.917969,-0.005566,-0.004932,-0.125262,-0.117559,-0.005989,-1.252621,-549.917969,-0.123944,0.000000
61.700005,-0.029404,-549.873535,-0.005540,-0.004925,-0.125089,-0.130794,-0.006663,-1.250886,-549.873535,-0.123770,0.000000
61.710003,-0.021957,-549.962463,-0.005540,-0.004917,-0.124889,-0.097671,-0.004976,-1.248892,-549.962463,-0.123597,0.000000
61.720001,-0.016754,-549.829041,-0.005480,-0.004910,-0.124707,-0.074526,-0.003797,-1.247070,-549.829041,-0.123441,0.000000
61.730003,-0.016754,-550.006958,-0.005424,-0.004903,-0.124542,-0.074526,-0.003797,-1.245423,-550.006958,-0.123267,0.000000
61.740002,-0.008926,-549.873535,-0.005381,-0.004898,-0.124412,-0.039707,-0.002023,-1.244122,-549.873535,-0.123111,0.000000
61.750004,0.022720,-549.917969,-0.005381,-0.004893,-0.124291,0.101065,0.005149,-1.242908,-549.917969,-0.122938,0.000000
61.760002,0.013412,-549.917969,-0.005411,-0.004887,-0.124126,0.059662,0.003039,-1.241260,-549.917969,-0.122764,0.000000
61.770004,0.015640,-549.829041,-0.005398,-0.004880,-0.123953,0.069571,0.003544,-1.239526,-549.829041,-0.122608,0.000000
61.780003,0.001129,-549.962463,-0.005338,-0.004872,-0.123744,0.005023,0.000256,-1.237444,-549.962463,-0.122435,0.000000
61.790005,0.001862,-549.873535,-0.005385,-0.004864,-0.123545,0.008281,0.000422,-1.235450,-549.873535,-0.122279,0.000000
61.800003,0.000748,-549.917969,-0.005368,-0.004857,-0.123372,0.003326,0.000169,-1.233715,-549.917969,-0.122105,0.000000
61.810001,0.004105,-549.962463,-0.005389,-0.004850,-0.123198,0.018258,0.000930,-1.231981,-549.962463,-0.121932,0.000000
61.820004,0.003357,-549.873535,-0.005376,-0.004843,-0.123025,0.014932,0.000761,-1.230246,-549.873535,-0.121776,0.000000
61.830002,-0.015259,-549.962463,-0.005394,-0.004836,-0.122834,-0.067874,-0.003458,-1.228338,-549.962463,-0.121602,0.000000
61.840004,-0.041321,-549.917969,-0.005428,-0.004829,-0.122660,-0.183804,-0.009363,-1.226604,-549.917969,-0.121446,0.000000
61.850002,-0.026062,-549.962463,-0.005415,-0.004824,-0.122530,-0.115930,-0.005906,-1.225303,-549.962463,-0.121273,0.000000
61.860004,-0.025314,-549.962463,-0.005445,-0.004820,-0.122426,-0.112604,-0.005736,-1.224262,-549.962463,-0.121099,0.000000
61.870003,-0.039459,-549.917969,-0.005441,-0.004815,-0.122313,-0.175523,-0.008942,-1.223135,-549.917969,-0.120943,0.000000
61.880001,-0.027542,-549.962463,-0.005376,-0.004810,-0.122183,-0.122513,-0.006241,-1.221834,-549.962463,-0.120770,0.000000
61.890003,-0.021225,-549.873535,-0.005320,-0.004804,-0.122027,-0.094413,-0.004810,-1.220273,-549.873535,-0.120614,0.000000
61.900002,-0.018982,-549.917969,-0.005290,-0.004797,-0.121845,-0.084436,-0.004301,-1.218452,-549.917969,-0.120440,0.000000
61.910004,-0.014893,-549.962463,-0.005299,-0.004789,-0.121628,-0.066245,-0.003375,-1.216284,-549.962463,-0.120267,0.000000
61.920002,-0.017868,-549.829041,-0.005282,-0.004780,-0.121420,-0.079481,-0.004049,-1.214203,-549.829041,-0.120111,0.000000
61.930004,-0.016754,-549.962463,-0.005338,-0.004774,-0.121255,-0.074526,-0.003797,-1.212555,-549.962463,-0.119937,0.000000
61.940002,0.000748,-549.829041,-0.005338,-0.004769,-0.121134,0.003326,0.000169,-1.211341,-549.829041,-0.119781,0.000000
61.950005,-0.001862,-549.873535,-0.005329,-0.004764,-0.121013,-0.008281,-0.000422,-1.210127,-549.873535,-0.119608,0.000000
61.960003,-0.000000,-549.962463,-0.005346,-0.004758,-0.120865,-0.000000,-0.000000,-1.208652,-549.962463,-0.119434,0.000000
61.970001,0.001862,-549.784546,-0.005307,-0.004753,-0.120735,0.008281,0.000422,-1.207352,-549.784546,-0.119278,0.000000
61.980003,0.001862,-549.962463,-0.005264,-0.004747,-0.120570,0.008281,0.000422,-1.205704,-549.962463,-0.119105,0.000000
61.990002,0.005600,-549.873535,-0.005247,-0.004739,-0.120380,0.024910,0.001269,-1.203796,-549.873535,-0.118949,0.000000
62.000004,0.004105,-549.962463,-0.005256,-0.004730,-0.120145,0.018258,0.000930,-1.201455,-549.962463,-0.118775,0.000000
62.010002,-0.004837,-549.962463,-0.005256,-0.004721,-0.119911,-0.021516,-0.001096,-1.199113,-549.962463,-0.118602,0.000000
62.020004,-0.011536,-549.829041,-0.005238,-0.004713,-0.119721,-0.051313,-0.002614,-1.197205,-549.829041,-0.118446,0.000000
62.030003,-0.027924,-549.962463,-0.005247,-0.004708,-0.119573,-0.124210,-0.006328,-1.195731,-549.962463,-0.118272,0.000000
62.040005,-0.030899,-549.873535,-0.005230,-0.004702,-0.119426,-0.137446,-0.007002,-1.194257,-549.873535,-0.118099,0.000000
62.050003,-0.027176,-549.962463,-0.005256,-0.004695,-0.119261,-0.120884,-0.006158,-1.192609,-549.962463,-0.117943,0.000000
62.060001,-0.026810,-549.917969,-0.005243,-0.004689,-0.119096,-0.119255,-0.006075,-1.190961,-549.917969,-0.117769,0.000000
62.070004,-0.023453,-549.917969,-0.005238,-0.004683,-0.118957,-0.104323,-0.005314,-1.189573,-549.917969,-0.117613,0.000000
62.080002,-0.022339,-549.962463,-0.005251,-0.004677,-0.118793,-0.099368,-0.005062,-1.187926,-549.962463,-0.117440,0.000000
62.090004,-0.015625,-549.917969,-0.005260,-0.004670,-0.118628,-0.069503,-0.003541,-1.186278,-549.917969,-0.117266,0.000000
62.100002,-0.014893,-550.006958,-0.005277,-0.004664,-0.118463,-0.066245,-0.003375,-1.184630,-550.006958,-0.117110,0.000000
62.110004,-0.009674,-549.962463,-0.005269,-0.004656,-0.118272,-0.043032,-0.002192,-1.182722,-549.962463,-0.116937,0.000000
62.120003,-0.010788,-549.962463,-0.005243,-0.004649,-0.118081,-0.047987,-0.002445,-1.180815,-549.962463,-0.116781,0.000000
62.130001,-0.020477,-549.962463,-0.005230,-0.004643,-0.117943,-0.091088,-0.004640,-1.179427,-549.962463,-0.116607,0.000000
62.140003,-0.012283,-549.917969,-0.005238,-0.004638,-0.117795,-0.054639,-0.002783,-1.177953,-549.917969,-0.116434,0.000000
62.150002,-0.011169,-549.873535,-0.005204,-0.004632,-0.117657,-0.049684,-0.002531,-1.176565,-549.873535,-0.116278,0.000000
62.160004,-0.005203,-549.962463,-0.005221,-0.004626,-0.117500,-0.023145,-0.001179,-1.175004,-549.962463,-0.116104,0.000000
62.170002,-0.005585,-549.873535,-0.005208,-0.004619,-0.117327,-0.024842,-0.001266,-1.173270,-549.873535,-0.115948,0.000000
62.180004,-0.021957,-549.962463,-0.005217,-0.004613,-0.117162,-0.097671,-0.004976,-1.171622,-549.962463,-0.115775,0.000000
62.190002,-0.002975,-549.873535,-0.005187,-0.004607,-0.117023,-0.013236,-0.000674,-1.170234,-549.873535,-0.115601,0.000000
62.200005,-0.012650,-549.962463,-0.005195,-0.004600,-0.116833,-0.056268,-0.002866,-1.168326,-549.962463,-0.115445,0.000000
62.210003,-0.015625,-550.006958,-0.005208,-0.004590,-0.116581,-0.069503,-0.003541,-1.165812,-550.006958,-0.115272,0.000000
62.220001,-0.026428,-549.873535,-0.005200,-0.004581,-0.116356,-0.117559,-0.005989,-1.163557,-549.873535,-0.115116,0.000000
62.230003,-0.052872,-549.917969,-0.005157,-0.004574,-0.116182,-0.235185,-0.011981,-1.161822,-549.917969,-0.114942,0.000000
62.240002,-0.061432,-549.873535,-0.005083,-0.004569,-0.116043,-0.273263,-0.013921,-1.160435,-549.873535,-0.114769,0.000000
62.250004,-0.062546,-549.917969,-0.005049,-0.004564,-0.115931,-0.278217,-0.014173,-1.159307,-549.917969,-0.114613,0.000000
62.260002,-0.066269,-549.962463,-0.005075,-0.004559,-0.115809,-0.294779,-0.015017,-1.158093,-549.962463,-0.114439,0.000000
62.270004,-0.054733,-549.917969,-0.005066,-0.004556,-0.115714,-0.243466,-0.012403,-1.157139,-549.917969,-0.114283,0.000000
62.280003,-0.052490,-549.962463,-0.005040,-0.004551,-0.115584,-0.233488,-0.011894,-1.155838,-549.962463,-0.114110,0.000000
62.290005,-0.052490,-549.917969,-0.005079,-0.004543,-0.115384,-0.233488,-0.011894,-1.153844,-549.917969,-0.113936,0.000000
62.300003,-0.052490,-549.917969,-0.005057,-0.004533,-0.115150,-0.233488,-0.011894,-1.151502,-549.917969,-0.113780,0.000000
62.310001,-0.034256,-549.962463,-0.005079,-0.004526,-0.114959,-0.152378,-0.007763,-1.149594,-549.962463,-0.113607,0.000000
62.320004,-0.033127,-549.873535,-0.005057,-0.004519,-0.114777,-0.147355,-0.007507,-1.147773,-549.873535,-0.113450,0.000000
62.330002,-0.021957,-549.962463,-0.005113,-0.004514,-0.114647,-0.097671,-0.004976,-1.146472,-549.962463,-0.113277,0.000000
62.340004,-0.023453,-549.873535,-0.005118,-0.004509,-0.114526,-0.104323,-0.005314,-1.145258,-549.873535,-0.113104,0.000000
62.350002,-0.022339,-549.917969,-0.005109,-0.004505,-0.114422,-0.099368,-0.005062,-1.144217,-549.917969,-0.112947,0.000000
62.360004,-0.021225,-549.962463,-0.005096,-0.004501,-0.114318,-0.094413,-0.004810,-1.143177,-549.962463,-0.112774,0.000000
62.370003,-0.034256,-549.829041,-0.005105,-0.004497,-0.114214,-0.152378,-0.007763,-1.142136,-549.829041,-0.112618,0.000000
62.380001,-0.036118,-549.962463,-0.005083,-0.004488,-0.114005,-0.160659,-0.008184,-1.140055,-549.962463,-0.112444,0.000000
62.390003,-0.023087,-549.873535,-0.005057,-0.004478,-0.113737,-0.102694,-0.005231,-1.137367,-549.873535,-0.112271,0.000000
62.400002,-0.021957,-549.962463,-0.005062,-0.004468,-0.113476,-0.097671,-0.004976,-1.134765,-549.962463,-0.112115,0.000000
62.410004,-0.027542,-549.962463,-0.005027,-0.004459,-0.113251,-0.122513,-0.006241,-1.132510,-549.962463,-0.111941,0.000000
62.420002,-0.037979,-549.873535,-0.004958,-0.004453,-0.113095,-0.168940,-0.008606,-1.130949,-549.873535,-0.111768,0.000000
62.430004,-0.052124,-549.962463,-0.004928,-0.004447,-0.112965,-0.231859,-0.011811,-1.129648,-549.962463,-0.111612,0.000000
62.440002,-0.050629,-549.873535,-0.004894,-0.004444,-0.112869,-0.225208,-0.011473,-1.128694,-549.873535,-0.111439,0.000000
62.450005,-0.049896,-550.006958,-0.004924,-0.004439,-0.112757,-0.221950,-0.011307,-1.127567,-550.006958,-0.111282,0.000000
62.460003,-0.048035,-549.917969,-0.005032,-0.004434,-0.112627,-0.213669,-0.010885,-1.126266,-549.917969,-0.111109,0.000000
62.470001,-0.059204,-549.829041,-0.005027,-0.004430,-0.112523,-0.263353,-0.013416,-1.125225,-549.829041,-0.110936,0.000000
62.480003,-0.046539,-550.006958,-0.005001,-0.004425,-0.112401,-0.207017,-0.010546,-1.124011,-550.006958,-0.110779,0.000000
62.490002,-0.043930,-549.917969,-0.004997,-0.004420,-0.112262,-0.195411,-0.009955,-1.122624,-549.917969,-0.110606,0.000000
62.500004,-0.032394,-549.917969,-0.004980,-0.004415,-0.112141,-0.144098,-0.007341,-1.121410,-549.917969,-0.110450,0.000000
62.510002,-0.034988,-549.917969,-0.004911,-0.004409,-0.111985,-0.155636,-0.007928,-1.119849,-549.917969,-0.110276,0.000000
62.520004,-0.039093,-549.873535,-0.004885,-0.004399,-0.111733,-0.173894,-0.008859,-1.117334,-549.873535,-0.110103,0.000000
62.530003,-0.039093,-549.962463,-0.004859,-0.004387,-0.111439,-0.173894,-0.008859,-1.114385,-549.962463,-0.109947,0.000000
62.540005,-0.020844,-549.873535,-0.004863,-0.004376,-0.111144,-0.092717,-0.004723,-1.111436,-549.873535,-0.109773,0.000000
62.550003,-0.011169,-549.917969,-0.004907,-0.004366,-0.110892,-0.049684,-0.002531,-1.108922,-549.917969,-0.109617,0.000000
62.560001,-0.029785,-549.962463,-0.004915,-0.004358,-0.110693,-0.132491,-0.006749,-1.106927,-549.962463,-0.109444,0.000000
62.570004,-0.024567,-549.873535,-0.004924,-0.004351,-0.110528,-0.109278,-0.005567,-1.105279,-549.873535,-0.109270,0.000000
62.580002,-0.024567,-550.006958,-0.004967,-0.004345,-0.110363,-0.109278,-0.005567,-1.103631,-550.006958,-0.109114,0.000000
62.590004,-0.027924,-549.829041,-0.004937,-0.004339,-0.110207,-0.124210,-0.006328,-1.102070,-549.829041,-0.108941,0.000000
62.600002,-0.029404,-549.917969,-0.004911,-0.004333,-0.110051,-0.130794,-0.006663,-1.100509,-549.917969,-0.108785,0.000000
62.610004,-0.056229,-550.006958,-0.004941,-0.004327,-0.109904,-0.250117,-0.012742,-1.099035,-550.006958,-0.108611,0.000000
62.620003,-0.064041,-549.873535,-0.004872,-0.004322,-0.109773,-0.284869,-0.014512,-1.097734,-549.873535,-0.108438,0.000000
62.630001,-0.062546,-550.006958,-0.004872,-0.004316,-0.109635,-0.278217,-0.014173,-1.096347,-550.006958,-0.108282,0.000000
62.640003,-0.059952,-549.873535,-0.004885,-0.004310,-0.109479,-0.266679,-0.013585,-1.094786,-549.873535,-0.108108,0.000000
62.650002,-0.054352,-549.962463,-0.004872,-0.004305,-0.109357,-0.241769,-0.012316,-1.093572,-549.962463,-0.107952,0.000000
62.660004,-0.054352,-550.006958,-0.004889,-0.004301,-0.109253,-0.241769,-0.012316,-1.092531,-550.006958,-0.107779,0.000000
62.670002,-0.057709,-549.829041,-0.004829,-0.004298,-0.109158,-0.256701,-0.013077,-1.091577,-549.829041,-0.107605,0.000000
62.680004,-0.056595,-549.962463,-0.004820,-0.004293,-0.109054,-0.251746,-0.012825,-1.090536,-549.962463,-0.107449,0.000000
62.690002,-0.053238,-549.962463,-0.004829,-0.004289,-0.108932,-0.236814,-0.012064,-1.089322,-549.962463,-0.107276,0.000000
62.700005,-0.042068,-549.962463,-0.004790,-0.004281,-0.108750,-0.187130,-0.009533,-1.087501,-549.962463,-0.107120,0.000000
62.710003,-0.034988,-549.962463,-0.004747,-0.004272,-0.108507,-0.155636,-0.007928,-1.085073,-549.962463,-0.106946,0.000000
62.720001,-0.037231,-549.917969,-0.004717,-0.004261,-0.108238,-0.165614,-0.008437,-1.082384,-549.917969,-0.106773,0.000000
62.730003,-0.021225,-550.006958,-0.004738,-0.004251,-0.107978,-0.094413,-0.004810,-1.079783,-550.006958,-0.106617,0.000000
62.740002,-0.010040,-549.873535,-0.004747,-0.004243,-0.107770,-0.044661,-0.002275,-1.077701,-549.873535,-0.106443,0.000000
62.750004,-0.029037,-549.917969,-0.004695,-0.004235,-0.107579,-0.129165,-0.006580,-1.075794,-549.917969,-0.106287,0.000000
62.760002,-0.039841,-549.962463,-0.004725,-0.004228,-0.107397,-0.177220,-0.009028,-1.073972,-549.962463,-0.106114,0.000000
62.770004,-0.032013,-549.873535,-0.004678,-0.004223,-0.107258,-0.142401,-0.007254,-1.072585,-549.873535,-0.105940,0.000000
62.780003,-0.040588,-550.006958,-0.004695,-0.004217,-0.107102,-0.180546,-0.009197,-1.071024,-550.006958,-0.105784,0.000000
62.790005,-0.037231,-549.962463,-0.004674,-0.004209,-0.106912,-0.165614,-0.008437,-1.069116,-549.962463,-0.105611,0.000000
62.800003,-0.038345,-549.917969,-0.004674,-0.004202,-0.106729,-0.170569,-0.008689,-1.067295,-549.917969,-0.105437,0.000000
62.810001,-0.069992,-549.962463,-0.004700,-0.004196,-0.106573,-0.311340,-0.015860,-1.065734,-549.962463,-0.105281,0.000000
62.820004,-0.072235,-549.873535,-0.004700,-0.004190,-0.106435,-0.321318,-0.016369,-1.064346,-549.873535,-0.105108,0.000000
62.830002,-0.071121,-550.006958,-0.004682,-0.004186,-0.106322,-0.316363,-0.016116,-1.063219,-550.006958,-0.104952,0.000000
62.840004,-0.071121,-549.917969,-0.004717,-0.004182,-0.106218,-0.316363,-0.016116,-1.062178,-549.917969,-0.104778,0.000000
62.850002,-0.071121,-549.962463,-0.004756,-0.004177,-0.106088,-0.316363,-0.016116,-1.060877,-549.962463,-0.104605,0.000000
62.860004,-0.071121,-549.917969,-0.004790,-0.004170,-0.105923,-0.316363,-0.016116,-1.059229,-549.917969,-0.104449,0.000000
62.870003,-0.059952,-549.829041,-0.004756,-0.004162,-0.105715,-0.266679,-0.013585,-1.057148,-549.829041,-0.104275,0.000000
62.880005,-0.050629,-549.962463,-0.004764,-0.004153,-0.105498,-0.225208,-0.011473,-1.054980,-549.962463,-0.104119,0.000000
62.890003,-0.032761,-549.917969,-0.004760,-0.004147,-0.105333,-0.145727,-0.007424,-1.053332,-549.917969,-0.103946,0.000000
62.900002,-0.029037,-549.962463,-0.004738,-0.004141,-0.105177,-0.129165,-0.006580,-1.051771,-549.962463,-0.103772,0.000000
62.910004,-0.036118,-550.006958,-0.004700,-0.004133,-0.104986,-0.160659,-0.008184,-1.049863,-550.006958,-0.103616,0.000000
62.920002,-0.023087,-549.917969,-0.004695,-0.004125,-0.104770,-0.102694,-0.005231,-1.047695,-549.917969,-0.103443,0.000000
62.930004,-0.015259,-550.006958,-0.004695,-0.004118,-0.104587,-0.067874,-0.003458,-1.045874,-550.006958,-0.103287,0.000000
62.940002,-0.033127,-549.917969,-0.004712,-0.004111,-0.104431,-0.147355,-0.007507,-1.044313,-549.917969,-0.103113,0.000000
62.950005,-0.051010,-549.962463,-0.004665,-0.004106,-0.104284,-0.226904,-0.011559,-1.042839,-549.962463,-0.102940,0.000000
62.960003,-0.048401,-549.917969,-0.004708,-0.004100,-0.104136,-0.215298,-0.010968,-1.041365,-549.917969,-0.102784,0.000000
62.970001,-0.043564,-549.873535,-0.004678,-0.004093,-0.103963,-0.193782,-0.009872,-1.039630,-549.873535,-0.102610,0.000000
62.980003,-0.045425,-549.962463,-0.004618,-0.004086,-0.103781,-0.202062,-0.010294,-1.037809,-549.962463,-0.102454,0.000000
62.990002,-0.039841,-549.917969,-0.004596,-0.004079,-0.103616,-0.177220,-0.009028,-1.036161,-549.917969,-0.102281,0.000000
63.000004,-0.058090,-549.873535,-0.004587,-0.004073,-0.103460,-0.258398,-0.013163,-1.034600,-549.873535,-0.102107,0.000000
63.010002,-0.081543,-550.006958,-0.004579,-0.004067,-0.103304,-0.362721,-0.018478,-1.033039,-550.006958,-0.101951,0.000000
63.020004,-0.071854,-549.873535,-0.004531,-0.004062,-0.103174,-0.319621,-0.016282,-1.031739,-549.873535,-0.101778,0.000000
63.030003,-0.072235,-550.006958,-0.004514,-0.004056,-0.103035,-0.321318,-0.016369,-1.030351,-550.006958,-0.101622,0.000000
63.040005,-0.065903,-549.917969,-0.004553,-0.004052,-0.102922,-0.293150,-0.014934,-1.029223,-549.917969,-0.101448,0.000000
63.050003,-0.080429,-549.962463,-0.004570,-0.004047,-0.102784,-0.357766,-0.018225,-1.027836,-549.962463,-0.101275,0.000000
63.060001,-0.072235,-549.962463,-0.004635,-0.004039,-0.102601,-0.321318,-0.016369,-1.026015,-549.962463,-0.101119,0.000000
63.070004,-0.054352,-549.873535,-0.004631,-0.004030,-0.102350,-0.241769,-0.012316,-1.023500,-549.873535,-0.100945,0.000000
63.080002,-0.045425,-549.962463,-0.004609,-0.004019,-0.102081,-0.202062,-0.010294,-1.020811,-549.962463,-0.100789,0.000000
63.090004,-0.039841,-549.917969,-0.004570,-0.004012,-0.101899,-0.177220,-0.009028,-1.018990,-549.917969,-0.100616,0.000000
63.100002,-0.039093,-549.962463,-0.004536,-0.004006,-0.101752,-0.173894,-0.008859,-1.017516,-549.962463,-0.100442,0.000000
63.110004,-0.023453,-549.962463,-0.004467,-0.003999,-0.101587,-0.104323,-0.005314,-1.015868,-549.962463,-0.100286,0.000000
63.120003,-0.016373,-549.873535,-0.004462,-0.003994,-0.101448,-0.072829,-0.003710,-1.014481,-549.873535,-0.100113,0.000000
63.130005,-0.025314,-550.006958,-0.004462,-0.003988,-0.101292,-0.112604,-0.005736,-1.012920,-550.006958,-0.099956,0.000000
63.140003,-0.042068,-549.873535,-0.004480,-0.003981,-0.101110,-0.187130,-0.009533,-1.011099,-549.873535,-0.099783,0.000000
63.150002,-0.034256,-549.917969,-0.004493,-0.003973,-0.100910,-0.152378,-0.007763,-1.009104,-549.917969,-0.099610,0.000000
63.160004,-0.043182,-550.006958,-0.004497,-0.003965,-0.100720,-0.192085,-0.009785,-1.007196,-550.006958,-0.099453,0.000000
63.170002,-0.039841,-549.873535,-0.004510,-0.003960,-0.100572,-0.177220,-0.009028,-1.005722,-549.873535,-0.099280,0.000000
63.180004,-0.045425,-550.006958,-0.004536,-0.003954,-0.100442,-0.202062,-0.010294,-1.004421,-550.006958,-0.099107,0.000000
63.190002,-0.057709,-549.917969,-0.004514,-0.003948,-0.100269,-0.256701,-0.013077,-1.002686,-549.917969,-0.098950,0.000000
63.200005,-0.061432,-549.962463,-0.004488,-0.003940,-0.100078,-0.273263,-0.013921,-1.000779,-549.962463,-0.098777,0.000000
63.210003,-0.068878,-550.006958,-0.004424,-0.003933,-0.099904,-0.306385,-0.015608,-0.999044,-550.006958,-0.098621,0.000000
63.220001,-0.069260,-549.917969,-0.004506,-0.003928,-0.099766,-0.308082,-0.015694,-0.997656,-549.917969,-0.098447,0.000000
63.230003,-0.064407,-550.006958,-0.004506,-0.003921,-0.099592,-0.286498,-0.014595,-0.995922,-550.006958,-0.098274,0.000000
63.240002,-0.065155,-549.917969,-0.004493,-0.003913,-0.099393,-0.289824,-0.014764,-0.993927,-549.917969,-0.098118,0.000000
63.250004,-0.061432,-549.962463,-0.004471,-0.003904,-0.099150,-0.273263,-0.013921,-0.991499,-549.962463,-0.097944,0.000000
63.260002,-0.045425,-550.006958,-0.004475,-0.003895,-0.098942,-0.202062,-0.010294,-0.989418,-550.006958,-0.097788,0.000000
63.270004,-0.005203,-549.873535,-0.004437,-0.003891,-0.098838,-0.023145,-0.001179,-0.988377,-549.873535,-0.097615,0.000000
63.280003,-0.004837,-550.006958,-0.004419,-0.003890,-0.098812,-0.021516,-0.001096,-0.988117,-550.006958,-0.097441,0.000000
63.290005,-0.017120,-549.873535,-0.004376,-0.003888,-0.098760,-0.076155,-0.003880,-0.987597,-549.873535,-0.097285,0.000000
63.300003,-0.019730,-549.962463,-0.004363,-0.003884,-0.098656,-0.087762,-0.004471,-0.986556,-549.962463,-0.097112,0.000000
63.310001,-0.013031,-550.051453,-0.004385,-0.003877,-0.098482,-0.057965,-0.002953,-0.984821,-550.051453,-0.096956,0.000000
63.320004,-0.008560,-549.873535,-0.004316,-0.003868,-0.098239,-0.038078,-0.001940,-0.982393,-549.873535,-0.096782,0.000000
63.330002,-0.001862,-550.006958,-0.004320,-0.003857,-0.097970,-0.008281,-0.000422,-0.979705,-550.006958,-0.096609,0.000000
63.340004,-0.024948,-549.917969,-0.004355,-0.003848,-0.097736,-0.110975,-0.005653,-0.977363,-549.917969,-0.096453,0.000000
63.350002,-0.006317,-549.917969,-0.004402,-0.003841,-0.097563,-0.028100,-0.001431,-0.975629,-549.917969,-0.096279,0.000000
63.360004,-0.013031,-549.962463,-0.004398,-0.003836,-0.097424,-0.057965,-0.002953,-0.974241,-549.962463,-0.096123,0.000000
63.370003,-0.014893,-549.962463,-0.004346,-0.003830,-0.097294,-0.066245,-0.003375,-0.972941,-549.962463,-0.095950,0.000000
63.380005,-0.023453,-550.006958,-0.004406,-0.003824,-0.097121,-0.104323,-0.005314,-0.971206,-550.006958,-0.095776,0.000000
63.390003,-0.023819,-549.917969,-0.004402,-0.003816,-0.096921,-0.105952,-0.005397,-0.969211,-549.917969,-0.095620,0.000000
63.400002,-0.028290,-549.962463,-0.004393,-0.003809,-0.096756,-0.125839,-0.006411,-0.967564,-549.962463,-0.095447,0.000000
63.410004,-0.039841,-550.006958,-0.004376,-0.003803,-0.096600,-0.177220,-0.009028,-0.966003,-550.006958,-0.095291,0.000000
63.420002,-0.034988,-549.917969,-0.004363,-0.003798,-0.096462,-0.155636,-0.007928,-0.964615,-549.917969,-0.095117,0.000000
63.430004,-0.035370,-550.006958,-0.004346,-0.003792,-0.096323,-0.157333,-0.008015,-0.963228,-550.006958,-0.094944,0.000000
63.440002,-0.031647,-549.917969,-0.004346,-0.003785,-0.096149,-0.140772,-0.007171,-0.961493,-549.917969,-0.094788,0.000000
63.450005,-0.021225,-549.962463,-0.004333,-0.003777,-0.095941,-0.094413,-0.004810,-0.959412,-549.962463,-0.094614,0.000000
63.460003,-0.020096,-550.006958,-0.004290,-0.003769,-0.095733,-0.089391,-0.004554,-0.957330,-550.006958,-0.094458,0.000000
63.470001,-0.021957,-549.917969,-0.004268,-0.003763,-0.095577,-0.097671,-0.004976,-0.955769,-549.917969,-0.094285,0.000000
63.480003,-0.022339,-550.006958,-0.004316,-0.003758,-0.095447,-0.099368,-0.005062,-0.954469,-550.006958,-0.094111,0.000000
63.490002,-0.010040,-549.962463,-0.004286,-0.003754,-0.095343,-0.044661,-0.002275,-0.953428,-549.962463,-0.093955,0.000000
63.500004,-0.010422,-550.006958,-0.004264,-0.003748,-0.095187,-0.046358,-0.002362,-0.951867,-550.006958,-0.093782,0.000000
63.510002,-0.007812,-549.962463,-0.004217,-0.003740,-0.094987,-0.034752,-0.001770,-0.949872,-549.962463,-0.093626,0.000000
63.520004,-0.013763,-549.917969,-0.004204,-0.003730,-0.094753,-0.061223,-0.003119,-0.947531,-549.917969,-0.093452,0.000000
63.530003,-0.021225,-550.051453,-0.004212,-0.003722,-0.094545,-0.094413,-0.004810,-0.945449,-550.051453,-0.093279,0.000000
63.540005,-0.003342,-549.917969,-0.004139,-0.003717,-0.094415,-0.014865,-0.000757,-0.944149,-549.917969,-0.093123,0.000000
63.550003,-0.004456,-549.962463,-0.004195,-0.003711,-0.094259,-0.019819,-0.001010,-0.942588,-549.962463,-0.092949,0.000000
63.560001,-0.017120,-549.962463,-0.004174,-0.003704,-0.094077,-0.076155,-0.003880,-0.940766,-549.962463,-0.092776,0.000000
63.570004,-0.019730,-549.917969,-0.004139,-0.003697,-0.093895,-0.087762,-0.004471,-0.938945,-549.917969,-0.092620,0.000000
63.580002,-0.032761,-550.006958,-0.004152,-0.003690,-0.093721,-0.145727,-0.007424,-0.937211,-550.006958,-0.092446,0.000000
63.590004,-0.040207,-549.962463,-0.004143,-0.003684,-0.093574,-0.178849,-0.009111,-0.935736,-549.962463,-0.092290,0.000000
63.600002,-0.037598,-549.962463,-0.004152,-0.003678,-0.093426,-0.167243,-0.008520,-0.934262,-549.962463,-0.092117,0.000000
63.610004,-0.045792,-550.006958,-0.004143,-0.003672,-0.093279,-0.203691,-0.010377,-0.932788,-550.006958,-0.091943,0.000000
63.620003,-0.036865,-549.873535,-0.004113,-0.003668,-0.093157,-0.163985,-0.008354,-0.931574,-549.873535,-0.091787,0.000000
63.630005,-0.038345,-550.006958,-0.004105,-0.003662,-0.093027,-0.170569,-0.008689,-0.930273,-550.006958,-0.091614,0.000000
63.640003,-0.023087,-549.917969,-0.004105,-0.003658,-0.092906,-0.102694,-0.005231,-0.929059,-549.917969,-0.091458,0.000000
63.650002,-0.023819,-549.962463,-0.004117,-0.003651,-0.092724,-0.105952,-0.005397,-0.927238,-549.962463,-0.091284,0.000000
63.660004,-0.025681,-550.006958,-0.004135,-0.003642,-0.092516,-0.114233,-0.005819,-0.925156,-550.006958,-0.091111,0.000000
63.670002,-0.009308,-549.873535,-0.004126,-0.003633,-0.092281,-0.041403,-0.002109,-0.922815,-549.873535,-0.090955,0.000000
63.680004,-0.005951,-550.006958,-0.004156,-0.003625,-0.092082,-0.026471,-0.001348,-0.920820,-550.006958,-0.090781,0.000000
63.690002,0.002243,-549.917969,-0.004143,-0.003620,-0.091943,0.009978,0.000508,-0.919433,-549.917969,-0.090625,0.000000
63.700005,-0.002594,-550.006958,-0.004109,-0.003612,-0.091752,-0.011539,-0.000588,-0.917525,-550.006958,-0.090452,0.000000
63.710003,0.003357,-550.006958,-0.004109,-0.003602,-0.091501,0.014932,0.000761,-0.915010,-550.006958,-0.090278,0.000000
63.720001,0.004105,-549.873535,-0.004182,-0.003595,-0.091302,0.018258,0.000930,-0.913015,-549.873535,-0.090122,0.000000
63.730003,0.002991,-550.006958,-0.004156,-0.003588,-0.091137,0.013303,0.000678,-0.911367,-550.006958,-0.089949,0.000000
63.740002,0.006332,-549.917969,-0.004135,-0.003581,-0.090946,0.028168,0.001435,-0.909460,-549.917969,-0.089793,0.000000
63.750004,0.005219,-550.051453,-0.004139,-0.003573,-0.090755,0.023213,0.001183,-0.907552,-550.051453,-0.089619,0.000000
63.760002,0.002991,-550.051453,-0.004109,-0.003567,-0.090599,0.013303,0.000678,-0.905991,-550.051453,-0.089446,0.000000
63.770004,-0.014893,-549.873535,-0.004053,-0.003561,-0.090460,-0.066245,-0.003375,-0.904603,-549.873535,-0.089290,0.000000
63.780003,-0.026062,-550.006958,-0.004005,-0.003556,-0.090322,-0.115930,-0.005906,-0.903216,-550.006958,-0.089116,0.000000
63.790005,-0.032761,-549.917969,-0.004014,-0.003549,-0.090148,-0.145727,-0.007424,-0.901481,-549.917969,-0.088960,0.000000
63.800003,-0.023453,-549.962463,-0.004014,-0.003543,-0.090001,-0.104323,-0.005314,-0.900007,-549.962463,-0.088787,0.000000
63.810001,-0.025681,-550.051453,-0.004018,-0.003539,-0.089879,-0.114233,-0.005819,-0.898793,-550.051453,-0.088613,0.000000
63.820004,-0.025681,-549.962463,-0.004049,-0.003534,-0.089775,-0.114233,-0.005819,-0.897752,-549.962463,-0.088457,0.000000
63.830002,-0.022339,-550.006958,-0.004057,-0.003529,-0.089636,-0.099368,-0.005062,-0.896365,-550.006958,-0.088284,0.000000
63.840004,-0.014511,-550.006958,-0.004074,-0.003521,-0.089446,-0.064549,-0.003288,-0.894457,-550.006958,-0.088127,0.000000
63.850002,-0.008926,-550.006958,-0.004079,-0.003514,-0.089255,-0.039707,-0.002023,-0.892549,-550.006958,-0.087954,0.000000
63.860004,-0.011169,-549.962463,-0.004027,-0.003507,-0.089081,-0.049684,-0.002531,-0.890814,-549.962463,-0.087781,0.000000
63.870003,-0.010788,-549.917969,-0.003936,-0.003501,-0.088925,-0.047987,-0.002445,-0.889253,-549.917969,-0.087624,0.000000
63.880005,0.004471,-550.051453,-0.003962,-0.003497,-0.088813,0.019887,0.001013,-0.888126,-550.051453,-0.087451,0.000000
63.890003,0.016022,-549.962463,-0.003928,-0.003490,-0.088656,0.071268,0.003631,-0.886565,-549.962463,-0.087295,0.000000
63.900002,0.023468,-550.006958,-0.003936,-0.003483,-0.088474,0.104391,0.005318,-0.884744,-550.006958,-0.087121,0.000000
63.910004,0.017136,-550.006958,-0.003988,-0.003475,-0.088275,0.076223,0.003883,-0.882749,-550.006958,-0.086948,0.000000
63.920002,0.015640,-549.917969,-0.004010,-0.003467,-0.088067,0.069571,0.003544,-0.880668,-549.917969,-0.086792,0.000000
63.930004,0.005600,-550.051453,-0.003992,-0.003460,-0.087885,0.024910,0.001269,-0.878847,-550.051453,-0.086619,0.000000
63.940002,0.013779,-550.006958,-0.004005,-0.003454,-0.087720,0.061291,0.003122,-0.877199,-550.006958,-0.086445,0.000000
63.950005,0.019363,-550.006958,-0.004010,-0.003446,-0.087538,0.086133,0.004388,-0.875378,-550.006958,-0.086289,0.000000
63.960003,0.002991,-550.006958,-0.003980,-0.003439,-0.087356,0.013303,0.000678,-0.873556,-550.006958,-0.086116,0.000000
63.970001,-0.025681,-549.917969,-0.003975,-0.003432,-0.087174,-0.114233,-0.005819,-0.871735,-549.917969,-0.085959,0.000000
63.980003,-0.030151,-550.006958,-0.003967,-0.003427,-0.087043,-0.134120,-0.006832,-0.870434,-550.006958,-0.085786,0.000000
63.990002,-0.029785,-549.917969,-0.003923,-0.003423,-0.086939,-0.132491,-0.006749,-0.869394,-549.917969,-0.085613,0.000000
64.000000,-0.026062,-549.962463,-0.003928,-0.003418,-0.086818,-0.115930,-0.005906,-0.868180,-549.962463,-0.085456,0.000000
64.010002,-0.025681,-549.962463,-0.003949,-0.003413,-0.086688,-0.114233,-0.005819,-0.866879,-549.962463,-0.085283,0.000000
64.020004,-0.015625,-549.873535,-0.003928,-0.003407,-0.086532,-0.069503,-0.003541,-0.865318,-549.873535,-0.085127,0.000000
64.030006,-0.008926,-550.095947,-0.003936,-0.003400,-0.086358,-0.039707,-0.002023,-0.863583,-550.095947,-0.084953,0.000000
64.040001,-0.003342,-550.006958,-0.003923,-0.003391,-0.086142,-0.014865,-0.000757,-0.861415,-550.006958,-0.084780,0.000000
64.050003,-0.004089,-549.962463,-0.003928,-0.003383,-0.085933,-0.018190,-0.000927,-0.859334,-549.962463,-0.084624,0.000000
64.060005,-0.011902,-550.006958,-0.003928,-0.003376,-0.085760,-0.052942,-0.002697,-0.857599,-550.006958,-0.084450,0.000000
64.070000,-0.004456,-549.917969,-0.003945,-0.003371,-0.085630,-0.019819,-0.001010,-0.856299,-549.917969,-0.084294,0.000000
64.080002,0.003738,-550.006958,-0.003923,-0.003366,-0.085508,0.016629,0.000847,-0.855085,-550.006958,-0.084121,0.000000
64.090004,0.005600,-549.917969,-0.003923,-0.003361,-0.085361,0.024910,0.001269,-0.853610,-549.917969,-0.083947,0.000000
64.100006,0.001862,-550.006958,-0.003911,-0.003356,-0.085231,0.008281,0.000422,-0.852309,-550.006958,-0.083791,0.000000
64.110001,-0.001480,-550.006958,-0.003863,-0.003350,-0.085084,-0.006584,-0.000335,-0.850835,-550.006958,-0.083618,0.000000
64.120003,0.006714,-549.873535,-0.003850,-0.003343,-0.084910,0.029865,0.001521,-0.849101,-549.873535,-0.083462,0.000000
64.130005,0.001862,-550.095947,-0.003824,-0.003334,-0.084685,0.008281,0.000422,-0.846846,-550.095947,-0.083288,0.000000
64.139999,0.011551,-549.917969,-0.003760,-0.003325,-0.084450,0.051381,0.002617,-0.844504,-549.917969,-0.083115,0.000000
64.150002,0.005966,-550.006958,-0.003742,-0.003317,-0.084242,0.026539,0.001352,-0.842423,-550.006958,-0.082959,0.000000
64.160004,-0.004089,-550.006958,-0.003794,-0.003310,-0.084078,-0.018190,-0.000927,-0.840775,-550.006958,-0.082785,0.000000
64.170006,-0.024948,-549.917969,-0.003820,-0.003304,-0.083921,-0.110975,-0.005653,-0.839214,-549.917969,-0.082629,0.000000
64.180000,-0.024200,-550.006958,-0.003820,-0.003298,-0.083757,-0.107649,-0.005484,-0.837567,-550.006958,-0.082456,0.000000
64.190002,-0.033875,-549.917969,-0.003816,-0.003291,-0.083592,-0.150681,-0.007676,-0.835919,-549.917969,-0.082282,0.000000
64.200005,-0.022705,-550.006958,-0.003833,-0.003285,-0.083444,-0.100997,-0.005145,-0.834445,-550.006958,-0.082126,0.000000
64.210007,-0.026428,-549.962463,-0.003803,-0.003279,-0.083297,-0.117559,-0.005989,-0.832970,-549.962463,-0.081953,0.000000
64.220001,-0.020096,-549.962463,-0.003786,-0.003273,-0.083132,-0.089391,-0.004554,-0.831323,-549.962463,-0.081797,0.000000
64.230003,-0.011902,-550.051453,-0.003738,-0.003266,-0.082959,-0.052942,-0.002697,-0.829588,-550.051453,-0.081623,0.000000
64.240005,-0.014145,-550.006958,-0.003738,-0.003259,-0.082768,-0.062920,-0.003205,-0.827680,-550.006958,-0.081450,0.000000
64.250000,-0.016373,-550.006958,-0.003760,-0.003251,-0.082577,-0.072829,-0.003710,-0.825772,-550.006958,-0.081294,0.000000
64.260002,-0.006699,-550.051453,-0.003790,-0.003245,-0.082430,-0.029797,-0.001518,-0.824298,-550.051453,-0.081120,0.000000
64.270004,-0.001480,-550.006958,-0.003798,-0.003239,-0.082274,-0.006584,-0.000335,-0.822737,-550.006958,-0.080964,0.000000
64.280006,-0.000732,-550.051453,-0.003742,-0.003234,-0.082135,-0.003258,-0.000166,-0.821349,-550.051453,-0.080791,0.000000
64.290001,-0.000732,-549.962463,-0.003764,-0.003228,-0.081979,-0.003258,-0.000166,-0.819789,-549.962463,-0.080617,0.000000
64.300003,-0.001862,-550.006958,-0.003747,-0.003221,-0.081823,-0.008281,-0.000422,-0.818227,-550.006958,-0.080461,0.000000
64.310005,-0.005203,-550.006958,-0.003773,-0.003216,-0.081675,-0.023145,-0.001179,-0.816753,-550.006958,-0.080288,0.000000
64.320000,-0.012650,-549.917969,-0.003755,-0.003211,-0.081554,-0.056268,-0.002866,-0.815539,-549.917969,-0.080132,0.000000
64.330002,-0.011536,-550.006958,-0.003747,-0.003204,-0.081380,-0.051313,-0.002614,-0.813805,-550.006958,-0.079958,0.000000
64.340004,-0.019363,-549.917969,-0.003686,-0.003194,-0.081129,-0.086133,-0.004388,-0.811290,-549.917969,-0.079785,0.000000
64.350006,-0.011902,-550.006958,-0.003643,-0.003184,-0.080869,-0.052942,-0.002697,-0.808688,-550.006958,-0.079629,0.000000
64.360001,-0.039459,-550.051453,-0.003635,-0.003176,-0.080669,-0.175523,-0.008942,-0.806693,-550.051453,-0.079455,0.000000
64.370003,-0.045425,-549.917969,-0.003604,-0.003170,-0.080531,-0.202062,-0.010294,-0.805306,-549.917969,-0.079282,0.000000
64.380005,-0.049896,-550.095947,-0.003630,-0.003166,-0.080427,-0.221950,-0.011307,-0.804265,-550.095947,-0.079126,0.000000
64.389999,-0.054352,-549.917969,-0.003643,-0.003162,-0.080322,-0.241769,-0.012316,-0.803225,-549.917969,-0.078952,0.000000
64.400002,-0.046906,-550.006958,-0.003622,-0.003158,-0.080218,-0.208646,-0.010629,-0.802184,-550.006958,-0.078796,0.000000
64.410004,-0.044312,-550.006958,-0.003591,-0.003153,-0.080097,-0.197107,-0.010041,-0.800970,-550.006958,-0.078623,0.000000
64.420006,-0.052490,-549.962463,-0.003613,-0.003146,-0.079906,-0.233488,-0.011894,-0.799062,-549.962463,-0.078449,0.000000
64.430000,-0.041702,-550.051453,-0.003596,-0.003136,-0.079663,-0.185501,-0.009450,-0.796634,-550.051453,-0.078293,0.000000
64.440002,-0.028671,-550.006958,-0.003591,-0.003128,-0.079455,-0.127536,-0.006497,-0.794552,-550.006958,-0.078120,0.000000
64.450005,-0.027542,-550.006958,-0.003669,-0.003121,-0.079273,-0.122513,-0.006241,-0.792731,-550.006958,-0.077964,0.000000
64.460007,-0.022339,-550.051453,-0.003660,-0.003116,-0.079143,-0.099368,-0.005062,-0.791430,-550.051453,-0.077790,0.000000
64.470001,-0.018982,-549.873535,-0.003635,-0.003111,-0.079030,-0.084436,-0.004301,-0.790303,-549.873535,-0.077617,0.000000
64.480003,-0.016754,-550.051453,-0.003574,-0.003107,-0.078909,-0.074526,-0.003797,-0.789089,-550.051453,-0.077461,0.000000
64.490005,-0.017502,-549.917969,-0.003553,-0.003102,-0.078796,-0.077852,-0.003966,-0.787961,-549.917969,-0.077287,0.000000
64.500000,-0.022339,-549.962463,-0.003527,-0.003099,-0.078718,-0.099368,-0.005062,-0.787181,-549.962463,-0.077131,0.000000
64.510002,-0.021957,-550.095947,-0.003540,-0.003095,-0.078614,-0.097671,-0.004976,-0.786140,-550.095947,-0.076958,0.000000
64.520004,-0.022339,-549.917969,-0.003523,-0.003086,-0.078389,-0.099368,-0.005062,-0.783885,-549.917969,-0.076784,0.000000
64.530006,-0.017502,-550.051453,-0.003505,-0.003075,-0.078102,-0.077852,-0.003966,-0.781024,-550.051453,-0.076628,0.000000
64.540001,-0.018616,-549.917969,-0.003553,-0.003064,-0.077825,-0.082807,-0.004218,-0.778248,-549.917969,-0.076455,0.000000
64.550003,-0.030151,-550.051453,-0.003583,-0.003056,-0.077617,-0.134120,-0.006832,-0.776167,-550.051453,-0.076299,0.000000
64.560005,-0.043182,-550.051453,-0.003591,-0.003050,-0.077469,-0.192085,-0.009785,-0.774693,-550.051453,-0.076125,0.000000
64.570000,-0.034988,-549.873535,-0.003596,-0.003046,-0.077374,-0.155636,-0.007928,-0.773739,-549.873535,-0.075952,0.000000
64.580002,-0.039841,-550.051453,-0.003579,-0.003042,-0.077278,-0.177220,-0.009028,-0.772785,-550.051453,-0.075796,0.000000
64.590004,-0.052872,-549.962463,-0.003570,-0.003038,-0.077157,-0.235185,-0.011981,-0.771571,-549.962463,-0.075622,0.000000
64.600006,-0.049896,-549.962463,-0.003557,-0.003033,-0.077044,-0.221950,-0.011307,-0.770443,-549.962463,-0.075466,0.000000
64.610001,-0.041321,-550.006958,-0.003570,-0.003029,-0.076932,-0.183804,-0.009363,-0.769316,-550.006958,-0.075293,0.000000
64.620003,-0.027176,-549.917969,-0.003566,-0.003023,-0.076793,-0.120884,-0.006158,-0.767928,-549.917969,-0.075119,0.000000
64.630005,-0.028671,-550.051453,-0.003557,-0.003018,-0.076645,-0.127536,-0.006497,-0.766454,-550.051453,-0.074963,0.000000
64.639999,-0.029037,-549.962463,-0.003531,-0.003011,-0.076481,-0.129165,-0.006580,-0.764806,-549.962463,-0.074790,0.000000
64.650002,-0.027542,-550.051453,-0.003540,-0.003001,-0.076238,-0.122513,-0.006241,-0.762378,-550.051453,-0.074633,0.000000
64.660004,-0.023819,-550.095947,-0.003475,-0.002990,-0.075952,-0.105952,-0.005397,-0.759516,-550.095947,-0.074460,0.000000
64.670006,-0.017120,-549.962463,-0.003445,-0.002979,-0.075657,-0.076155,-0.003880,-0.756568,-549.962463,-0.074287,0.000000
64.680000,-0.017120,-550.051453,-0.003389,-0.002969,-0.075405,-0.076155,-0.003880,-0.754053,-550.051453,-0.074130,0.000000
64.690002,-0.018234,-550.051453,-0.003385,-0.002961,-0.075206,-0.081110,-0.004132,-0.752058,-550.051453,-0.073957,0.000000
64.700005,-0.025314,-550.051453,-0.003363,-0.002955,-0.075050,-0.112604,-0.005736,-0.750497,-550.051453,-0.073801,0.000000
64.710007,-0.032394,-550.051453,-0.003354,-0.002948,-0.074876,-0.144098,-0.007341,-0.748763,-550.051453,-0.073627,0.000000
64.720001,-0.030899,-549.962463,-0.003372,-0.002941,-0.074711,-0.137446,-0.007002,-0.747115,-549.962463,-0.073454,0.000000
64.730003,-0.027924,-550.095947,-0.003367,-0.002935,-0.074555,-0.124210,-0.006328,-0.745554,-550.095947,-0.073298,0.000000
64.740005,-0.036484,-549.917969,-0.003359,-0.002929,-0.074399,-0.162288,-0.008267,-0.743993,-549.917969,-0.073124,0.000000
64.750000,-0.052872,-550.006958,-0.003397,-0.002925,-0.074287,-0.235185,-0.011981,-0.742866,-550.006958,-0.072951,0.000000
64.760002,-0.065536,-550.051453,-0.003423,-0.002920,-0.074156,-0.291521,-0.014851,-0.741565,-550.051453,-0.072795,0.000000
64.770004,-0.062180,-549.917969,-0.003389,-0.002914,-0.074009,-0.276589,-0.014090,-0.740090,-549.917969,-0.072621,0.000000
64.780006,-0.048035,-550.051453,-0.003445,-0.002908,-0.073870,-0.213669,-0.010885,-0.738703,-550.051453,-0.072465,0.000000
64.790001,-0.044678,-550.006958,-0.003419,-0.002905,-0.073784,-0.198736,-0.010124,-0.737836,-550.006958,-0.072292,0.000000
64.800003,-0.052490,-550.006958,-0.003406,-0.002901,-0.073688,-0.233488,-0.011894,-0.736882,-550.006958,-0.072118,0.000000
64.810005,-0.044678,-549.962463,-0.003367,-0.002897,-0.073584,-0.198736,-0.010124,-0.735841,-549.962463,-0.071962,0.000000
64.820000,-0.042816,-550.006958,-0.003376,-0.002893,-0.073471,-0.190456,-0.009702,-0.734714,-550.006958,-0.071789,0.000000
64.830002,-0.037231,-550.095947,-0.003385,-0.002886,-0.073307,-0.165614,-0.008437,-0.733066,-550.095947,-0.071633,0.000000
64.840004,-0.035370,-550.051453,-0.003376,-0.002877,-0.073072,-0.157333,-0.008015,-0.730724,-550.051453,-0.071459,0.000000
64.850006,-0.028671,-550.051453,-0.003393,-0.002866,-0.072804,-0.127536,-0.006497,-0.728036,-550.051453,-0.071286,0.000000
64.860001,-0.020096,-550.051453,-0.003376,-0.002856,-0.072535,-0.089391,-0.004554,-0.725348,-550.051453,-0.071130,0.000000
64.870003,-0.007065,-549.873535,-0.003341,-0.002846,-0.072301,-0.031426,-0.001601,-0.723006,-549.873535,-0.070956,0.000000
64.880005,-0.014145,-550.095947,-0.003311,-0.002838,-0.072084,-0.062920,-0.003205,-0.720838,-550.095947,-0.070800,0.000000
64.889999,-0.032394,-550.006958,-0.003281,-0.002830,-0.071893,-0.144098,-0.007341,-0.718930,-550.006958,-0.070627,0.000000
64.900002,-0.028671,-550.006958,-0.003247,-0.002825,-0.071754,-0.127536,-0.006497,-0.717543,-550.006958,-0.070453,0.000000
64.910004,-0.035736,-550.006958,-0.003242,-0.002819,-0.071607,-0.158962,-0.008098,-0.716068,-550.006958,-0.070297,0.000000
64.920006,-0.025681,-549.962463,-0.003208,-0.002812,-0.071416,-0.114233,-0.005819,-0.714160,-549.962463,-0.070124,0.000000
64.930000,-0.027924,-550.095947,-0.003229,-0.002804,-0.071234,-0.124210,-0.006328,-0.712339,-550.095947,-0.069968,0.000000
64.940002,-0.065903,-549.962463,-0.003216,-0.002797,-0.071052,-0.293150,-0.014934,-0.710518,-549.962463,-0.069794,0.000000
64.950005,-0.069260,-550.051453,-0.003229,-0.002792,-0.070904,-0.308082,-0.015694,-0.709044,-550.051453,-0.069621,0.000000
64.960007,-0.070740,-550.051453,-0.003281,-0.002787,-0.070792,-0.314666,-0.016030,-0.707916,-550.051453,-0.069465,0.000000
64.970001,-0.071121,-550.006958,-0.003294,-0.002783,-0.070679,-0.316363,-0.016116,-0.706789,-550.006958,-0.069291,0.000000
64.980003,-0.060318,-550.095947,-0.003260,-0.002778,-0.070549,-0.268308,-0.013668,-0.705488,-550.095947,-0.069135,0.000000
64.990005,-0.058090,-550.006958,-0.003251,-0.002771,-0.070393,-0.258398,-0.013163,-0.703927,-550.006958,-0.068962,0.000000
65.000000,-0.051758,-549.962463,-0.003290,-0.002764,-0.070202,-0.230230,-0.011728,-0.702019,-549.962463,-0.068788,0.000000
65.010002,-0.042816,-550.051453,-0.003285,-0.002756,-0.069994,-0.190456,-0.009702,-0.699938,-550.051453,-0.068632,0.000000
65.020004,-0.030533,-550.006958,-0.003268,-0.002749,-0.069829,-0.135817,-0.006919,-0.698290,-550.006958,-0.068459,0.000000
65.030006,-0.024948,-550.095947,-0.003251,-0.002744,-0.069699,-0.110975,-0.005653,-0.696989,-550.095947,-0.068303,0.000000
65.040001,-0.029037,-549.917969,-0.003277,-0.002737,-0.069525,-0.129165,-0.006580,-0.695255,-549.917969,-0.068129,0.000000
65.050003,-0.018982,-550.051453,-0.003251,-0.002729,-0.069326,-0.084436,-0.004301,-0.693260,-550.051453,-0.067956,0.000000
65.060005,-0.016754,-550.006958,-0.003234,-0.002722,-0.069144,-0.074526,-0.003797,-0.691439,-550.006958,-0.067800,0.000000
65.070000,-0.014893,-549.962463,-0.003191,-0.002716,-0.068996,-0.066245,-0.003375,-0.689965,-549.962463,-0.067626,0.000000
65.080002,-0.033875,-550.095947,-0.003165,-0.002710,-0.068840,-0.150681,-0.007676,-0.688404,-550.095947,-0.067470,0.000000
65.090004,-0.026810,-549.962463,-0.003165,-0.002705,-0.068702,-0.119255,-0.006075,-0.687016,-549.962463,-0.067297,0.000000
65.100006,-0.026062,-550.006958,-0.003186,-0.002698,-0.068537,-0.115930,-0.005906,-0.685368,-550.006958,-0.067123,0.000000
65.110001,-0.041702,-550.051453,-0.003173,-0.002691,-0.068346,-0.185501,-0.009450,-0.683461,-550.051453,-0.066967,0.000000
65.120003,-0.032013,-549.962463,-0.003182,-0.002684,-0.068173,-0.142401,-0.007254,-0.681726,-549.962463,-0.066794,0.000000
65.130005,-0.033875,-550.095947,-0.003221,-0.002677,-0.068008,-0.150681,-0.007676,-0.680078,-550.095947,-0.066620,0.000000
65.139999,-0.059204,-549.917969,-0.003195,-0.002671,-0.067843,-0.263353,-0.013416,-0.678431,-549.917969,-0.066464,0.000000
65.150002,-0.062546,-550.006958,-0.003191,-0.002667,-0.067730,-0.278217,-0.014173,-0.677303,-550.006958,-0.066291,0.000000
65.160004,-0.070374,-550.051453,-0.003195,-0.002662,-0.067618,-0.313037,-0.015947,-0.676176,-550.051453,-0.066135,0.000000
65.170006,-0.070740,-550.006958,-0.003130,-0.002657,-0.067496,-0.314666,-0.016030,-0.674962,-550.006958,-0.065961,0.000000
65.180000,-0.069626,-550.140381,-0.003109,-0.002654,-0.067418,-0.309711,-0.015777,-0.674181,-550.140381,-0.065788,0.000000
65.190002,-0.062180,-550.006958,-0.003044,-0.002651,-0.067323,-0.276589,-0.014090,-0.673227,-550.006958,-0.065632,0.000000
65.200005,-0.055847,-550.051453,-0.003061,-0.002644,-0.067158,-0.248421,-0.012655,-0.671580,-550.051453,-0.065458,0.000000
65.210007,-0.056595,-550.006958,-0.003100,-0.002633,-0.066872,-0.251746,-0.012825,-0.668718,-550.006958,-0.065302,0.000000
65.220001,-0.045792,-549.917969,-0.003074,-0.002619,-0.066534,-0.203691,-0.010377,-0.665336,-549.917969,-0.065129,0.000000
65.230003,-0.033508,-550.095947,-0.003100,-0.002610,-0.066291,-0.149052,-0.007593,-0.662907,-550.095947,-0.064955,0.000000
65.240005,-0.015625,-550.006958,-0.003143,-0.002602,-0.066100,-0.069503,-0.003541,-0.660999,-550.006958,-0.064799,0.000000
65.250000,-0.018616,-550.051453,-0.003143,-0.002597,-0.065961,-0.082807,-0.004218,-0.659612,-550.051453,-0.064626,0.000000
65.260002,-0.015259,-550.095947,-0.003104,-0.002592,-0.065848,-0.067874,-0.003458,-0.658484,-550.095947,-0.064470,0.000000
65.270004,-0.024567,-549.962463,-0.003001,-0.002587,-0.065701,-0.109278,-0.005567,-0.657010,-549.962463,-0.064296,0.000000
65.280006,-0.039841,-550.095947,-0.003009,-0.002579,-0.065519,-0.177220,-0.009028,-0.655189,-550.095947,-0.064123,0.000000
65.290001,-0.025681,-549.962463,-0.002971,-0.002572,-0.065328,-0.114233,-0.005819,-0.653281,-549.962463,-0.063967,0.000000
65.300003,-0.029037,-550.006958,-0.002971,-0.002565,-0.065146,-0.129165,-0.006580,-0.651460,-550.006958,-0.063793,0.000000
65.310005,-0.026062,-550.095947,-0.002962,-0.002559,-0.064999,-0.115930,-0.005906,-0.649986,-550.095947,-0.063637,0.000000
65.320000,-0.039459,-549.962463,-0.002979,-0.002553,-0.064851,-0.175523,-0.008942,-0.648511,-549.962463,-0.063464,0.000000
65.330002,-0.061432,-550.095947,-0.002979,-0.002545,-0.064643,-0.273263,-0.013921,-0.646430,-550.095947,-0.063290,0.000000
65.340004,-0.056229,-549.962463,-0.002962,-0.002537,-0.064444,-0.250117,-0.012742,-0.644435,-549.962463,-0.063134,0.000000
65.350006,-0.060684,-550.051453,-0.003022,-0.002531,-0.064287,-0.269937,-0.013751,-0.642874,-550.051453,-0.062961,0.000000
65.360001,-0.057343,-550.051453,-0.003057,-0.002525,-0.064123,-0.255072,-0.012994,-0.641227,-550.051453,-0.062804,0.000000
65.370003,-0.058456,-549.962463,-0.003040,-0.002517,-0.063932,-0.260027,-0.013246,-0.639319,-549.962463,-0.062631,0.000000
65.380005,-0.058823,-550.095947,-0.003031,-0.002508,-0.063706,-0.261656,-0.013329,-0.637064,-550.095947,-0.062458,0.000000
65.389999,-0.051010,-549.962463,-0.003027,-0.002499,-0.063464,-0.226904,-0.011559,-0.634636,-549.962463,-0.062301,0.000000
65.400002,-0.014511,-550.095947,-0.002953,-0.002492,-0.063307,-0.064549,-0.003288,-0.633075,-550.095947,-0.062128,0.000000
65.410004,-0.004456,-550.051453,-0.002897,-0.002490,-0.063255,-0.019819,-0.001010,-0.632554,-550.051453,-0.061972,0.000000
65.420006,-0.008926,-550.006958,-0.002893,-0.002488,-0.063195,-0.039707,-0.002023,-0.631947,-550.006958,-0.061799,0.000000
65.430000,-0.010040,-550.140381,-0.002988,-0.002486,-0.063134,-0.044661,-0.002275,-0.631340,-550.140381,-0.061625,0.000000
65.440002,-0.007812,-550.051453,-0.002997,-0.002479,-0.062978,-0.034752,-0.001770,-0.629779,-550.051453,-0.061469,0.000000
65.450005,0.004105,-550.095947,-0.002949,-0.002471,-0.062752,0.018258,0.000930,-0.627525,-550.095947,-0.061296,0.000000
65.460007,-0.002594,-550.051453,-0.002906,-0.002461,-0.062501,-0.011539,-0.000588,-0.625010,-550.051453,-0.061139,0.000000
65.470001,-0.000366,-549.962463,-0.002880,-0.002451,-0.062267,-0.001629,-0.000083,-0.622668,-549.962463,-0.060966,0.000000
65.480003,-0.009674,-550.140381,-0.002919,-0.002444,-0.062085,-0.043032,-0.002192,-0.620847,-550.140381,-0.060793,0.000000
65.490005,0.004105,-550.051453,-0.002936,-0.002438,-0.061929,0.018258,0.000930,-0.619286,-550.051453,-0.060636,0.000000
65.500000,-0.005585,-550.051453,-0.002923,-0.002433,-0.061799,-0.024842,-0.001266,-0.617985,-550.051453,-0.060463,0.000000
65.510002,-0.009308,-550.095947,-0.002928,-0.002426,-0.061625,-0.041403,-0.002109,-0.616251,-550.095947,-0.060290,0.000000
65.520004,-0.020844,-549.962463,-0.002910,-0.002418,-0.061417,-0.092717,-0.004723,-0.614169,-549.962463,-0.060133,0.000000
65.530006,-0.028290,-550.095947,-0.002884,-0.002412,-0.061252,-0.125839,-0.006411,-0.612521,-550.095947,-0.059960,0.000000
65.540001,-0.046539,-550.006958,-0.002867,-0.002405,-0.061096,-0.207017,-0.010546,-0.610961,-550.006958,-0.059804,0.000000
65.550003,-0.036118,-550.051453,-0.002833,-0.002401,-0.060975,-0.160659,-0.008184,-0.609746,-550.051453,-0.059630,0.000000
65.560005,-0.022339,-550.095947,-0.002833,-0.002396,-0.060862,-0.099368,-0.005062,-0.608619,-550.095947,-0.059457,0.000000
65.570000,-0.025681,-550.006958,-0.002794,-0.002389,-0.060688,-0.114233,-0.005819,-0.606885,-550.006958,-0.059301,0.000000
65.580002,-0.017868,-550.095947,-0.002790,-0.002381,-0.060480,-0.079481,-0.004049,-0.604803,-550.095947,-0.059127,0.000000
65.590004,-0.017502,-549.962463,-0.002785,-0.002373,-0.060264,-0.077852,-0.003966,-0.602635,-549.962463,-0.058971,0.000000
65.600006,-0.013031,-550.051453,-0.002781,-0.002365,-0.060081,-0.057965,-0.002953,-0.600814,-550.051453,-0.058798,0.000000
65.610001,-0.009308,-550.095947,-0.002802,-0.002359,-0.059917,-0.041403,-0.002109,-0.599166,-550.095947,-0.058624,0.000000
65.620003,0.001495,-550.006958,-0.002790,-0.002354,-0.059795,0.006652,0.000339,-0.597952,-550.006958,-0.058468,0.000000
65.630005,0.002243,-550.051453,-0.002828,-0.002348,-0.059648,0.009978,0.000508,-0.596478,-550.051453,-0.058295,0.000000
65.639999,-0.006317,-550.006958,-0.002746,-0.002341,-0.059466,-0.028100,-0.001431,-0.594657,-550.006958,-0.058139,0.000000
65.650002,-0.010040,-550.051453,-0.002733,-0.002332,-0.059240,-0.044661,-0.002275,-0.592402,-550.051453,-0.057965,0.000000
65.660004,-0.010422,-550.095947,-0.002716,-0.002324,-0.059023,-0.046358,-0.002362,-0.590234,-550.095947,-0.057792,0.000000
65.670006,-0.014145,-550.006958,-0.002695,-0.002318,-0.058876,-0.062920,-0.003205,-0.588760,-550.006958,-0.057636,0.000000
65.680000,-0.017868,-550.095947,-0.002690,-0.002312,-0.058720,-0.079481,-0.004049,-0.587199,-550.095947,-0.057462,0.000000
65.690002,-0.020844,-549.962463,-0.002721,-0.002304,-0.058529,-0.092717,-0.004723,-0.585291,-549.962463,-0.057306,0.000000
65.700005,-0.021225,-550.051453,-0.002729,-0.002297,-0.058338,-0.094413,-0.004810,-0.583383,-550.051453,-0.057133,0.000000
65.710007,-0.026062,-550.095947,-0.002699,-0.002290,-0.058165,-0.115930,-0.005906,-0.581648,-550.095947,-0.056959,0.000000
65.720001,-0.023819,-550.006958,-0.002673,-0.002284,-0.058017,-0.105952,-0.005397,-0.580174,-550.006958,-0.056803,0.000000
65.730003,-0.033508,-550.051453,-0.002699,-0.002278,-0.057853,-0.149052,-0.007593,-0.578526,-550.051453,-0.056630,0.000000
65.740005,-0.036118,-550.006958,-0.002665,-0.002273,-0.057723,-0.160659,-0.008184,-0.577225,-550.006958,-0.056474,0.000000
65.750000,-0.046906,-550.006958,-0.002695,-0.002268,-0.057610,-0.208646,-0.010629,-0.576098,-550.006958,-0.056300,0.000000
65.760002,-0.038345,-550.140381,-0.002660,-0.002264,-0.057497,-0.170569,-0.008689,-0.574971,-550.140381,-0.056127,0.000000
65.770004,-0.022705,-550.051453,-0.002652,-0.002260,-0.057393,-0.100997,-0.005145,-0.573930,-550.051453,-0.055971,0.000000
65.780006,-0.019730,-550.051453,-0.002682,-0.002253,-0.057228,-0.087762,-0.004471,-0.572282,-550.051453,-0.055797,0.000000
65.790001,-0.001114,-550.051453,-0.002733,-0.002245,-0.057020,-0.004955,-0.000252,-0.570201,-550.051453,-0.055641,0.000000
65.800003,-0.003723,-550.051453,-0.002712,-0.002235,-0.056777,-0.016561,-0.000844,-0.567773,-550.051453,-0.055468,0.000000
65.810005,-0.006317,-550.051453,-0.002738,-0.002227,-0.056578,-0.028100,-0.001431,-0.565778,-550.051453,-0.055294,0.000000
65.820000,0.013046,-550.006958,-0.002699,-0.002222,-0.056439,0.058033,0.002956,-0.564391,-550.006958,-0.055138,0.000000
65.830002,0.017883,-550.140381,-0.002686,-0.002215,-0.056266,0.079549,0.004052,-0.562656,-550.140381,-0.054965,0.000000
65.840004,0.014526,-550.006958,-0.002708,-0.002205,-0.056014,0.064617,0.003292,-0.560141,-550.006958,-0.054809,0.000000
65.850006,0.000381,-550.051453,-0.002716,-0.002197,-0.055806,0.001697,0.000086,-0.558060,-550.051453,-0.054635,0.000000
65.860001,0.011185,-550.095947,-0.002682,-0.002190,-0.055633,0.049752,0.002534,-0.556325,-550.095947,-0.054462,0.000000
65.870003,0.018631,-550.006958,-0.002647,-0.002183,-0.055450,0.082875,0.004222,-0.554504,-550.006958,-0.054306,0.000000
65.880005,0.021225,-550.095947,-0.002570,-0.002176,-0.055268,0.094413,0.004810,-0.552683,-550.095947,-0.054132,0.000000
65.889999,0.031281,-550.006958,-0.002583,-0.002169,-0.055104,0.139143,0.007088,-0.551035,-550.006958,-0.053959,0.000000
65.900002,-0.000000,-550.051453,-0.002617,-0.002164,-0.054965,-0.000000,-0.000000,-0.549648,-550.051453,-0.053803,0.000000
65.910004,-0.012283,-550.095947,-0.002677,-0.002159,-0.054826,-0.054639,-0.002783,-0.548260,-550.095947,-0.053629,0.000000
65.920006,-0.012650,-549.962463,-0.002647,-0.002153,-0.054679,-0.056268,-0.002866,-0.546786,-549.962463,-0.053473,0.000000
65.930000,-0.022339,-550.051453,-0.002652,-0.002147,-0.054522,-0.099368,-0.005062,-0.545225,-550.051453,-0.053300,0.000000
65.940002,-0.017120,-550.051453,-0.002621,-0.002141,-0.054392,-0.076155,-0.003880,-0.543924,-550.051453,-0.053126,0.000000
65.950005,-0.015625,-550.051453,-0.002570,-0.002137,-0.054280,-0.069503,-0.003541,-0.542797,-550.051453,-0.052970,0.000000
65.960007,-0.009308,-550.006958,-0.002561,-0.002132,-0.054150,-0.041403,-0.002109,-0.541496,-550.006958,-0.052797,0.000000
65.970001,-0.010788,-550.006958,-0.002531,-0.002124,-0.053959,-0.047987,-0.002445,-0.539588,-550.006958,-0.052641,0.000000
65.980003,0.010803,-550.006958,-0.002531,-0.002117,-0.053768,0.048055,0.002448,-0.537680,-550.006958,-0.052467,0.000000
65.990005,0.015274,-549.962463,-0.002539,-0.002110,-0.053603,0.067942,0.003461,-0.536032,-549.962463,-0.052294,0.000000
66.000000,0.004105,-550.051453,-0.002509,-0.002104,-0.053447,0.018258,0.000930,-0.534471,-550.051453,-0.052138,0.000000
66.010002,0.025696,-550.095947,-0.002488,-0.002099,-0.053326,0.114301,0.005823,-0.533257,-550.095947,-0.051964,0.000000
66.020004,0.037994,-550.051453,-0.002483,-0.002094,-0.053187,0.169007,0.008610,-0.531870,-550.051453,-0.051808,0.000000
66.030006,0.044327,-550.051453,-0.002488,-0.002087,-0.053014,0.197175,0.010045,-0.530135,-550.051453,-0.051635,0.000000
66.040001,0.047302,-550.051453,-0.002458,-0.002080,-0.052840,0.210411,0.010719,-0.528401,-550.051453,-0.051461,0.000000
66.050003,0.039108,-550.006958,-0.002466,-0.002072,-0.052632,0.173962,0.008862,-0.526319,-550.006958,-0.051305,0.000000
66.060005,0.031281,-550.140381,-0.002458,-0.002065,-0.052450,0.139143,0.007088,-0.524498,-550.140381,-0.051132,0.000000
66.070000,0.038361,-550.006958,-0.002466,-0.002058,-0.052276,0.170636,0.008693,-0.522764,-550.006958,-0.050976,0.000000
66.080002,0.039856,-550.140381,-0.002458,-0.002051,-0.052086,0.177288,0.009031,-0.520856,-550.140381,-0.050802,0.000000
66.090004,0.049164,-550.051453,-0.002440,-0.002042,-0.051877,0.218692,0.011141,-0.518774,-550.051453,-0.050629,0.000000
66.100006,0.018631,-550.051453,-0.002449,-0.002035,-0.051678,0.082875,0.004222,-0.516780,-550.051453,-0.050473,0.000000
66.110001,0.012299,-550.095947,-0.002462,-0.002029,-0.051531,0.054707,0.002787,-0.515306,-550.095947,-0.050299,0.000000
66.120003,0.014160,-550.006958,-0.002449,-0.002024,-0.051418,0.062988,0.003209,-0.514178,-550.006958,-0.050143,0.000000
66.130005,0.013046,-550.095947,-0.002458,-0.002020,-0.051305,0.058033,0.002956,-0.513051,-550.095947,-0.049970,0.000000
66.139999,0.011551,-550.051453,-0.002492,-0.002015,-0.051184,0.051381,0.002617,-0.511837,-550.051453,-0.049796,0.000000
66.150002,0.030914,-550.051453,-0.002466,-0.002009,-0.051036,0.137514,0.007005,-0.510362,-550.051453,-0.049640,0.000000
66.160004,0.041718,-550.184875,-0.002458,-0.002003,-0.050871,0.185569,0.009453,-0.508715,-550.184875,-0.049467,0.000000
66.170006,0.039856,-549.962463,-0.002449,-0.001995,-0.050672,0.177288,0.009031,-0.506720,-549.962463,-0.049310,0.000000
66.180000,0.056976,-550.095947,-0.002436,-0.001987,-0.050464,0.253443,0.012911,-0.504639,-550.095947,-0.049137,0.000000
66.190002,0.063690,-550.006958,-0.002449,-0.001979,-0.050273,0.283308,0.014432,-0.502731,-550.006958,-0.048964,0.000000
66.200005,0.074478,-550.140381,-0.002479,-0.001974,-0.050143,0.331295,0.016877,-0.501430,-550.140381,-0.048807,0.000000
66.210007,0.089005,-550.095947,-0.002445,-0.001970,-0.050030,0.395912,0.020169,-0.500302,-550.095947,-0.048634,0.000000
66.220001,0.090500,-550.051453,-0.002492,-0.001964,-0.049891,0.402564,0.020508,-0.498915,-550.051453,-0.048478,0.000000
66.230003,0.101669,-550.095947,-0.002427,-0.001959,-0.049753,0.452248,0.023039,-0.497527,-550.095947,-0.048304,0.000000
66.240005,0.114319,-550.051453,-0.002389,-0.001953,-0.049614,0.508516,0.025905,-0.496140,-550.051453,-0.048131,0.000000
66.250000,0.111725,-550.095947,-0.002367,-0.001946,-0.049441,0.496977,0.025317,-0.494405,-550.095947,-0.047975,0.000000
66.260002,0.134064,-550.095947,-0.002324,-0.001939,-0.049241,0.596345,0.030379,-0.492411,-550.095947,-0.047801,0.000000
66.270004,0.149323,-550.006958,-0.002328,-0.001929,-0.049007,0.664220,0.033837,-0.490069,-550.006958,-0.047628,0.000000
66.280006,0.180237,-550.140381,-0.002324,-0.001921,-0.048781,0.801733,0.040842,-0.487814,-550.140381,-0.047472,0.000000
66.290001,0.200348,-550.006958,-0.002285,-0.001914,-0.048617,0.891192,0.045399,-0.486167,-550.006958,-0.047298,0.000000
66.300003,0.215607,-550.051453,-0.002289,-0.001908,-0.048469,0.959066,0.048857,-0.484692,-550.051453,-0.047142,0.000000
66.310005,0.291199,-550.095947,-0.002311,-0.001905,-0.048391,1.295317,0.065987,-0.483912,-550.095947,-0.047073,0.000000
66.320000,0.434937,-550.051453,-0.002289,-0.001909,-0.048495,1.934694,0.098558,-0.484953,-550.051453,-0.047073,0.000000
66.330002,0.451691,-550.140381,-0.002264,-0.001913,-0.048582,2.009220,0.102355,-0.485820,-550.140381,-0.047073,0.000000
66.340004,0.431580,-550.051453,-0.002363,-0.001915,-0.048643,1.919762,0.097797,-0.486427,-550.051453,-0.048417,0.000000
66.350006,0.421906,-550.140381,-0.002384,-0.001915,-0.048651,1.876729,0.095605,-0.486514,-550.140381,-0.048417,0.000000
66.360001,0.345566,-550.051453,-0.002376,-0.001915,-0.048651,1.537153,0.078306,-0.486514,-550.051453,-0.048417,0.000000
66.370003,0.340729,-549.962463,-0.002302,-0.001915,-0.048651,1.515637,0.077210,-0.486514,-549.962463,-0.048417,0.000000
66.380005,0.343704,-550.140381,-0.002289,-0.001915,-0.048651,1.528873,0.077884,-0.486514,-550.140381,-0.048417,0.000000
66.389999,0.335144,-550.051453,-0.002350,-0.001915,-0.048651,1.490795,0.075945,-0.486514,-550.051453,-0.048417,0.000000
66.400002,0.324341,-550.095947,-0.002371,-0.001915,-0.048651,1.442740,0.073497,-0.486514,-550.095947,-0.048417,0.000000
66.410004,0.326950,-550.095947,-0.002397,-0.001915,-0.048651,1.454347,0.074088,-0.486514,-550.095947,-0.048417,0.000000
66.420006,0.322861,-550.051453,-0.002380,-0.001915,-0.048651,1.436156,0.073161,-0.486514,-550.051453,-0.048417,0.000000
66.430000,0.315033,-550.095947,-0.002345,-0.001915,-0.048651,1.401337,0.071387,-0.486514,-550.095947,-0.048417,0.000000
66.440002,0.331421,-550.051453,-0.002320,-0.001915,-0.048651,1.474234,0.075101,-0.486514,-550.051453,-0.048417,0.000000
66.450005,0.324722,-550.006958,-0.002320,-0.001915,-0.048651,1.444437,0.073583,-0.486514,-550.006958,-0.048417,0.000000
66.460007,0.325836,-550.095947,-0.002281,-0.001915,-0.048651,1.449392,0.073836,-0.486514,-550.095947,-0.048417,0.000000
66.470001,0.324722,-549.962463,-0.002298,-0.001915,-0.048651,1.444437,0.073583,-0.486514,-549.962463,-0.048417,0.000000
66.480003,0.321365,-550.140381,-0.002289,-0.001915,-0.048651,1.429505,0.072822,-0.486514,-550.140381,-0.048417,0.000000
66.490005,0.311310,-550.051453,-0.002311,-0.001915,-0.048651,1.384775,0.070544,-0.486514,-550.051453,-0.048417,0.000000
66.500000,0.310196,-550.095947,-0.002341,-0.001915,-0.048651,1.379820,0.070291,-0.486514,-550.095947,-0.048417,0.000000
66.510002,0.313171,-550.095947,-0.002419,-0.001915,-0.048651,1.393056,0.070966,-0.486514,-550.095947,-0.048417,0.000000
66.520004,0.318390,-550.006958,-0.002380,-0.001915,-0.048651,1.416269,0.072148,-0.486514,-550.006958,-0.048417,0.000000
66.530006,0.305359,-550.095947,-0.002371,-0.001915,-0.048651,1.358304,0.069195,-0.486514,-550.095947,-0.048417,0.000000
66.540001,0.308334,-550.051453,-0.002376,-0.001915,-0.048651,1.371540,0.069870,-0.486514,-550.051453,-0.048417,0.000000
66.550003,0.304230,-550.095947,-0.002333,-0.001915,-0.048651,1.353281,0.068939,-0.486514,-550.095947,-0.048417,0.000000
66.560005,0.311676,-550.095947,-0.002307,-0.001915,-0.048651,1.386404,0.070627,-0.486514,-550.095947,-0.048417,0.000000
66.570000,0.302002,-550.051453,-0.002272,-0.001915,-0.048651,1.343372,0.068435,-0.486514,-550.051453,-0.048417,0.000000
66.580002,0.309082,-550.095947,-0.002268,-0.001915,-0.048651,1.374866,0.070039,-0.486514,-550.095947,-0.048417,0.000000
66.590004,0.301636,-550.095947,-0.002281,-0.001915,-0.048651,1.341743,0.068352,-0.486514,-550.095947,-0.048417,0.000000
66.600006,0.290833,-550.051453,-0.002276,-0.001915,-0.048651,1.293688,0.065904,-0.486514,-550.051453,-0.048417,0.000000
66.610001,0.303864,-550.095947,-0.002281,-0.001915,-0.048651,1.351653,0.068856,-0.486514,-550.095947,-0.048417,0.000000
66.620003,0.297913,-550.051453,-0.002294,-0.001915,-0.048651,1.325181,0.067508,-0.486514,-550.051453,-0.048417,0.000000
66.630005,0.284866,-550.140381,-0.002298,-0.001915,-0.048651,1.267149,0.064552,-0.486514,-550.140381,-0.048417,0.000000
66.639999,0.299026,-550.051453,-0.002259,-0.001915,-0.048651,1.330136,0.067760,-0.486514,-550.051453,-0.048417,0.000000
66.650002,0.304977,-550.140381,-0.002298,-0.001915,-0.048651,1.356607,0.069109,-0.486514,-550.140381,-0.048417,0.000000
66.660004,0.297913,-550.140381,-0.002298,-0.001915,-0.048651,1.325181,0.067508,-0.486514,-550.140381,-0.048417,0.000000
66.670006,0.302368,-550.095947,-0.002337,-0.001915,-0.048651,1.345001,0.068518,-0.486514,-550.095947,-0.048417,0.000000
66.680000,0.292694,-550.140381,-0.002371,-0.001915,-0.048651,1.301968,0.066325,-0.486514,-550.140381,-0.048417,0.000000
66.690002,0.303864,-550.006958,-0.002380,-0.001915,-0.048651,1.351653,0.068856,-0.486514,-550.006958,-0.048417,0.000000
66.700005,0.296417,-550.095947,-0.002406,-0.001915,-0.048651,1.318530,0.067169,-0.486514,-550.095947,-0.048400,0.000000
66.710007,0.320999,-550.140381,-0.002397,-0.001915,-0.048651,1.427876,0.072739,-0.486514,-550.140381,-0.048383,0.000000
66.720001,0.376099,-550.006958,-0.002380,-0.001915,-0.048651,1.672970,0.085225,-0.486514,-550.006958,-0.048365,0.000000
66.730003,0.360458,-550.140381,-0.002397,-0.001915,-0.048651,1.603399,0.081681,-0.486514,-550.140381,-0.048348,0.000000
66.740005,0.326950,-550.006958,-0.002376,-0.001915,-0.048651,1.454347,0.074088,-0.486514,-550.006958,-0.048330,0.000000
66.750000,0.337372,-550.095947,-0.002380,-0.001915,-0.048651,1.500705,0.076450,-0.486514,-550.095947,-0.048313,0.000000
66.760002,0.373871,-550.140381,-0.002363,-0.001915,-0.048651,1.663061,0.084720,-0.486514,-550.140381,-0.048304,0.000000
66.770004,0.396210,-550.006958,-0.002354,-0.001915,-0.048651,1.762429,0.089782,-0.486514,-550.006958,-0.048287,0.000000
66.780006,0.394348,-550.184875,-0.002328,-0.001915,-0.048651,1.754148,0.089361,-0.486514,-550.184875,-0.048270,0.000000
66.790001,0.373871,-550.051453,-0.002294,-0.001915,-0.048651,1.663061,0.084720,-0.486514,-550.051453,-0.048252,0.000000
66.800003,0.364929,-550.051453,-0.002302,-0.001915,-0.048651,1.623286,0.082694,-0.486514,-550.051453,-0.048235,0.000000
66.810005,0.380203,-550.140381,-0.002311,-0.001915,-0.048651,1.691229,0.086155,-0.486514,-550.140381,-0.048218,0.000000
66.820000,0.390625,-550.006958,-0.002354,-0.001915,-0.048651,1.737587,0.088517,-0.486514,-550.006958,-0.048200,0.000000
66.830002,0.380203,-550.140381,-0.002397,-0.001915,-0.048651,1.691229,0.086155,-0.486514,-550.140381,-0.048183,0.000000
66.840004,0.347061,-550.051453,-0.002376,-0.001915,-0.048651,1.543805,0.078645,-0.486514,-550.051453,-0.048166,0.000000
66.850006,0.338120,-550.140381,-0.002350,-0.001915,-0.048651,1.504031,0.076619,-0.486514,-550.140381,-0.048148,0.000000
66.860001,0.340729,-550.095947,-0.002289,-0.001915,-0.048651,1.515637,0.077210,-0.486514,-550.095947,-0.048131,0.000000
66.870003,0.341843,-549.962463,-0.002315,-0.001915,-0.048651,1.520592,0.077463,-0.486514,-549.962463,-0.048114,0.000000
66.880005,0.350037,-550.184875,-0.002389,-0.001915,-0.048651,1.557041,0.079319,-0.486514,-550.184875,-0.048096,0.000000
66.889999,0.353394,-550.095947,-0.002397,-0.001915,-0.048651,1.571973,0.080080,-0.486514,-550.095947,-0.048088,0.000000
66.900002,0.347061,-550.095947,-0.002367,-0.001915,-0.048651,1.543805,0.078645,-0.486514,-550.095947,-0.048070,0.000000
66.910004,0.356369,-550.140381,-0.002419,-0.001915,-0.048651,1.585209,0.080754,-0.486514,-550.140381,-0.048053,0.000000
66.920006,0.363068,-550.006958,-0.002384,-0.001915,-0.048651,1.615005,0.082272,-0.486514,-550.006958,-0.048036,0.000000
66.930000,0.372009,-550.184875,-0.002376,-0.001915,-0.048651,1.654780,0.084299,-0.486514,-550.184875,-0.048018,0.000000
66.940002,0.367172,-549.962463,-0.002397,-0.001915,-0.048651,1.633264,0.083202,-0.486514,-549.962463,-0.048001,0.000000
66.950005,0.370514,-550.140381,-0.002367,-0.001915,-0.048651,1.648128,0.083960,-0.486514,-550.140381,-0.047984,0.000000
66.960007,0.363815,-550.095947,-0.002384,-0.001915,-0.048651,1.618331,0.082442,-0.486514,-550.095947,-0.047966,0.000000
66.970001,0.357483,-550.006958,-0.002380,-0.001915,-0.048643,1.590163,0.081007,-0.486427,-550.006958,-0.047949,0.000000
66.980003,0.343704,-550.184875,-0.002345,-0.001915,-0.048643,1.528873,0.077884,-0.486427,-550.184875,-0.047932,0.000000
66.990005,0.340363,-550.095947,-0.002289,-0.001915,-0.048643,1.514008,0.077127,-0.486427,-550.095947,-0.047914,0.000000
67.000000,0.339615,-550.095947,-0.002289,-0.001915,-0.048643,1.510682,0.076958,-0.486427,-550.095947,-0.047897,0.000000
67.010002,0.334763,-550.184875,-0.002298,-0.001915,-0.048643,1.489098,0.075858,-0.486427,-550.184875,-0.047888,0.000000
67.020004,0.323593,-550.051453,-0.002350,-0.001915,-0.048643,1.439414,0.073327,-0.486427,-550.051453,-0.047871,0.000000
67.030006,0.326584,-550.184875,-0.002371,-0.001915,-0.048643,1.452718,0.074005,-0.486427,-550.184875,-0.047854,0.000000
67.040001,0.327698,-550.095947,-0.002376,-0.001915,-0.048643,1.457672,0.074257,-0.486427,-550.095947,-0.047836,0.000000
67.050003,0.343704,-550.051453,-0.002397,-0.001915,-0.048643,1.528873,0.077884,-0.486427,-550.051453,-0.047819,0.000000
67.060005,0.338867,-550.051453,-0.002397,-0.001915,-0.048643,1.507357,0.076788,-0.486427,-550.051453,-0.047801,0.000000
67.070000,0.341843,-550.051453,-0.002393,-0.001915,-0.048643,1.520592,0.077463,-0.486427,-550.051453,-0.047784,0.000000
67.080002,0.349289,-550.184875,-0.002358,-0.001915,-0.048643,1.553715,0.079150,-0.486427,-550.184875,-0.047767,0.000000
67.090004,0.346313,-550.095947,-0.002384,-0.001915,-0.048643,1.540479,0.078476,-0.486427,-550.095947,-0.047749,0.000000
67.100006,0.342590,-550.095947,-0.002380,-0.001915,-0.048643,1.523918,0.077632,-0.486427,-550.095947,-0.047732,0.000000
67.110001,0.342957,-550.095947,-0.002350,-0.001915,-0.048643,1.525547,0.077715,-0.486427,-550.095947,-0.047715,0.000000
67.120003,0.342957,-550.051453,-0.002307,-0.001915,-0.048643,1.525547,0.077715,-0.486427,-550.051453,-0.047697,0.000000
67.130005,0.341095,-550.140381,-0.002276,-0.001915,-0.048643,1.517266,0.077293,-0.486427,-550.140381,-0.047680,0.000000
67.139999,0.335510,-550.006958,-0.002324,-0.001915,-0.048643,1.492424,0.076028,-0.486427,-550.006958,-0.047671,0.000000
67.150002,0.330673,-550.184875,-0.002276,-0.001915,-0.048643,1.470908,0.074932,-0.486427,-550.184875,-0.047654,0.000000
67.160004,0.327316,-550.140381,-0.002276,-0.001915,-0.048643,1.455976,0.074171,-0.486427,-550.140381,-0.047637,0.000000
67.170006,0.331787,-549.962463,-0.002294,-0.001915,-0.048643,1.475863,0.075184,-0.486427,-549.962463,-0.047619,0.000000
67.180000,0.335892,-550.140381,-0.002354,-0.001915,-0.048643,1.494121,0.076114,-0.486427,-550.140381,-0.047602,0.000000
67.190002,0.338867,-550.140381,-0.002333,-0.001915,-0.048643,1.507357,0.076788,-0.486427,-550.140381,-0.047585,0.000000
67.200005,0.332901,-550.095947,-0.002376,-0.001915,-0.048643,1.480818,0.075436,-0.486427,-550.095947,-0.047567,0.000000
67.210007,0.328064,-550.140381,-0.002371,-0.001915,-0.048643,1.459301,0.074340,-0.486427,-550.140381,-0.047550,0.000000
67.220001,0.334396,-550.006958,-0.002384,-0.001915,-0.048643,1.487469,0.075775,-0.486427,-550.006958,-0.047533,0.000000
67.230003,0.331787,-550.140381,-0.002402,-0.001915,-0.048643,1.475863,0.075184,-0.486427,-550.140381,-0.047515,0.000000
67.240005,0.330307,-550.051453,-0.002402,-0.001915,-0.048643,1.469279,0.074849,-0.486427,-550.051453,-0.047498,0.000000
67.250000,0.334396,-550.095947,-0.002393,-0.001915,-0.048643,1.487469,0.075775,-0.486427,-550.095947,-0.047481,0.000000
67.260002,0.328445,-550.095947,-0.002406,-0.001915,-0.048643,1.460998,0.074427,-0.486427,-550.095947,-0.047463,0.000000
67.270004,0.336258,-550.051453,-0.002389,-0.001915,-0.048643,1.495750,0.076197,-0.486427,-550.051453,-0.047455,0.000000
67.280006,0.328812,-550.229370,-0.002380,-0.001915,-0.048643,1.462627,0.074510,-0.486427,-550.229370,-0.047437,0.000000
67.290001,0.329926,-550.140381,-0.002384,-0.001915,-0.048643,1.467582,0.074762,-0.486427,-550.140381,-0.047420,0.000000
67.300003,0.322861,-550.140381,-0.002402,-0.001915,-0.048643,1.436156,0.073161,-0.486427,-550.140381,-0.047403,0.000000
67.310005,0.310196,-550.095947,-0.002423,-0.001914,-0.048625,1.379820,0.070291,-0.486253,-550.095947,-0.047385,0.000000
67.320000,0.303116,-550.006958,-0.002354,-0.001912,-0.048573,1.348327,0.068687,-0.485733,-550.006958,-0.047368,0.000000
67.330002,0.310944,-550.184875,-0.002345,-0.001909,-0.048487,1.383146,0.070461,-0.484866,-550.184875,-0.047351,0.000000
67.340004,0.356369,-550.051453,-0.002380,-0.001906,-0.048417,1.585209,0.080754,-0.484172,-550.051453,-0.047333,0.000000
67.350006,0.420410,-550.095947,-0.002371,-0.001906,-0.048400,1.870078,0.095266,-0.483999,-550.095947,-0.047316,0.000000
67.360001,0.456543,-550.140381,-0.002393,-0.001906,-0.048400,2.030805,0.103454,-0.483999,-550.140381,-0.047298,0.000000
67.370003,0.472549,-550.051453,-0.002410,-0.001906,-0.048400,2.102005,0.107081,-0.483999,-550.051453,-0.047281,0.000000
67.380005,0.484085,-550.140381,-0.002402,-0.001906,-0.048400,2.153318,0.109695,-0.483999,-550.140381,-0.047264,0.000000
67.389999,0.502716,-550.051453,-0.002354,-0.001906,-0.048400,2.236193,0.113917,-0.483999,-550.051453,-0.047246,0.000000
67.400002,0.507919,-550.140381,-0.002337,-0.001906,-0.048400,2.259338,0.115096,-0.483999,-550.140381,-0.047238,0.000000
67.410004,0.501968,-550.140381,-0.002281,-0.001906,-0.048400,2.232867,0.113748,-0.483999,-550.140381,-0.047220,0.000000
67.420006,0.511642,-550.051453,-0.002268,-0.001905,-0.048391,2.275899,0.115940,-0.483912,-550.051453,-0.047203,0.000000
67.430000,0.503448,-550.140381,-0.002281,-0.001904,-0.048357,2.239451,0.114083,-0.483565,-550.140381,-0.047186,0.000000
67.440002,0.509033,-550.095947,-0.002298,-0.001903,-0.048330,2.264293,0.115349,-0.483305,-550.095947,-0.047168,0.000000
67.450005,0.536224,-550.140381,-0.002328,-0.001902,-0.048304,2.385245,0.121510,-0.483045,-550.140381,-0.047151,0.000000
67.460007,0.552979,-550.095947,-0.002371,-0.001900,-0.048270,2.459771,0.125307,-0.482698,-550.095947,-0.047134,0.000000
67.470001,0.598038,-550.006958,-0.002397,-0.001899,-0.048235,2.660205,0.135517,-0.482351,-550.006958,-0.047116,0.000000
67.480003,0.624481,-550.184875,-0.002367,-0.001899,-0.048226,2.777831,0.141509,-0.482264,-550.184875,-0.047099,0.000000
67.490005,0.665070,-550.095947,-0.002423,-0.001898,-0.048218,2.958377,0.150707,-0.482177,-550.095947,-0.047082,0.000000
67.500000,0.666183,-550.140381,-0.002363,-0.001898,-0.048200,2.963332,0.150959,-0.482004,-550.140381,-0.047064,0.000000
67.510002,0.679962,-550.184875,-0.002324,-0.001897,-0.048183,3.024623,0.154082,-0.481831,-550.184875,-0.047047,0.000000
67.520004,0.700439,-550.051453,-0.002307,-0.001896,-0.048148,3.115710,0.158722,-0.481484,-550.051453,-0.047030,0.000000
67.530006,0.722031,-550.229370,-0.002328,-0.001895,-0.048131,3.211753,0.163614,-0.481310,-550.229370,-0.047021,0.000000
67.540001,0.743256,-550.095947,-0.002307,-0.001895,-0.048131,3.306166,0.168424,-0.481310,-550.095947,-0.047004,0.000000
67.550003,0.765610,-550.095947,-0.002298,-0.001895,-0.048131,3.405602,0.173490,-0.481310,-550.095947,-0.046986,0.000000
67.560005,0.771194,-550.184875,-0.002281,-0.001895,-0.048122,3.430444,0.174755,-0.481224,-550.184875,-0.046969,0.000000
67.570000,0.789062,-550.006958,-0.002307,-0.001894,-0.048114,3.509925,0.178804,-0.481137,-550.006958,-0.046952,0.000000
67.580002,0.788696,-550.184875,-0.002264,-0.001894,-0.048105,3.508296,0.178721,-0.481050,-550.184875,-0.046934,0.000000
67.590004,0.793533,-550.095947,-0.002307,-0.001894,-0.048105,3.529813,0.179817,-0.481050,-550.095947,-0.046917,0.000000
67.600006,0.791306,-550.095947,-0.002268,-0.001894,-0.048105,3.519903,0.179312,-0.481050,-550.095947,-0.046900,0.000000
67.610001,0.783844,-550.095947,-0.002298,-0.001894,-0.048105,3.486712,0.177622,-0.481050,-550.095947,-0.046882,0.000000
67.620003,0.790558,-550.095947,-0.002264,-0.001893,-0.048088,3.516577,0.179143,-0.480877,-550.095947,-0.046865,0.000000
67.630005,0.807312,-550.229370,-0.002289,-0.001893,-0.048088,3.591103,0.182940,-0.480877,-550.229370,-0.046848,0.000000
67.640007,0.822205,-550.051453,-0.002302,-0.001893,-0.048079,3.657349,0.186314,-0.480790,-550.051453,-0.046830,0.000000
67.650002,0.819229,-550.184875,-0.002350,-0.001892,-0.048062,3.644113,0.185640,-0.480616,-550.184875,-0.046813,0.000000
67.660004,0.812897,-550.184875,-0.002393,-0.001892,-0.048044,3.615945,0.184205,-0.480443,-550.184875,-0.046804,0.000000
67.670006,0.822205,-550.095947,-0.002406,-0.001890,-0.048001,3.657349,0.186314,-0.480009,-550.095947,-0.046787,0.000000
67.680000,0.855713,-550.184875,-0.002371,-0.001888,-0.047958,3.806401,0.193907,-0.479576,-550.184875,-0.046769,0.000000
67.690002,0.909714,-550.006958,-0.002324,-0.001886,-0.047906,4.046609,0.206144,-0.479055,-550.006958,-0.046752,0.000000
67.700005,0.970413,-550.140381,-0.002268,-0.001884,-0.047862,4.316614,0.219899,-0.478622,-550.140381,-0.046735,0.000000
67.710007,1.030365,-550.095947,-0.002285,-0.001883,-0.047819,4.583292,0.233484,-0.478188,-550.095947,-0.046717,0.000000
67.720001,1.088821,-550.095947,-0.002268,-0.001881,-0.047784,4.843319,0.246730,-0.477841,-550.095947,-0.046700,0.000000
67.730003,1.133133,-550.140381,-0.002324,-0.001880,-0.047758,5.040427,0.256772,-0.477581,-550.140381,-0.046683,0.000000
67.740005,1.165527,-550.095947,-0.002337,-0.001879,-0.047715,5.184525,0.264112,-0.477148,-550.095947,-0.046665,0.000000
67.750000,1.200912,-550.184875,-0.002354,-0.001878,-0.047706,5.341926,0.272131,-0.477061,-550.184875,-0.046648,0.000000
67.760002,1.234055,-550.184875,-0.002358,-0.001878,-0.047697,5.489349,0.279641,-0.476974,-550.184875,-0.046631,0.000000
67.770004,1.263840,-550.051453,-0.002380,-0.001878,-0.047689,5.621840,0.286390,-0.476887,-550.051453,-0.046613,0.000000
67.780006,1.264954,-550.184875,-0.002363,-0.001878,-0.047689,5.626795,0.286643,-0.476887,-550.184875,-0.046605,0.000000
67.790001,1.278366,-550.051453,-0.002367,-0.001878,-0.047689,5.686456,0.289682,-0.476887,-550.051453,-0.046587,0.000000
67.800003,1.283569,-550.140381,-0.002328,-0.001878,-0.047689,5.709601,0.290861,-0.476887,-550.140381,-0.046570,0.000000
67.810005,1.292145,-550.140381,-0.002285,-0.001878,-0.047689,5.747747,0.292804,-0.476887,-550.140381,-0.046553,0.000000
67.820000,1.294006,-550.051453,-0.002259,-0.001878,-0.047689,5.756028,0.293226,-0.476887,-550.051453,-0.046535,0.000000
67.830002,1.279480,-550.229370,-0.002268,-0.001878,-0.047689,5.691411,0.289934,-0.476887,-550.229370,-0.046518,0.000000
67.840004,1.272781,-550.095947,-0.002285,-0.001878,-0.047689,5.661614,0.288416,-0.476887,-550.095947,-0.046501,0.000000
67.850006,1.276871,-550.095947,-0.002276,-0.001878,-0.047689,5.679805,0.289343,-0.476887,-550.095947,-0.046483,0.000000
67.860001,1.266449,-550.095947,-0.002272,-0.001878,-0.047689,5.633446,0.286981,-0.476887,-550.095947,-0.046466,0.000000
67.870003,1.270538,-550.095947,-0.002246,-0.001878,-0.047689,5.651637,0.287908,-0.476887,-550.095947,-0.046449,0.000000
67.880005,1.259750,-550.140381,-0.002268,-0.001878,-0.047689,5.603650,0.285464,-0.476887,-550.140381,-0.046431,0.000000
67.890007,1.244110,-550.095947,-0.002289,-0.001878,-0.047689,5.534078,0.281919,-0.476887,-550.095947,-0.046414,0.000000
67.900002,1.246338,-550.140381,-0.002246,-0.001877,-0.047680,5.543988,0.282424,-0.476801,-550.140381,-0.046397,0.000000
67.910004,1.239258,-550.140381,-0.002246,-0.001875,-0.047619,5.512494,0.280820,-0.476194,-550.140381,-0.046388,0.000000
67.920006,1.267929,-550.095947,-0.002255,-0.001871,-0.047533,5.640030,0.287317,-0.475326,-550.095947,-0.046371,0.000000
67.930000,1.345383,-550.184875,-0.002268,-0.001868,-0.047446,5.984561,0.304868,-0.474459,-550.184875,-0.046353,0.000000
67.940002,1.466415,-550.006958,-0.002259,-0.001866,-0.047385,6.522942,0.332294,-0.473852,-550.006958,-0.046336,0.000000
67.950005,1.571793,-550.095947,-0.002289,-0.001865,-0.047377,6.991683,0.356173,-0.473765,-550.095947,-0.046319,0.000000
67.960007,1.629135,-550.140381,-0.002264,-0.001865,-0.047377,7.246755,0.369167,-0.473765,-550.140381,-0.046301,0.000000
67.970001,1.646271,-550.051453,-0.002251,-0.001865,-0.047377,7.322978,0.373050,-0.473765,-550.051453,-0.046284,0.000000
67.980003,1.652603,-550.140381,-0.002264,-0.001865,-0.047377,7.351146,0.374485,-0.473765,-550.140381,-0.046266,0.000000
67.990005,1.659302,-550.051453,-0.002311,-0.001865,-0.047377,7.380943,0.376003,-0.473765,-550.051453,-0.046249,0.000000
68.000000,1.660049,-550.140381,-0.002307,-0.001865,-0.047377,7.384269,0.376173,-0.473765,-550.140381,-0.046232,0.000000
68.010002,1.659302,-550.140381,-0.002354,-0.001865,-0.047377,7.380943,0.376003,-0.473765,-550.140381,-0.046214,0.000000
68.020004,1.655945,-550.095947,-0.002354,-0.001865,-0.047377,7.366011,0.375242,-0.473765,-550.095947,-0.046197,0.000000
68.030006,1.648499,-550.229370,-0.002376,-0.001865,-0.047377,7.332888,0.373555,-0.473765,-550.229370,-0.046180,0.000000
68.040001,1.649994,-550.140381,-0.002350,-0.001865,-0.047377,7.339540,0.373894,-0.473765,-550.140381,-0.046171,0.000000
68.050003,1.638077,-550.095947,-0.002345,-0.001865,-0.047377,7.286530,0.371193,-0.473765,-550.095947,-0.046154,0.000000
68.060005,1.636581,-550.184875,-0.002307,-0.001865,-0.047377,7.279878,0.370855,-0.473765,-550.184875,-0.046136,0.000000
68.070000,1.635101,-550.051453,-0.002268,-0.001865,-0.047377,7.273294,0.370519,-0.473765,-550.051453,-0.046119,0.000000
68.080002,1.624298,-550.140381,-0.002242,-0.001865,-0.047377,7.225239,0.368071,-0.473765,-550.140381,-0.046102,0.000000
68.090004,1.619080,-550.095947,-0.002255,-0.001865,-0.047368,7.202026,0.366889,-0.473679,-550.095947,-0.046084,0.000000
68.100006,1.621689,-550.184875,-0.002246,-0.001865,-0.047368,7.213632,0.367480,-0.473679,-550.184875,-0.046067,0.000000
68.110001,1.617599,-550.140381,-0.002255,-0.001865,-0.047368,7.195442,0.366553,-0.473679,-550.140381,-0.046050,0.000000
68.120003,1.610886,-550.095947,-0.002251,-0.001864,-0.047342,7.165577,0.365032,-0.473419,-550.095947,-0.046032,0.000000
68.130005,1.597107,-550.273865,-0.002324,-0.001859,-0.047229,7.104287,0.361910,-0.472291,-550.273865,-0.046015,0.000000
68.140007,1.668243,-550.051453,-0.002371,-0.001854,-0.047099,7.420717,0.378029,-0.470990,-550.051453,-0.045998,0.000000
68.150002,1.851074,-550.095947,-0.002354,-0.001852,-0.047038,8.233990,0.419459,-0.470383,-550.095947,-0.045980,0.000000
68.160004,2.001877,-550.140381,-0.002268,-0.001852,-0.047030,8.904793,0.453632,-0.470297,-550.140381,-0.045963,0.000000
68.170006,2.070404,-550.140381,-0.002233,-0.001852,-0.047030,9.209618,0.469160,-0.470297,-550.140381,-0.045954,0.000000
68.180000,2.091629,-550.229370,-0.002238,-0.001852,-0.047030,9.304030,0.473970,-0.470297,-550.229370,-0.045937,0.000000
68.190002,2.105026,-550.051453,-0.002225,-0.001852,-0.047030,9.363625,0.477006,-0.470297,-550.051453,-0.045920,0.000000
68.200005,2.113220,-550.140381,-0.002212,-0.001852,-0.047030,9.400073,0.478863,-0.470297,-550.140381,-0.045902,0.000000
68.210007,2.118439,-550.184875,-0.002255,-0.001852,-0.047030,9.423286,0.480045,-0.470297,-550.184875,-0.045885,0.000000
68.220001,2.118805,-550.095947,-0.002255,-0.001852,-0.047030,9.424915,0.480128,-0.470297,-550.095947,-0.045868,0.000000
68.230003,2.117310,-550.184875,-0.002268,-0.001852,-0.047030,9.418263,0.479789,-0.470297,-550.184875,-0.045850,0.000000
68.240005,2.110992,-550.140381,-0.002311,-0.001852,-0.047030,9.390163,0.478358,-0.470297,-550.140381,-0.045833,0.000000
68.250000,2.109497,-550.184875,-0.002345,-0.001851,-0.047021,9.383512,0.478019,-0.470210,-550.184875,-0.045816,0.000000
68.260002,2.108383,-550.229370,-0.002341,-0.001851,-0.047021,9.378557,0.477766,-0.470210,-550.229370,-0.045798,0.000000
68.270004,2.112106,-550.051453,-0.002307,-0.001851,-0.047021,9.395118,0.478610,-0.470210,-550.051453,-0.045781,0.000000
68.280006,2.112473,-550.184875,-0.002307,-0.001851,-0.047021,9.396748,0.478693,-0.470210,-550.184875,-0.045764,0.000000
68.290001,2.104660,-550.140381,-0.002302,-0.001851,-0.047021,9.361996,0.476923,-0.470210,-550.140381,-0.045746,0.000000
68.300003,2.105026,-550.140381,-0.002259,-0.001851,-0.047021,9.363625,0.477006,-0.470210,-550.140381,-0.045737,0.000000
68.310005,2.098694,-550.140381,-0.002246,-0.001851,-0.047021,9.335457,0.475571,-0.470210,-550.140381,-0.045720,0.000000
68.320000,2.093109,-550.051453,-0.002272,-0.001851,-0.047012,9.310615,0.474305,-0.470123,-550.051453,-0.045703,0.000000
68.330002,2.089767,-550.140381,-0.002298,-0.001850,-0.046995,9.295750,0.473548,-0.469950,-550.140381,-0.045685,0.000000
68.340004,2.115448,-550.051453,-0.002281,-0.001850,-0.046995,9.409983,0.479367,-0.469950,-550.051453,-0.045668,0.000000
68.350006,2.115448,-550.140381,-0.002315,-0.001850,-0.046995,9.409983,0.479367,-0.469950,-550.140381,-0.045651,0.000000
68.360001,2.110245,-550.229370,-0.002367,-0.001849,-0.046960,9.386837,0.478188,-0.469603,-550.229370,-0.045633,0.000000
68.370003,2.117310,-550.051453,-0.002350,-0.001846,-0.046891,9.418263,0.479789,-0.468909,-550.051453,-0.045616,0.000000
68.380005,2.168335,-550.229370,-0.002281,-0.001842,-0.046787,9.645236,0.491352,-0.467868,-550.229370,-0.045599,0.000000
68.390007,2.313553,-550.051453,-0.002229,-0.001840,-0.046726,10.291197,0.524259,-0.467261,-550.051453,-0.045581,0.000000
68.400002,2.466599,-550.140381,-0.002246,-0.001839,-0.046717,10.971978,0.558939,-0.467175,-550.140381,-0.045564,0.000000
68.410004,2.535126,-550.140381,-0.002259,-0.001839,-0.046700,11.276802,0.574468,-0.467001,-550.140381,-0.045547,0.000000
68.420006,2.575333,-550.051453,-0.002281,-0.001839,-0.046700,11.455651,0.583579,-0.467001,-550.051453,-0.045538,0.000000
68.430000,2.593582,-550.229370,-0.002315,-0.001839,-0.046700,11.536830,0.587714,-0.467001,-550.229370,-0.045521,0.000000
68.440002,2.600281,-550.095947,-0.002354,-0.001838,-0.046691,11.566627,0.589232,-0.466914,-550.095947,-0.045503,0.000000
68.450005,2.612946,-550.184875,-0.002350,-0.001838,-0.046691,11.622962,0.592102,-0.466914,-550.184875,-0.045486,0.000000
68.460007,2.615555,-550.184875,-0.002376,-0.001838,-0.046691,11.634569,0.592693,-0.466914,-550.184875,-0.045469,0.000000
68.470001,2.618164,-550.051453,-0.002285,-0.001838,-0.046691,11.646175,0.593284,-0.466914,-550.051453,-0.045451,0.000000
68.480003,2.608856,-550.184875,-0.002216,-0.001838,-0.046691,11.604772,0.591175,-0.466914,-550.184875,-0.045434,0.000000
68.490005,2.612579,-550.095947,-0.002268,-0.001838,-0.046691,11.621333,0.592019,-0.466914,-550.095947,-0.045417,0.000000
68.500000,2.621887,-550.140381,-0.002333,-0.001838,-0.046691,11.662737,0.594128,-0.466914,-550.140381,-0.045399,0.000000
68.510002,2.624481,-550.184875,-0.002324,-0.001838,-0.046683,11.674275,0.594716,-0.466828,-550.184875,-0.045382,0.000000
68.520004,2.623001,-550.140381,-0.002363,-0.001838,-0.046683,11.667691,0.594380,-0.466828,-550.140381,-0.045365,0.000000
68.530006,2.615173,-550.273865,-0.002337,-0.001838,-0.046683,11.632872,0.592607,-0.466828,-550.273865,-0.045347,0.000000
68.540001,2.618896,-550.051453,-0.002328,-0.001838,-0.046683,11.649433,0.593450,-0.466828,-550.051453,-0.045330,0.000000
68.550003,2.623367,-550.140381,-0.002315,-0.001838,-0.046683,11.669321,0.594464,-0.466828,-550.140381,-0.045321,0.000000
68.560005,2.627090,-550.095947,-0.002268,-0.001838,-0.046683,11.685882,0.595307,-0.466828,-550.095947,-0.045304,0.000000
68.570000,2.627472,-550.095947,-0.002229,-0.001838,-0.046683,11.687579,0.595394,-0.466828,-550.095947,-0.045287,0.000000
68.580002,2.625977,-550.229370,-0.002199,-0.001838,-0.046683,11.680927,0.595055,-0.466828,-550.229370,-0.045269,0.000000
68.590004,2.624481,-550.051453,-0.002229,-0.001838,-0.046683,11.674275,0.594716,-0.466828,-550.051453,-0.045252,0.000000
68.600006,2.624863,-550.140381,-0.002229,-0.001838,-0.046683,11.675972,0.594802,-0.466828,-550.140381,-0.045234,0.000000
68.610001,2.628586,-550.184875,-0.002281,-0.001838,-0.046683,11.692533,0.595646,-0.466828,-550.184875,-0.045217,0.000000
68.620003,2.625977,-550.095947,-0.002337,-0.001837,-0.046648,11.680927,0.595055,-0.466481,-550.095947,-0.045200,0.000000
68.630005,2.623367,-550.229370,-0.002345,-0.001831,-0.046509,11.669321,0.594464,-0.465093,-550.229370,-0.045182,0.000000
68.640007,2.732483,-550.140381,-0.002337,-0.001826,-0.046379,12.154691,0.619190,-0.463792,-550.140381,-0.045165,0.000000
68.650002,2.964096,-550.140381,-0.002324,-0.001822,-0.046284,13.184958,0.671674,-0.462838,-550.140381,-0.045148,0.000000
68.660004,3.170761,-550.140381,-0.002276,-0.001822,-0.046266,14.104250,0.718505,-0.462665,-550.140381,-0.045130,0.000000
68.670006,3.315613,-550.051453,-0.002289,-0.001822,-0.046266,14.748582,0.751329,-0.462665,-550.051453,-0.045113,0.000000
68.680000,3.350235,-550.229370,-0.002246,-0.001822,-0.046266,14.902590,0.759174,-0.462665,-550.229370,-0.045104,0.000000
68.690002,3.372955,-550.095947,-0.002203,-0.001822,-0.046266,15.003654,0.764323,-0.462665,-550.095947,-0.045087,0.000000
68.700005,3.378174,-550.140381,-0.002186,-0.001822,-0.046266,15.026868,0.765505,-0.462665,-550.140381,-0.045070,0.000000
68.710007,3.383011,-550.184875,-0.002220,-0.001822,-0.046266,15.048384,0.766601,-0.462665,-550.184875,-0.045052,0.000000
68.720001,3.392700,-550.140381,-0.002238,-0.001822,-0.046266,15.091484,0.768797,-0.462665,-550.140381,-0.045035,0.000000
68.730003,3.387100,-550.184875,-0.002276,-0.001822,-0.046266,15.066574,0.767528,-0.462665,-550.184875,-0.045018,0.000000
68.740005,3.387100,-550.051453,-0.002255,-0.001822,-0.046266,15.066574,0.767528,-0.462665,-550.051453,-0.045000,0.000000
68.750000,3.385986,-550.095947,-0.002264,-0.001822,-0.046266,15.061620,0.767275,-0.462665,-550.095947,-0.044983,0.000000
68.760002,3.389343,-550.140381,-0.002268,-0.001822,-0.046266,15.076551,0.768036,-0.462665,-550.140381,-0.044966,0.000000
68.770004,3.396423,-550.095947,-0.002259,-0.001822,-0.046266,15.108046,0.769641,-0.462665,-550.095947,-0.044948,0.000000
68.780006,3.398651,-550.184875,-0.002229,-0.001822,-0.046266,15.117955,0.770145,-0.462665,-550.184875,-0.044931,0.000000
68.790001,3.385620,-550.051453,-0.002186,-0.001822,-0.046266,15.059991,0.767192,-0.462665,-550.051453,-0.044914,0.000000
68.800003,3.392700,-550.184875,-0.002238,-0.001822,-0.046266,15.091484,0.768797,-0.462665,-550.184875,-0.044896,0.000000
68.810005,3.399399,-550.140381,-0.002315,-0.001822,-0.046266,15.121281,0.770315,-0.462665,-550.140381,-0.044888,0.000000
68.820000,3.393814,-550.095947,-0.002302,-0.001822,-0.046266,15.096439,0.769049,-0.462665,-550.095947,-0.044870,0.000000
68.830002,3.404984,-550.229370,-0.002272,-0.001822,-0.046266,15.146123,0.771580,-0.462665,-550.229370,-0.044853,0.000000
68.840004,3.410568,-550.095947,-0.002285,-0.001822,-0.046266,15.170965,0.772846,-0.462665,-550.095947,-0.044836,0.000000
68.850006,3.402740,-550.229370,-0.002220,-0.001822,-0.046266,15.136146,0.771072,-0.462665,-550.229370,-0.044818,0.000000
68.860001,3.395294,-550.229370,-0.002220,-0.001822,-0.046266,15.103023,0.769385,-0.462665,-550.229370,-0.044801,0.000000
68.870003,3.400146,-550.095947,-0.002225,-0.001821,-0.046258,15.124607,0.770484,-0.462578,-550.095947,-0.044784,0.000000
68.880005,3.403122,-550.229370,-0.002225,-0.001819,-0.046214,15.137842,0.771158,-0.462145,-550.229370,-0.044766,0.000000
68.890007,3.402008,-550.140381,-0.002225,-0.001815,-0.046093,15.132888,0.770906,-0.460930,-550.140381,-0.044749,0.000000
68.900002,3.514465,-550.229370,-0.002246,-0.001810,-0.045980,15.633122,0.796389,-0.459803,-550.229370,-0.044732,0.000000
68.910004,3.713303,-550.229370,-0.002238,-0.001806,-0.045868,16.517595,0.841446,-0.458676,-550.229370,-0.044714,0.000000
68.920006,3.955353,-550.095947,-0.002307,-0.001801,-0.045746,17.594288,0.896296,-0.457462,-550.095947,-0.044697,0.000000
68.930000,4.194778,-550.184875,-0.002298,-0.001798,-0.045677,18.659306,0.950550,-0.456768,-550.184875,-0.044679,0.000000
68.940002,4.407028,-550.051453,-0.002302,-0.001798,-0.045659,19.603441,0.998647,-0.456594,-550.051453,-0.044671,0.000000
68.950005,4.519485,-550.140381,-0.002285,-0.001798,-0.045659,20.103676,1.024130,-0.456594,-550.140381,-0.044653,0.000000
68.960007,4.558960,-550.140381,-0.002203,-0.001798,-0.045659,20.279266,1.033075,-0.456594,-550.140381,-0.044636,0.000000
68.970001,4.583160,-550.140381,-0.002203,-0.001798,-0.045659,20.386915,1.038559,-0.456594,-550.140381,-0.044619,0.000000
68.980003,4.588379,-550.273865,-0.002199,-0.001798,-0.045659,20.410130,1.039742,-0.456594,-550.273865,-0.044601,0.000000
68.990005,4.596207,-550.140381,-0.002195,-0.001798,-0.045659,20.444948,1.041515,-0.456594,-550.140381,-0.044584,0.000000
69.000000,4.612961,-550.184875,-0.002199,-0.001798,-0.045659,20.519474,1.045312,-0.456594,-550.184875,-0.044567,0.000000
69.010002,4.629349,-550.140381,-0.002220,-0.001797,-0.045651,20.592371,1.049025,-0.456508,-550.140381,-0.044549,0.000000
69.020004,4.634552,-550.095947,-0.002207,-0.001796,-0.045616,20.615517,1.050205,-0.456161,-550.095947,-0.044532,0.000000
69.030006,4.657639,-550.229370,-0.002225,-0.001793,-0.045547,20.718210,1.055436,-0.455467,-550.229370,-0.044515,0.000000
69.040001,4.744034,-550.140381,-0.002281,-0.001791,-0.045503,21.102516,1.075014,-0.455033,-550.140381,-0.044497,0.000000
69.050003,4.833771,-550.140381,-0.002281,-0.001791,-0.045495,21.501686,1.095348,-0.454947,-550.140381,-0.044480,0.000000
69.060005,4.887390,-550.229370,-0.002294,-0.001791,-0.045495,21.740196,1.107498,-0.454947,-550.229370,-0.044463,0.000000
69.070000,4.909744,-550.140381,-0.002268,-0.001791,-0.045495,21.839634,1.112564,-0.454947,-550.140381,-0.044454,0.000000
69.080002,4.927612,-550.229370,-0.002238,-0.001791,-0.045495,21.919115,1.116613,-0.454947,-550.229370,-0.044437,0.000000
69.090004,4.943619,-550.051453,-0.002238,-0.001791,-0.045495,21.990314,1.120240,-0.454947,-550.051453,-0.044419,0.000000
69.100006,4.960007,-550.095947,-0.002259,-0.001791,-0.045486,22.063211,1.123954,-0.454860,-550.095947,-0.044402,0.000000
69.110001,4.969696,-550.184875,-0.002289,-0.001791,-0.045486,22.106312,1.126149,-0.454860,-550.184875,-0.044385,0.000000
69.120003,4.989426,-550.095947,-0.002281,-0.001790,-0.045477,22.194075,1.130620,-0.454773,-550.095947,-0.044367,0.000000
69.130005,4.987564,-550.229370,-0.002289,-0.001790,-0.045469,22.185793,1.130198,-0.454686,-550.229370,-0.044350,0.000000
69.140007,4.984207,-550.095947,-0.002285,-0.001789,-0.045443,22.170860,1.129437,-0.454426,-550.095947,-0.044333,0.000000
69.150002,5.012512,-550.184875,-0.002281,-0.001788,-0.045408,22.296768,1.135852,-0.454079,-550.184875,-0.044315,0.000000
69.160004,5.063156,-550.184875,-0.002225,-0.001787,-0.045382,22.522043,1.147328,-0.453819,-550.184875,-0.044298,0.000000
69.170006,5.112686,-550.095947,-0.002225,-0.001786,-0.045365,22.742363,1.158551,-0.453646,-550.095947,-0.044281,0.000000
69.180000,5.162949,-550.229370,-0.002190,-0.001785,-0.045347,22.965942,1.169941,-0.453472,-550.229370,-0.044263,0.000000
69.190002,5.213974,-550.095947,-0.002268,-0.001785,-0.045339,23.192915,1.181503,-0.453386,-550.095947,-0.044255,0.000000
69.200005,5.238541,-550.140381,-0.002294,-0.001785,-0.045330,23.302193,1.187070,-0.453299,-550.140381,-0.044237,0.000000
69.210007,5.258286,-550.273865,-0.002289,-0.001784,-0.045304,23.390022,1.191545,-0.453039,-550.273865,-0.044220,0.000000
69.220001,5.302597,-550.051453,-0.002281,-0.001783,-0.045287,23.587130,1.201586,-0.452865,-550.051453,-0.044202,0.000000
69.230003,5.339462,-550.229370,-0.002302,-0.001783,-0.045278,23.751114,1.209939,-0.452779,-550.229370,-0.044185,0.000000
69.240005,5.384506,-550.140381,-0.002307,-0.001783,-0.045278,23.951481,1.220147,-0.452779,-550.140381,-0.044168,0.000000
69.250000,5.415787,-550.273865,-0.002285,-0.001782,-0.045261,24.090622,1.227235,-0.452605,-550.273865,-0.044150,0.000000
69.260002,5.425842,-550.184875,-0.002255,-0.001782,-0.045252,24.135351,1.229513,-0.452518,-550.184875,-0.044133,0.000000
69.270004,5.449677,-550.140381,-0.002203,-0.001781,-0.045243,24.241371,1.234914,-0.452432,-550.140381,-0.044116,0.000000
69.280006,5.484314,-550.229370,-0.002216,-0.001781,-0.045226,24.395447,1.242763,-0.452258,-550.229370,-0.044098,0.000000
69.290001,5.505157,-550.095947,-0.002190,-0.001780,-0.045208,24.488163,1.247486,-0.452085,-550.095947,-0.044081,0.000000
69.300003,5.543518,-550.184875,-0.002238,-0.001779,-0.045191,24.658800,1.256179,-0.451911,-550.184875,-0.044064,0.000000
69.310005,5.573685,-550.229370,-0.002315,-0.001778,-0.045174,24.792988,1.263015,-0.451738,-550.229370,-0.044046,0.000000
69.320000,5.619110,-550.140381,-0.002276,-0.001777,-0.045148,24.995050,1.273309,-0.451478,-550.140381,-0.044038,0.000000
69.330002,5.661926,-550.273865,-0.002307,-0.001777,-0.045130,25.185507,1.283011,-0.451304,-550.273865,-0.044020,0.000000
69.340004,5.708099,-550.095947,-0.002242,-0.001776,-0.045113,25.390894,1.293474,-0.451131,-550.095947,-0.044003,0.000000
69.350006,5.747955,-550.184875,-0.002177,-0.001775,-0.045096,25.568182,1.302505,-0.450957,-550.184875,-0.043986,0.000000
69.360001,5.796356,-550.273865,-0.002182,-0.001775,-0.045078,25.783480,1.313473,-0.450784,-550.273865,-0.043968,0.000000
69.370003,5.837692,-550.095947,-0.002216,-0.001774,-0.045070,25.967352,1.322840,-0.450697,-550.095947,-0.043951,0.000000
69.380005,5.892059,-550.273865,-0.002251,-0.001774,-0.045070,26.209188,1.335160,-0.450697,-550.273865,-0.043934,0.000000
69.390007,5.910675,-550.140381,-0.002320,-0.001774,-0.045061,26.291996,1.339378,-0.450610,-550.140381,-0.043916,0.000000
69.400002,5.929672,-550.184875,-0.002285,-0.001773,-0.045044,26.376499,1.343683,-0.450437,-550.184875,-0.043899,0.000000
69.410004,5.960205,-550.229370,-0.002298,-0.001773,-0.045044,26.512316,1.350602,-0.450437,-550.229370,-0.043882,0.000000
69.420006,6.000412,-550.140381,-0.002285,-0.001773,-0.045044,26.691166,1.359713,-0.450437,-550.140381,-0.043864,0.000000
69.430000,6.006744,-550.273865,-0.002281,-0.001773,-0.045044,26.719334,1.361148,-0.450437,-550.273865,-0.043847,0.000000
69.440002,6.016434,-550.140381,-0.002264,-0.001773,-0.045044,26.762434,1.363343,-0.450437,-550.140381,-0.043830,0.000000
69.450005,6.022766,-550.229370,-0.002225,-0.001773,-0.045044,26.790602,1.364778,-0.450437,-550.229370,-0.043821,0.000000
69.460007,6.023880,-550.229370,-0.002238,-0.001773,-0.045044,26.795557,1.365031,-0.450437,-550.229370,-0.043804,0.000000
69.470001,6.027222,-550.140381,-0.002225,-0.001773,-0.045044,26.810421,1.365788,-0.450437,-550.140381,-0.043786,0.000000
69.480003,6.027603,-550.184875,-0.002199,-0.001773,-0.045044,26.812119,1.365874,-0.450437,-550.184875,-0.043769,0.000000
69.490005,6.026855,-550.140381,-0.002156,-0.001773,-0.045044,26.808792,1.365705,-0.450437,-550.140381,-0.043752,0.000000
69.500000,6.023132,-550.184875,-0.002186,-0.001773,-0.045044,26.792231,1.364861,-0.450437,-550.184875,-0.043734,0.000000
69.510002,6.034668,-550.140381,-0.002216,-0.001773,-0.045044,26.843544,1.367475,-0.450437,-550.140381,-0.043717,0.000000
69.520004,6.038025,-550.140381,-0.002203,-0.001773,-0.045044,26.858477,1.368236,-0.450437,-550.140381,-0.043700,0.000000
69.530006,6.046967,-550.229370,-0.002272,-0.001773,-0.045044,26.898251,1.370262,-0.450437,-550.229370,-0.043682,0.000000
69.540001,6.047714,-550.184875,-0.002311,-0.001773,-0.045044,26.901577,1.370432,-0.450437,-550.184875,-0.043665,0.000000
69.550003,6.053299,-550.184875,-0.002276,-0.001773,-0.045044,26.926418,1.371697,-0.450437,-550.184875,-0.043647,0.000000
69.560005,6.053299,-550.229370,-0.002207,-0.001773,-0.045044,26.926418,1.371697,-0.450437,-550.229370,-0.043630,0.000000
69.570000,6.069305,-550.051453,-0.002199,-0.001773,-0.045044,26.997620,1.375324,-0.450437,-550.051453,-0.043613,0.000000
69.580002,6.051437,-550.229370,-0.002177,-0.001773,-0.045044,26.918139,1.371275,-0.450437,-550.229370,-0.043604,0.000000
69.590004,6.055893,-550.095947,-0.002164,-0.001773,-0.045044,26.937958,1.372285,-0.450437,-550.095947,-0.043587,0.000000
69.600006,6.059631,-550.184875,-0.002177,-0.001773,-0.045044,26.954586,1.373132,-0.450437,-550.184875,-0.043569,0.000000
69.610001,6.055161,-550.229370,-0.002182,-0.001773,-0.045044,26.934700,1.372119,-0.450437,-550.229370,-0.043552,0.000000
69.620003,6.059998,-550.095947,-0.002177,-0.001773,-0.045044,26.956215,1.373215,-0.450437,-550.095947,-0.043535,0.000000
69.630005,6.058502,-550.318298,-0.002169,-0.001773,-0.045044,26.949564,1.372876,-0.450437,-550.318298,-0.043517,0.000000
69.640007,6.055161,-550.140381,-0.002220,-0.001773,-0.045044,26.934700,1.372119,-0.450437,-550.140381,-0.043500,0.000000
69.650002,6.055527,-550.184875,-0.002259,-0.001773,-0.045044,26.936329,1.372202,-0.450437,-550.184875,-0.043483,0.000000
69.660004,6.052170,-550.229370,-0.002281,-0.001773,-0.045044,26.921396,1.371441,-0.450437,-550.229370,-0.043465,0.000000
69.670006,6.055161,-550.140381,-0.002264,-0.001773,-0.045044,26.934700,1.372119,-0.450437,-550.140381,-0.043448,0.000000
69.680000,6.057022,-550.273865,-0.002199,-0.001773,-0.045044,26.942980,1.372541,-0.450437,-550.273865,-0.043431,0.000000
69.690002,6.062225,-550.140381,-0.002182,-0.001773,-0.045044,26.966125,1.373720,-0.450437,-550.140381,-0.043413,0.000000
69.700005,6.062607,-550.229370,-0.002195,-0.001773,-0.045035,26.967821,1.373806,-0.450350,-550.229370,-0.043396,0.000000
69.710007,6.065948,-550.229370,-0.002289,-0.001769,-0.044940,26.982687,1.374564,-0.449396,-550.229370,-0.043387,0.000000
69.720001,6.108398,-550.095947,-0.002255,-0.001762,-0.044766,27.171513,1.384183,-0.447662,-550.095947,-0.043370,0.000000
69.730003,6.398849,-550.140381,-0.002276,-0.001758,-0.044645,28.463505,1.450000,-0.446448,-550.140381,-0.043353,0.000000
69.740005,6.754837,-550.140381,-0.002246,-0.001755,-0.044575,30.047016,1.530668,-0.445754,-550.140381,-0.043335,0.000000
69.750000,6.979752,-550.229370,-0.002216,-0.001753,-0.044515,31.047485,1.581634,-0.445147,-550.229370,-0.043318,0.000000
69.760002,7.167801,-550.229370,-0.002233,-0.001750,-0.044454,31.883970,1.624247,-0.444540,-550.229370,-0.043301,0.000000
69.770004,7.362930,-550.140381,-0.002251,-0.001748,-0.044402,32.751949,1.668464,-0.444020,-550.140381,-0.043283,0.000000
69.780006,7.537567,-550.273865,-0.002264,-0.001747,-0.044376,33.528774,1.708037,-0.443759,-550.273865,-0.043266,0.000000
69.790001,7.659714,-550.095947,-0.002207,-0.001746,-0.044341,34.072109,1.735716,-0.443413,-550.095947,-0.043249,0.000000
69.800003,7.744614,-550.273865,-0.002177,-0.001745,-0.044315,34.449760,1.754955,-0.443152,-550.273865,-0.043231,0.000000
69.810005,7.841049,-550.184875,-0.002160,-0.001744,-0.044289,34.878727,1.776807,-0.442892,-550.184875,-0.043214,0.000000
69.820000,7.935638,-550.095947,-0.002164,-0.001744,-0.044289,35.299484,1.798241,-0.442892,-550.095947,-0.043197,0.000000
69.830002,7.994476,-550.273865,-0.002173,-0.001744,-0.044289,35.561207,1.811574,-0.442892,-550.273865,-0.043188,0.000000
69.840004,8.023895,-550.140381,-0.002233,-0.001744,-0.044289,35.692070,1.818241,-0.442892,-550.140381,-0.043170,0.000000
69.850006,8.049210,-550.184875,-0.002276,-0.001744,-0.044289,35.804672,1.823977,-0.442892,-550.184875,-0.043153,0.000000
69.860001,8.069321,-550.184875,-0.002216,-0.001744,-0.044289,35.894131,1.828534,-0.442892,-550.184875,-0.043136,0.000000
69.870003,8.087189,-550.140381,-0.002203,-0.001744,-0.044289,35.973614,1.832583,-0.442892,-550.140381,-0.043118,0.000000
69.880005,8.087189,-550.229370,-0.002151,-0.001744,-0.044289,35.973614,1.832583,-0.442892,-550.229370,-0.043101,0.000000
69.890007,8.098358,-550.140381,-0.002156,-0.001744,-0.044289,36.023296,1.835114,-0.442892,-550.140381,-0.043084,0.000000
69.900002,8.100601,-550.184875,-0.002212,-0.001744,-0.044289,36.033276,1.835622,-0.442892,-550.184875,-0.043066,0.000000
69.910004,8.114746,-550.229370,-0.002285,-0.001744,-0.044289,36.096195,1.838828,-0.442892,-550.229370,-0.043049,0.000000
69.920006,8.110657,-550.140381,-0.002281,-0.001744,-0.044289,36.078003,1.837901,-0.442892,-550.140381,-0.043032,0.000000
69.930000,8.127411,-550.318298,-0.002268,-0.001744,-0.044289,36.152531,1.841698,-0.442892,-550.318298,-0.043014,0.000000
69.940002,8.117355,-550.140381,-0.002246,-0.001744,-0.044289,36.107800,1.839419,-0.442892,-550.140381,-0.042997,0.000000
69.950005,8.128891,-550.229370,-0.002259,-0.001744,-0.044289,36.159115,1.842033,-0.442892,-550.229370,-0.042980,0.000000
69.960007,8.127777,-550.184875,-0.002264,-0.001744,-0.044289,36.154160,1.841781,-0.442892,-550.184875,-0.042971,0.000000
69.970001,8.134491,-550.140381,-0.002276,-0.001744,-0.044289,36.184025,1.843302,-0.442892,-550.140381,-0.042954,0.000000
69.980003,8.138214,-550.273865,-0.002285,-0.001744,-0.044289,36.200584,1.844146,-0.442892,-550.273865,-0.042936,0.000000
69.990005,8.154968,-550.140381,-0.002251,-0.001744,-0.044289,36.275112,1.847942,-0.442892,-550.140381,-0.042919,0.000000
70.000000,8.153107,-550.229370,-0.002276,-0.001744,-0.044289,36.266830,1.847520,-0.442892,-550.229370,-0.042902,0.000000
70.010002,8.152359,-550.184875,-0.002264,-0.001744,-0.044289,36.263504,1.847351,-0.442892,-550.184875,-0.042884,0.000000
70.020004,8.163895,-550.140381,-0.002246,-0.001744,-0.044289,36.314816,1.849965,-0.442892,-550.140381,-0.042867,0.000000
70.030006,8.158310,-550.229370,-0.002225,-0.001744,-0.044289,36.289974,1.848699,-0.442892,-550.229370,-0.042850,0.000000
70.040001,8.151978,-550.095947,-0.002246,-0.001742,-0.044255,36.261806,1.847265,-0.442545,-550.095947,-0.042832,0.000000
70.050003,8.165390,-550.273865,-0.002182,-0.001737,-0.044116,36.321468,1.850304,-0.441158,-550.273865,-0.042815,0.000000
70.060005,8.315079,-550.229370,-0.002173,-0.001732,-0.044003,36.987316,1.884224,-0.440030,-550.229370,-0.042798,0.000000
70.070000,8.628998,-550.140381,-0.002151,-0.001729,-0.043916,38.383698,1.955359,-0.439163,-550.140381,-0.042780,0.000000
70.080002,8.883331,-550.229370,-0.002169,-0.001727,-0.043856,39.515030,2.012992,-0.438556,-550.229370,-0.042763,0.000000
70.090004,9.112701,-550.140381,-0.002212,-0.001726,-0.043838,40.535320,2.064968,-0.438383,-550.140381,-0.042754,0.000000
70.100006,9.242661,-550.184875,-0.002255,-0.001726,-0.043838,41.113407,2.094417,-0.438383,-550.184875,-0.042737,0.000000
70.110001,9.301498,-550.184875,-0.002203,-0.001726,-0.043830,41.375130,2.107750,-0.438296,-550.184875,-0.042720,0.000000
70.120003,9.348785,-550.140381,-0.002195,-0.001725,-0.043821,41.585476,2.118465,-0.438209,-550.140381,-0.042702,0.000000
70.130005,9.398315,-550.273865,-0.002238,-0.001725,-0.043821,41.805794,2.129689,-0.438209,-550.273865,-0.042685,0.000000
70.140007,9.427368,-550.140381,-0.002259,-0.001725,-0.043821,41.935028,2.136272,-0.438209,-550.140381,-0.042668,0.000000
70.150002,9.463852,-550.229370,-0.002246,-0.001725,-0.043821,42.097317,2.144540,-0.438209,-550.229370,-0.042650,0.000000
70.160004,9.469437,-550.229370,-0.002251,-0.001725,-0.043821,42.122158,2.145805,-0.438209,-550.229370,-0.042633,0.000000
70.170006,9.473907,-550.140381,-0.002220,-0.001725,-0.043821,42.142044,2.146818,-0.438209,-550.140381,-0.042615,0.000000
70.180000,9.479858,-550.318298,-0.002264,-0.001725,-0.043821,42.168518,2.148167,-0.438209,-550.318298,-0.042598,0.000000
70.190002,9.496628,-550.184875,-0.002246,-0.001725,-0.043812,42.243111,2.151967,-0.438122,-550.184875,-0.042581,0.000000
70.200005,9.507050,-550.273865,-0.002251,-0.001724,-0.043795,42.289467,2.154328,-0.437949,-550.273865,-0.042563,0.000000
70.210007,9.534973,-550.273865,-0.002238,-0.001724,-0.043786,42.413677,2.160656,-0.437862,-550.273865,-0.042546,0.000000
70.220001,9.574814,-550.095947,-0.002216,-0.001723,-0.043752,42.590900,2.169684,-0.437515,-550.095947,-0.042537,0.000000
70.230003,9.606476,-550.318298,-0.002251,-0.001721,-0.043717,42.731739,2.176859,-0.437168,-550.318298,-0.042520,0.000000
70.240005,9.685791,-550.184875,-0.002220,-0.001721,-0.043708,43.084549,2.194832,-0.437082,-550.184875,-0.042503,0.000000
70.250000,9.754669,-550.229370,-0.002182,-0.001720,-0.043700,43.390934,2.210439,-0.436995,-550.229370,-0.042485,0.000000
70.260002,9.801224,-550.229370,-0.002182,-0.001720,-0.043700,43.598022,2.220989,-0.436995,-550.229370,-0.042468,0.000000
70.270004,9.826172,-550.140381,-0.002156,-0.001720,-0.043700,43.708996,2.226642,-0.436995,-550.140381,-0.042451,0.000000
70.280006,9.832504,-550.229370,-0.002203,-0.001720,-0.043691,43.737164,2.228077,-0.436908,-550.229370,-0.042433,0.000000
70.290001,9.851486,-550.184875,-0.002195,-0.001720,-0.043691,43.821598,2.232379,-0.436908,-550.184875,-0.042416,0.000000
70.300003,9.879791,-550.229370,-0.002220,-0.001720,-0.043691,43.947506,2.238793,-0.436908,-550.229370,-0.042399,0.000000
70.310005,9.892075,-550.273865,-0.002207,-0.001719,-0.043673,44.002144,2.241576,-0.436735,-550.273865,-0.042381,0.000000
70.320000,9.903625,-550.140381,-0.002177,-0.001718,-0.043647,44.053528,2.244194,-0.436475,-550.140381,-0.042364,0.000000
70.330002,9.937881,-550.273865,-0.002173,-0.001718,-0.043630,44.205906,2.251956,-0.436301,-550.273865,-0.042347,0.000000
70.340004,10.001938,-550.140381,-0.002139,-0.001717,-0.043604,44.490841,2.266472,-0.436041,-550.140381,-0.042329,0.000000
70.350006,10.047729,-550.273865,-0.002139,-0.001716,-0.043587,44.694534,2.276848,-0.435868,-550.273865,-0.042321,0.000000
70.360001,10.095398,-550.229370,-0.002151,-0.001715,-0.043561,44.906574,2.287650,-0.435607,-550.229370,-0.042303,0.000000
70.370003,10.167633,-550.140381,-0.002186,-0.001714,-0.043543,45.227890,2.304019,-0.435434,-550.140381,-0.042286,0.000000
70.380005,10.230942,-550.273865,-0.002216,-0.001714,-0.043535,45.509502,2.318364,-0.435347,-550.273865,-0.042269,0.000000
70.390007,10.283066,-550.140381,-0.002229,-0.001714,-0.043535,45.741360,2.330176,-0.435347,-550.140381,-0.042251,0.000000
70.400002,10.328125,-550.229370,-0.002255,-0.001714,-0.043535,45.941795,2.340387,-0.435347,-550.229370,-0.042234,0.000000
70.410004,10.351212,-550.229370,-0.002302,-0.001714,-0.043535,46.044487,2.345618,-0.435347,-550.229370,-0.042217,0.000000
70.420006,10.367599,-550.184875,-0.002268,-0.001714,-0.043535,46.117386,2.349332,-0.435347,-550.184875,-0.042199,0.000000
70.430000,10.372070,-550.273865,-0.002225,-0.001714,-0.043535,46.137272,2.350345,-0.435347,-550.273865,-0.042182,0.000000
70.440002,10.374680,-550.184875,-0.002169,-0.001714,-0.043535,46.148880,2.350936,-0.435347,-550.184875,-0.042165,0.000000
70.450005,10.385849,-550.229370,-0.002139,-0.001714,-0.043535,46.198563,2.353467,-0.435347,-550.229370,-0.042147,0.000000
70.460007,10.414154,-550.184875,-0.002126,-0.001714,-0.043535,46.324471,2.359881,-0.435347,-550.184875,-0.042130,0.000000
70.470001,10.416382,-550.184875,-0.002130,-0.001713,-0.043509,46.334381,2.360386,-0.435087,-550.184875,-0.042121,0.000000
70.480003,10.417496,-550.318298,-0.002160,-0.001711,-0.043457,46.339336,2.360638,-0.434567,-550.318298,-0.042104,0.000000
70.490005,10.475586,-550.140381,-0.002195,-0.001710,-0.043422,46.597733,2.373802,-0.434220,-550.140381,-0.042086,0.000000
70.500000,10.576508,-550.273865,-0.002207,-0.001709,-0.043405,47.046654,2.396671,-0.434046,-550.273865,-0.042069,0.000000
70.510002,10.661026,-550.229370,-0.002203,-0.001707,-0.043370,47.422611,2.415823,-0.433700,-550.229370,-0.042052,0.000000
70.520004,10.738480,-550.140381,-0.002199,-0.001707,-0.043361,47.767143,2.433374,-0.433613,-550.140381,-0.042034,0.000000
70.530006,10.809235,-550.273865,-0.002225,-0.001707,-0.043361,48.081879,2.449408,-0.433613,-550.273865,-0.042017,0.000000
70.540001,10.863602,-550.140381,-0.002246,-0.001707,-0.043361,48.323715,2.461727,-0.433613,-550.140381,-0.042000,0.000000
70.550003,10.893768,-550.318298,-0.002220,-0.001707,-0.043353,48.457901,2.468563,-0.433526,-550.318298,-0.041982,0.000000
70.560005,10.914246,-550.273865,-0.002156,-0.001706,-0.043344,48.548988,2.473203,-0.433439,-550.273865,-0.041965,0.000000
70.570000,10.937698,-550.140381,-0.002147,-0.001706,-0.043327,48.653313,2.478518,-0.433266,-550.140381,-0.041948,0.000000
70.580002,10.980896,-550.273865,-0.002151,-0.001706,-0.043327,48.845467,2.488307,-0.433266,-550.273865,-0.041930,0.000000
70.590004,10.998032,-550.229370,-0.002134,-0.001706,-0.043327,48.921688,2.492189,-0.433266,-550.229370,-0.041913,0.000000
70.600006,11.028183,-550.184875,-0.002173,-0.001706,-0.043327,49.055809,2.499022,-0.433266,-550.184875,-0.041904,0.000000
70.610001,11.044205,-550.273865,-0.002156,-0.001706,-0.043327,49.127075,2.502653,-0.433266,-550.273865,-0.041887,0.000000
70.620003,11.049042,-550.140381,-0.002190,-0.001706,-0.043327,49.148594,2.503749,-0.433266,-550.140381,-0.041870,0.000000
70.630005,11.056488,-550.318298,-0.002156,-0.001706,-0.043327,49.181717,2.505436,-0.433266,-550.318298,-0.041852,0.000000
70.640007,11.069901,-550.229370,-0.002199,-0.001706,-0.043327,49.241375,2.508475,-0.433266,-550.229370,-0.041835,0.000000
70.650002,11.072876,-550.184875,-0.002160,-0.001705,-0.043301,49.254612,2.509150,-0.433006,-550.184875,-0.041818,0.000000
70.660004,11.088135,-550.229370,-0.002121,-0.001705,-0.043301,49.322487,2.512607,-0.433006,-550.229370,-0.041800,0.000000
70.670006,11.112350,-550.184875,-0.002130,-0.001704,-0.043283,49.430202,2.518095,-0.432832,-550.184875,-0.041783,0.000000
70.680000,11.148468,-550.318298,-0.002139,-0.001702,-0.043240,49.590862,2.526279,-0.432399,-550.318298,-0.041766,0.000000
70.690002,11.198364,-550.184875,-0.002156,-0.001699,-0.043144,49.812813,2.537586,-0.431445,-550.184875,-0.041748,0.000000
70.700005,11.357742,-550.229370,-0.002195,-0.001693,-0.042997,50.521763,2.573701,-0.429971,-550.229370,-0.041731,0.000000
70.710007,11.729370,-550.318298,-0.002134,-0.001688,-0.042884,52.174843,2.657913,-0.428843,-550.318298,-0.041714,0.000000
70.720001,12.128922,-550.184875,-0.002130,-0.001687,-0.042858,53.952137,2.748453,-0.428583,-550.184875,-0.041696,0.000000
70.730003,12.360535,-550.229370,-0.002164,-0.001687,-0.042858,54.982403,2.800937,-0.428583,-550.229370,-0.041688,0.000000
70.740005,12.456238,-550.140381,-0.002177,-0.001687,-0.042858,55.408112,2.822624,-0.428583,-550.140381,-0.041670,0.000000
70.750000,12.509857,-550.273865,-0.002173,-0.001687,-0.042858,55.646626,2.834774,-0.428583,-550.273865,-0.041653,0.000000
70.760002,12.545242,-550.229370,-0.002151,-0.001687,-0.042858,55.804024,2.842793,-0.428583,-550.229370,-0.041636,0.000000
70.770004,12.561615,-550.140381,-0.002164,-0.001687,-0.042858,55.876854,2.846503,-0.428583,-550.140381,-0.041618,0.000000
70.780006,12.586945,-550.229370,-0.002182,-0.001687,-0.042858,55.989525,2.852242,-0.428583,-550.229370,-0.041601,0.000000
70.790001,12.609283,-550.140381,-0.002199,-0.001687,-0.042858,56.088894,2.857305,-0.428583,-550.140381,-0.041583,0.000000
70.800003,12.608170,-550.229370,-0.002246,-0.001687,-0.042858,56.083939,2.857052,-0.428583,-550.229370,-0.041566,0.000000
70.810005,12.629013,-550.229370,-0.002216,-0.001687,-0.042858,56.176655,2.861775,-0.428583,-550.229370,-0.041549,0.000000
70.820000,12.649506,-550.184875,-0.002225,-0.001687,-0.042858,56.267811,2.866419,-0.428583,-550.184875,-0.041531,0.000000
70.830002,12.654343,-550.229370,-0.002156,-0.001687,-0.042858,56.289326,2.867515,-0.428583,-550.229370,-0.041514,0.000000
70.840004,12.676682,-550.229370,-0.002220,-0.001687,-0.042858,56.388695,2.872577,-0.428583,-550.229370,-0.041497,0.000000
70.850006,12.667007,-550.229370,-0.002238,-0.001687,-0.042858,56.345665,2.870385,-0.428583,-550.229370,-0.041479,0.000000
70.860001,12.683762,-550.273865,-0.002238,-0.001687,-0.042858,56.420189,2.874182,-0.428583,-550.273865,-0.041471,0.000000
70.870003,12.694183,-550.184875,-0.002182,-0.001687,-0.042858,56.466549,2.876543,-0.428583,-550.184875,-0.041453,0.000000
70.880005,12.698288,-550.318298,-0.002130,-0.001687,-0.042858,56.484806,2.877473,-0.428583,-550.318298,-0.041436,0.000000
70.890007,12.707214,-550.184875,-0.002139,-0.001687,-0.042858,56.524513,2.879496,-0.428583,-550.184875,-0.041419,0.000000
70.900002,12.719879,-550.273865,-0.002113,-0.001687,-0.042858,56.580849,2.882366,-0.428583,-550.273865,-0.041401,0.000000
70.910004,12.725098,-550.273865,-0.002139,-0.001687,-0.042858,56.604061,2.883548,-0.428583,-550.273865,-0.041384,0.000000
70.920006,12.725830,-550.229370,-0.002164,-0.001687,-0.042858,56.607319,2.883714,-0.428583,-550.229370,-0.041367,0.000000
70.930000,12.716904,-550.362793,-0.002182,-0.001685,-0.042789,56.567612,2.881691,-0.427889,-550.362793,-0.041349,0.000000
70.940002,12.746323,-550.140381,-0.002203,-0.001678,-0.042615,56.698475,2.888358,-0.426155,-550.140381,-0.041332,0.000000
70.950005,13.031189,-550.229370,-0.002246,-0.001673,-0.042494,57.965622,2.952909,-0.424941,-550.229370,-0.041315,0.000000
70.960007,13.501495,-550.229370,-0.002238,-0.001669,-0.042399,60.057652,3.059483,-0.423987,-550.229370,-0.041297,0.000000
70.970001,13.848907,-550.184875,-0.002195,-0.001668,-0.042364,61.603016,3.138207,-0.423640,-550.184875,-0.041280,0.000000
70.980003,14.068985,-550.318298,-0.002117,-0.001667,-0.042338,62.581970,3.188077,-0.423380,-550.318298,-0.041263,0.000000
70.990005,14.209366,-550.184875,-0.002160,-0.001667,-0.042338,63.206417,3.219888,-0.423380,-550.184875,-0.041254,0.000000
71.000000,14.303574,-550.229370,-0.002186,-0.001667,-0.042338,63.625473,3.241236,-0.423380,-550.229370,-0.041237,0.000000
71.010002,14.348633,-550.273865,-0.002199,-0.001667,-0.042338,63.825905,3.251447,-0.423380,-550.273865,-0.041219,0.000000
71.020004,14.384384,-550.184875,-0.002233,-0.001667,-0.042338,63.984936,3.259548,-0.423380,-550.184875,-0.041202,0.000000
71.030006,14.414551,-550.318298,-0.002212,-0.001667,-0.042338,64.119125,3.266384,-0.423380,-550.318298,-0.041185,0.000000
71.040001,14.441360,-550.140381,-0.002169,-0.001667,-0.042338,64.238380,3.272459,-0.423380,-550.140381,-0.041167,0.000000
71.050003,14.453644,-550.184875,-0.002151,-0.001667,-0.042338,64.293022,3.275243,-0.423380,-550.184875,-0.041150,0.000000
71.060005,14.472260,-550.229370,-0.002134,-0.001667,-0.042338,64.375824,3.279461,-0.423380,-550.229370,-0.041133,0.000000
71.070000,14.478958,-550.140381,-0.002134,-0.001667,-0.042338,64.405624,3.280979,-0.423380,-550.140381,-0.041115,0.000000
71.080002,14.498322,-550.273865,-0.002156,-0.001667,-0.042338,64.491753,3.285367,-0.423380,-550.273865,-0.041098,0.000000
71.090004,14.513962,-550.229370,-0.002177,-0.001667,-0.042338,64.561325,3.288911,-0.423380,-550.229370,-0.041080,0.000000
71.100006,14.513962,-550.273865,-0.002182,-0.001667,-0.042338,64.561325,3.288911,-0.423380,-550.273865,-0.041063,0.000000
71.110001,14.522903,-550.273865,-0.002199,-0.001667,-0.042338,64.601105,3.290937,-0.423380,-550.273865,-0.041046,0.000000
71.120003,14.525879,-550.184875,-0.002173,-0.001667,-0.042338,64.614334,3.291611,-0.423380,-550.184875,-0.041037,0.000000
71.130005,14.540787,-550.318298,-0.002207,-0.001667,-0.042338,64.680649,3.294989,-0.423380,-550.318298,-0.041020,0.000000
71.140007,14.543015,-550.184875,-0.002186,-0.001667,-0.042338,64.690559,3.295494,-0.423380,-550.184875,-0.041002,0.000000
71.150002,14.559021,-550.229370,-0.002203,-0.001667,-0.042338,64.761757,3.299121,-0.423380,-550.229370,-0.040985,0.000000
71.160004,14.558289,-550.184875,-0.002268,-0.001667,-0.042329,64.758499,3.298955,-0.423293,-550.184875,-0.040968,0.000000
71.170006,14.557907,-550.273865,-0.002255,-0.001667,-0.042329,64.756805,3.298869,-0.423293,-550.273865,-0.040950,0.000000
71.180000,14.567215,-550.273865,-0.002216,-0.001667,-0.042329,64.798210,3.300978,-0.423293,-550.273865,-0.040933,0.000000
71.190002,14.571686,-550.229370,-0.002212,-0.001665,-0.042303,64.818092,3.301991,-0.423033,-550.229370,-0.040916,0.000000
71.200005,14.586212,-550.273865,-0.002143,-0.001664,-0.042260,64.882713,3.305283,-0.422599,-550.273865,-0.040898,0.000000
71.210007,14.616745,-550.273865,-0.002190,-0.001663,-0.042243,65.018532,3.312202,-0.422426,-550.273865,-0.040881,0.000000
71.220001,14.672226,-550.184875,-0.002156,-0.001663,-0.042243,65.265320,3.324774,-0.422426,-550.184875,-0.040864,0.000000
71.230003,14.714676,-550.229370,-0.002147,-0.001663,-0.042243,65.454147,3.334393,-0.422426,-550.229370,-0.040846,0.000000
71.240005,14.746704,-550.229370,-0.002190,-0.001662,-0.042225,65.596619,3.341651,-0.422252,-550.229370,-0.040838,0.000000
71.250000,14.775375,-550.318298,-0.002173,-0.001660,-0.042165,65.724152,3.348148,-0.421645,-550.318298,-0.040820,0.000000
71.260002,14.849854,-550.273865,-0.002173,-0.001657,-0.042086,66.055450,3.365025,-0.420865,-550.273865,-0.040803,0.000000
71.270004,15.035294,-550.184875,-0.002203,-0.001655,-0.042034,66.880325,3.407046,-0.420344,-550.184875,-0.040786,0.000000
71.280006,15.228180,-550.318298,-0.002186,-0.001654,-0.042008,67.738327,3.450755,-0.420084,-550.318298,-0.040768,0.000000
71.290001,15.393143,-550.140381,-0.002182,-0.001654,-0.042008,68.472122,3.488136,-0.420084,-550.140381,-0.040751,0.000000
71.300003,15.470215,-550.229370,-0.002147,-0.001654,-0.042008,68.814949,3.505601,-0.420084,-550.229370,-0.040734,0.000000
71.310005,15.501495,-550.273865,-0.002147,-0.001654,-0.042008,68.954094,3.512689,-0.420084,-550.273865,-0.040716,0.000000
71.320000,15.530548,-550.184875,-0.002126,-0.001654,-0.042008,69.083328,3.519273,-0.420084,-550.184875,-0.040699,0.000000
71.330002,15.548416,-550.229370,-0.002126,-0.001654,-0.042008,69.162811,3.523321,-0.420084,-550.229370,-0.040682,0.000000
71.340004,15.567413,-550.184875,-0.002156,-0.001654,-0.042008,69.247314,3.527626,-0.420084,-550.184875,-0.040664,0.000000
71.350006,15.587524,-550.229370,-0.002139,-0.001654,-0.042008,69.336769,3.532184,-0.420084,-550.229370,-0.040647,0.000000
71.360001,15.606140,-550.318298,-0.002186,-0.001654,-0.042008,69.419579,3.536402,-0.420084,-550.318298,-0.040630,0.000000
71.370003,15.624390,-550.184875,-0.002160,-0.001654,-0.042008,69.500755,3.540537,-0.420084,-550.184875,-0.040621,0.000000
71.380005,15.640030,-550.362793,-0.002147,-0.001654,-0.042008,69.570328,3.544081,-0.420084,-550.362793,-0.040604,0.000000
71.390007,15.649338,-550.229370,-0.002130,-0.001653,-0.041991,69.611732,3.546191,-0.419911,-550.229370,-0.040586,0.000000
71.400002,15.651932,-550.273865,-0.002151,-0.001651,-0.041939,69.623268,3.546778,-0.419390,-550.273865,-0.040569,0.000000
71.410004,15.693268,-550.229370,-0.002147,-0.001649,-0.041896,69.807144,3.556145,-0.418957,-550.229370,-0.040551,0.000000
71.420006,15.795670,-550.184875,-0.002126,-0.001649,-0.041896,70.262650,3.579350,-0.418957,-550.184875,-0.040534,0.000000
71.430000,15.872009,-550.362793,-0.002117,-0.001649,-0.041896,70.602226,3.596649,-0.418957,-550.362793,-0.040517,0.000000
71.440002,15.927124,-550.140381,-0.002156,-0.001649,-0.041896,70.847389,3.609138,-0.418957,-550.140381,-0.040499,0.000000
71.450005,15.952438,-550.273865,-0.002156,-0.001649,-0.041896,70.959991,3.614874,-0.418957,-550.273865,-0.040482,0.000000
71.460007,15.975525,-550.229370,-0.002182,-0.001649,-0.041896,71.062683,3.620106,-0.418957,-550.229370,-0.040465,0.000000
71.470001,15.996384,-550.229370,-0.002164,-0.001649,-0.041896,71.155472,3.624832,-0.418957,-550.229370,-0.040447,0.000000
71.480003,15.998993,-550.273865,-0.002203,-0.001649,-0.041896,71.167076,3.625424,-0.418957,-550.273865,-0.040430,0.000000
71.490005,16.008301,-550.184875,-0.002246,-0.001649,-0.041896,71.208481,3.627533,-0.418957,-550.184875,-0.040413,0.000000
71.500000,16.009415,-550.273865,-0.002246,-0.001649,-0.041896,71.213432,3.627785,-0.418957,-550.273865,-0.040404,0.000000
71.510002,16.026550,-550.273865,-0.002233,-0.001649,-0.041896,71.289658,3.631668,-0.418957,-550.273865,-0.040387,0.000000
71.520004,16.032883,-550.140381,-0.002160,-0.001649,-0.041896,71.317825,3.633103,-0.418957,-550.140381,-0.040369,0.000000
71.530006,16.041443,-550.318298,-0.002113,-0.001649,-0.041896,71.355904,3.635043,-0.418957,-550.318298,-0.040352,0.000000
71.540001,16.042557,-550.184875,-0.002151,-0.001649,-0.041896,71.360855,3.635295,-0.418957,-550.184875,-0.040335,0.000000
71.550003,16.048141,-550.273865,-0.002156,-0.001647,-0.041835,71.385696,3.636561,-0.418350,-550.273865,-0.040317,0.000000
71.560005,16.087250,-550.273865,-0.002186,-0.001642,-0.041714,71.559662,3.645423,-0.417136,-550.273865,-0.040300,0.000000
71.570000,16.301361,-550.229370,-0.002199,-0.001638,-0.041609,72.512077,3.693941,-0.416095,-550.229370,-0.040283,0.000000
71.580002,16.635010,-550.407288,-0.002233,-0.001637,-0.041575,73.996216,3.769547,-0.415748,-550.407288,-0.040265,0.000000
71.590004,16.859909,-550.229370,-0.002199,-0.001637,-0.041575,74.996620,3.820510,-0.415748,-550.229370,-0.040248,0.000000
71.600006,16.974609,-550.318298,-0.002151,-0.001637,-0.041575,75.506836,3.846501,-0.415748,-550.318298,-0.040231,0.000000
71.610001,17.024872,-550.273865,-0.002126,-0.001637,-0.041575,75.730415,3.857891,-0.415748,-550.273865,-0.040213,0.000000
71.620003,17.050201,-550.273865,-0.002117,-0.001637,-0.041575,75.843086,3.863631,-0.415748,-550.273865,-0.040196,0.000000
71.630005,17.084457,-550.362793,-0.002104,-0.001637,-0.041575,75.995461,3.871393,-0.415748,-550.362793,-0.040187,0.000000
71.640007,17.113495,-550.229370,-0.002160,-0.001637,-0.041575,76.124626,3.877974,-0.415748,-550.229370,-0.040170,0.000000
71.650002,17.122070,-550.184875,-0.002220,-0.001637,-0.041575,76.162773,3.879916,-0.415748,-550.184875,-0.040153,0.000000
71.660004,17.138077,-550.273865,-0.002242,-0.001637,-0.041575,76.233971,3.883544,-0.415748,-550.273865,-0.040135,0.000000
71.670006,17.148880,-550.184875,-0.002225,-0.001637,-0.041575,76.282028,3.885992,-0.415748,-550.184875,-0.040118,0.000000
71.680000,17.172714,-550.318298,-0.002216,-0.001637,-0.041575,76.388046,3.891393,-0.415748,-550.318298,-0.040101,0.000000
71.690002,17.177170,-550.229370,-0.002233,-0.001637,-0.041575,76.407867,3.892402,-0.415748,-550.229370,-0.040083,0.000000
71.700005,17.183136,-550.229370,-0.002220,-0.001637,-0.041575,76.434402,3.893754,-0.415748,-550.229370,-0.040066,0.000000
71.710007,17.195419,-550.273865,-0.002156,-0.001637,-0.041575,76.489044,3.896538,-0.415748,-550.273865,-0.040048,0.000000
71.720001,17.203613,-550.229370,-0.002139,-0.001637,-0.041575,76.525497,3.898395,-0.415748,-550.229370,-0.040031,0.000000
71.730003,17.205109,-550.273865,-0.002095,-0.001637,-0.041575,76.532143,3.898733,-0.415748,-550.273865,-0.040014,0.000000
71.740005,17.220749,-550.229370,-0.002139,-0.001637,-0.041575,76.601715,3.902277,-0.415748,-550.229370,-0.039996,0.000000
71.750000,17.229309,-550.318298,-0.002233,-0.001637,-0.041575,76.639793,3.904217,-0.415748,-550.318298,-0.039979,0.000000
71.760002,17.234894,-550.273865,-0.002238,-0.001637,-0.041575,76.664635,3.905483,-0.415748,-550.273865,-0.039970,0.000000
71.770004,17.252029,-550.140381,-0.002242,-0.001637,-0.041575,76.740860,3.909366,-0.415748,-550.140381,-0.039953,0.000000
71.780006,17.247177,-550.362793,-0.002207,-0.001636,-0.041557,76.719276,3.908266,-0.415575,-550.362793,-0.039936,0.000000
71.790001,17.256119,-550.140381,-0.002173,-0.001633,-0.041479,76.759048,3.910293,-0.414794,-550.140381,-0.039918,0.000000
71.800003,17.313095,-550.273865,-0.002177,-0.001630,-0.041401,77.012497,3.923203,-0.414014,-550.273865,-0.039901,0.000000
71.810005,17.525345,-550.318298,-0.002182,-0.001627,-0.041332,77.956627,3.971300,-0.413320,-550.318298,-0.039884,0.000000
71.820000,17.767014,-550.273865,-0.002108,-0.001625,-0.041271,79.031624,4.026063,-0.412713,-550.273865,-0.039866,0.000000
71.830002,18.015762,-550.273865,-0.002130,-0.001625,-0.041271,80.138115,4.082430,-0.412713,-550.273865,-0.039849,0.000000
71.840004,18.138275,-550.229370,-0.002104,-0.001625,-0.041271,80.683075,4.110192,-0.412713,-550.229370,-0.039832,0.000000
71.850006,18.198227,-550.318298,-0.002173,-0.001625,-0.041271,80.949753,4.123777,-0.412713,-550.318298,-0.039814,0.000000
71.860001,18.244019,-550.273865,-0.002207,-0.001625,-0.041263,81.153450,4.134154,-0.412626,-550.273865,-0.039797,0.000000
71.870003,18.265625,-550.273865,-0.002220,-0.001625,-0.041263,81.249557,4.139050,-0.412626,-550.273865,-0.039780,0.000000
71.880005,18.280151,-550.318298,-0.002212,-0.001625,-0.041263,81.314171,4.142341,-0.412626,-550.318298,-0.039771,0.000000
71.890007,18.292053,-550.229370,-0.002233,-0.001625,-0.041263,81.367119,4.145038,-0.412626,-550.229370,-0.039754,0.000000
71.900002,18.315887,-550.273865,-0.002186,-0.001625,-0.041263,81.473137,4.150440,-0.412626,-550.273865,-0.039736,0.000000
71.910004,18.327805,-550.318298,-0.002182,-0.001625,-0.041263,81.526146,4.153140,-0.412626,-550.318298,-0.039719,0.000000
71.920006,18.354614,-550.229370,-0.002139,-0.001625,-0.041263,81.645401,4.159215,-0.412626,-550.229370,-0.039702,0.000000
71.930000,18.356476,-550.318298,-0.002095,-0.001625,-0.041263,81.653679,4.159637,-0.412626,-550.318298,-0.039684,0.000000
71.940002,18.363922,-550.229370,-0.002117,-0.001625,-0.041263,81.686806,4.161324,-0.412626,-550.229370,-0.039667,0.000000
71.950005,18.374359,-550.318298,-0.002139,-0.001625,-0.041263,81.733231,4.163689,-0.412626,-550.318298,-0.039650,0.000000
71.960007,18.394089,-550.273865,-0.002117,-0.001625,-0.041263,81.820992,4.168160,-0.412626,-550.273865,-0.039632,0.000000
71.970001,18.404144,-550.140381,-0.002160,-0.001622,-0.041211,81.865723,4.170439,-0.412106,-550.140381,-0.039615,0.000000
71.980003,18.431320,-550.362793,-0.002130,-0.001620,-0.041150,81.986610,4.176597,-0.411499,-550.362793,-0.039598,0.000000
71.990005,18.546768,-550.184875,-0.002207,-0.001618,-0.041098,82.500145,4.202758,-0.410978,-550.184875,-0.039580,0.000000
72.000000,18.699814,-550.273865,-0.002147,-0.001616,-0.041037,83.180923,4.237438,-0.410371,-550.273865,-0.039563,0.000000
72.010002,18.899033,-550.229370,-0.002195,-0.001612,-0.040950,84.067093,4.282582,-0.409504,-550.229370,-0.039554,0.000000
72.020004,19.136230,-550.229370,-0.002195,-0.001608,-0.040846,85.122208,4.336332,-0.408463,-550.229370,-0.039537,0.000000
72.030006,19.473602,-550.362793,-0.002212,-0.001606,-0.040803,86.622910,4.412781,-0.408030,-550.362793,-0.039519,0.000000
72.040001,19.755478,-550.229370,-0.002195,-0.001605,-0.040760,87.876755,4.476655,-0.407596,-550.229370,-0.039502,0.000000
72.050003,19.931244,-550.318298,-0.002207,-0.001603,-0.040708,88.658600,4.516484,-0.407076,-550.318298,-0.039485,0.000000
72.060005,20.127853,-550.318298,-0.002169,-0.001602,-0.040682,89.533165,4.561037,-0.406816,-550.318298,-0.039467,0.000000
72.070000,20.280533,-550.229370,-0.002143,-0.001600,-0.040647,90.212318,4.595634,-0.406469,-550.229370,-0.039450,0.000000
72.080002,20.426865,-550.318298,-0.002195,-0.001599,-0.040621,90.863235,4.628794,-0.406209,-550.318298,-0.039433,0.000000
72.090004,20.551239,-550.229370,-0.002207,-0.001599,-0.040621,91.416473,4.656977,-0.406209,-550.229370,-0.039415,0.000000
72.100006,20.614914,-550.318298,-0.002190,-0.001598,-0.040595,91.699715,4.671407,-0.405948,-550.318298,-0.039398,0.000000
72.110001,20.684174,-550.318298,-0.002177,-0.001597,-0.040551,92.007797,4.687101,-0.405515,-550.318298,-0.039381,0.000000
72.120003,20.801849,-550.273865,-0.002108,-0.001596,-0.040534,92.531250,4.713766,-0.405341,-550.273865,-0.039363,0.000000
72.130005,20.922501,-550.362793,-0.002100,-0.001595,-0.040508,93.067932,4.741107,-0.405081,-550.362793,-0.039346,0.000000
72.140007,21.018936,-550.229370,-0.002113,-0.001593,-0.040465,93.496895,4.762959,-0.404648,-550.229370,-0.039337,0.000000
72.150002,21.135864,-550.273865,-0.002134,-0.001592,-0.040430,94.017021,4.789455,-0.404301,-550.273865,-0.039320,0.000000
72.160004,21.263962,-550.273865,-0.002164,-0.001591,-0.040421,94.586823,4.818483,-0.404214,-550.273865,-0.039303,0.000000
72.170006,21.361893,-550.273865,-0.002195,-0.001591,-0.040413,95.022446,4.840674,-0.404127,-550.273865,-0.039285,0.000000
72.180000,21.424088,-550.362793,-0.002212,-0.001590,-0.040395,95.299103,4.854768,-0.403954,-550.362793,-0.039268,0.000000
72.190002,21.500046,-550.229370,-0.002216,-0.001590,-0.040387,95.636978,4.871980,-0.403867,-550.229370,-0.039251,0.000000
72.200005,21.564102,-550.318298,-0.002212,-0.001590,-0.040378,95.921921,4.886495,-0.403780,-550.318298,-0.039233,0.000000
72.210007,21.612885,-550.362793,-0.002212,-0.001589,-0.040361,96.138908,4.897550,-0.403607,-550.362793,-0.039216,0.000000
72.220001,21.658676,-550.229370,-0.002212,-0.001588,-0.040343,96.342606,4.907927,-0.403433,-550.229370,-0.039199,0.000000
72.230003,21.714905,-550.362793,-0.002212,-0.001587,-0.040317,96.592720,4.920668,-0.403173,-550.362793,-0.039181,0.000000
72.240005,21.789749,-550.229370,-0.002212,-0.001586,-0.040291,96.925644,4.937628,-0.402913,-550.229370,-0.039164,0.000000
72.250000,21.877258,-550.273865,-0.002117,-0.001586,-0.040274,97.314903,4.957458,-0.402740,-550.273865,-0.039147,0.000000
72.260002,21.957321,-550.318298,-0.002095,-0.001585,-0.040248,97.671043,4.975600,-0.402479,-550.318298,-0.039129,0.000000
72.270004,22.028442,-550.140381,-0.002108,-0.001584,-0.040231,97.987404,4.991716,-0.402306,-550.140381,-0.039121,0.000000
72.280006,22.105896,-550.318298,-0.002147,-0.001584,-0.040222,98.331940,5.009268,-0.402219,-550.318298,-0.039103,0.000000
72.290001,22.164368,-550.273865,-0.002173,-0.001583,-0.040196,98.592033,5.022518,-0.401959,-550.273865,-0.039086,0.000000
72.300003,22.222076,-550.318298,-0.002238,-0.001581,-0.040161,98.848732,5.035594,-0.401612,-550.318298,-0.039069,0.000000
72.310005,22.325592,-550.273865,-0.002225,-0.001581,-0.040161,99.309196,5.059052,-0.401612,-550.273865,-0.039051,0.000000
72.320000,22.406403,-550.229370,-0.002220,-0.001581,-0.040161,99.668655,5.077363,-0.401612,-550.229370,-0.039034,0.000000
72.330002,22.454437,-550.362793,-0.002220,-0.001581,-0.040161,99.882324,5.088248,-0.401612,-550.362793,-0.039016,0.000000
72.340004,22.489441,-550.184875,-0.002177,-0.001581,-0.040153,100.038033,5.096180,-0.401525,-550.184875,-0.038999,0.000000
72.350006,22.516251,-550.229370,-0.002130,-0.001581,-0.040153,100.157288,5.102255,-0.401525,-550.229370,-0.038982,0.000000
72.360001,22.546783,-550.229370,-0.002104,-0.001581,-0.040153,100.293098,5.109174,-0.401525,-550.229370,-0.038964,0.000000
72.370003,22.561676,-550.229370,-0.002078,-0.001581,-0.040153,100.359344,5.112549,-0.401525,-550.229370,-0.038947,0.000000
72.380005,22.575089,-550.407288,-0.002121,-0.001581,-0.040153,100.419006,5.115588,-0.401525,-550.407288,-0.038930,0.000000
72.390007,22.581421,-550.229370,-0.002104,-0.001581,-0.040153,100.447174,5.117023,-0.401525,-550.229370,-0.038912,0.000000
72.400002,22.594452,-550.362793,-0.002091,-0.001581,-0.040153,100.505142,5.119976,-0.401525,-550.362793,-0.038904,0.000000
72.410004,22.615311,-550.273865,-0.002121,-0.001581,-0.040153,100.597923,5.124703,-0.401525,-550.273865,-0.038886,0.000000
72.420006,22.617905,-550.184875,-0.002160,-0.001581,-0.040153,100.609467,5.125290,-0.401525,-550.184875,-0.038869,0.000000
72.430000,22.621262,-550.407288,-0.002173,-0.001581,-0.040153,100.624397,5.126051,-0.401525,-550.407288,-0.038852,0.000000
72.440002,22.634293,-550.184875,-0.002229,-0.001581,-0.040153,100.682365,5.129004,-0.401525,-550.184875,-0.038834,0.000000
72.450005,22.643982,-550.318298,-0.002173,-0.001580,-0.040144,100.725464,5.131200,-0.401439,-550.318298,-0.038817,0.000000
72.460007,22.647705,-550.318298,-0.002134,-0.001578,-0.040075,100.742027,5.132043,-0.400745,-550.318298,-0.038800,0.000000
72.470001,22.699463,-550.184875,-0.002095,-0.001575,-0.039996,100.972252,5.143772,-0.399964,-550.184875,-0.038782,0.000000
72.480003,22.871490,-550.362793,-0.002143,-0.001574,-0.039970,101.737473,5.182754,-0.399704,-550.362793,-0.038765,0.000000
72.490005,23.039810,-550.273865,-0.002095,-0.001573,-0.039953,102.486191,5.220895,-0.399531,-550.273865,-0.038748,0.000000
72.500000,23.132904,-550.229370,-0.002108,-0.001572,-0.039936,102.900299,5.241991,-0.399357,-550.229370,-0.038730,0.000000
72.510002,23.213333,-550.318298,-0.002143,-0.001572,-0.039927,103.258064,5.260216,-0.399271,-550.318298,-0.038713,0.000000
72.520004,23.268814,-550.229370,-0.002207,-0.001572,-0.039927,103.504852,5.272789,-0.399271,-550.229370,-0.038696,0.000000
72.530006,23.316849,-550.362793,-0.002225,-0.001572,-0.039927,103.718521,5.283673,-0.399271,-550.362793,-0.038687,0.000000
72.540001,23.361160,-550.229370,-0.002225,-0.001572,-0.039927,103.915634,5.293715,-0.399271,-550.229370,-0.038670,0.000000
72.550003,23.386856,-550.229370,-0.002121,-0.001572,-0.039927,104.029930,5.299537,-0.399271,-550.229370,-0.038652,0.000000
72.560005,23.398026,-550.318298,-0.002126,-0.001572,-0.039927,104.079613,5.302068,-0.399271,-550.318298,-0.038635,0.000000
72.570000,23.419998,-550.273865,-0.002095,-0.001572,-0.039927,104.177353,5.307047,-0.399271,-550.273865,-0.038618,0.000000
72.580002,23.427078,-550.318298,-0.002100,-0.001572,-0.039927,104.208847,5.308652,-0.399271,-550.318298,-0.038600,0.000000
72.590004,23.447189,-550.273865,-0.002104,-0.001572,-0.039927,104.298309,5.313209,-0.399271,-550.273865,-0.038583,0.000000
72.600006,23.458359,-550.318298,-0.002147,-0.001572,-0.039927,104.347992,5.315740,-0.399271,-550.318298,-0.038566,0.000000
72.610001,23.473999,-550.318298,-0.002199,-0.001572,-0.039927,104.417564,5.319284,-0.399271,-550.318298,-0.038548,0.000000
72.620003,23.484421,-550.229370,-0.002216,-0.001572,-0.039927,104.463921,5.321646,-0.399271,-550.229370,-0.038531,0.000000
72.630005,23.491119,-550.318298,-0.002203,-0.001572,-0.039927,104.493721,5.323164,-0.399271,-550.318298,-0.038513,0.000000
72.640007,23.499313,-550.273865,-0.002225,-0.001572,-0.039927,104.530167,5.325020,-0.399271,-550.273865,-0.038496,0.000000
72.650002,23.508255,-550.362793,-0.002169,-0.001572,-0.039927,104.569939,5.327046,-0.399271,-550.362793,-0.038487,0.000000
72.660004,23.510864,-550.229370,-0.002151,-0.001572,-0.039927,104.581551,5.327638,-0.399271,-550.229370,-0.038470,0.000000
72.670006,23.526871,-550.273865,-0.002108,-0.001572,-0.039927,104.652748,5.331265,-0.399271,-550.273865,-0.038453,0.000000
72.680000,23.527985,-550.362793,-0.002104,-0.001572,-0.039927,104.657700,5.331517,-0.399271,-550.362793,-0.038435,0.000000
72.690002,23.522034,-550.184875,-0.002108,-0.001572,-0.039927,104.631233,5.330169,-0.399271,-550.184875,-0.038418,0.000000
72.700005,23.532455,-550.273865,-0.002130,-0.001572,-0.039918,104.677589,5.332530,-0.399184,-550.273865,-0.038401,0.000000
72.710007,23.530594,-550.362793,-0.002177,-0.001568,-0.039823,104.669312,5.332109,-0.398230,-550.362793,-0.038383,0.000000
72.720001,23.601349,-550.184875,-0.002177,-0.001562,-0.039684,104.984039,5.348142,-0.396842,-550.184875,-0.038366,0.000000
72.730003,23.929413,-550.318298,-0.002173,-0.001559,-0.039589,106.443344,5.422482,-0.395889,-550.318298,-0.038349,0.000000
72.740005,24.320404,-550.273865,-0.002246,-0.001555,-0.039502,108.182564,5.511082,-0.395021,-550.273865,-0.038331,0.000000
72.750000,24.645477,-550.318298,-0.002173,-0.001553,-0.039441,109.628555,5.584745,-0.394414,-550.318298,-0.038314,0.000000
72.760002,24.911346,-550.318298,-0.002212,-0.001551,-0.039407,110.811203,5.644992,-0.394067,-550.318298,-0.038297,0.000000
72.770004,25.111694,-550.273865,-0.002207,-0.001551,-0.039389,111.702393,5.690392,-0.393894,-550.273865,-0.038279,0.000000
72.780006,25.227493,-550.362793,-0.002225,-0.001549,-0.039355,112.217491,5.716632,-0.393547,-550.362793,-0.038271,0.000000
72.790001,25.344788,-550.273865,-0.002190,-0.001549,-0.039337,112.739243,5.743211,-0.393374,-550.273865,-0.038253,0.000000
72.800003,25.474747,-550.318298,-0.002203,-0.001549,-0.039337,113.317329,5.772660,-0.393374,-550.318298,-0.038236,0.000000
72.810005,25.559280,-550.318298,-0.002164,-0.001549,-0.039337,113.693359,5.791815,-0.393374,-550.318298,-0.038219,0.000000
72.820000,25.602844,-550.273865,-0.002156,-0.001548,-0.039329,113.887138,5.801687,-0.393287,-550.273865,-0.038201,0.000000
72.830002,25.630783,-550.318298,-0.002130,-0.001548,-0.039329,114.011414,5.808019,-0.393287,-550.318298,-0.038184,0.000000
72.840004,25.658325,-550.273865,-0.002121,-0.001548,-0.039320,114.133934,5.814260,-0.393200,-550.273865,-0.038167,0.000000
72.850006,25.698547,-550.318298,-0.002117,-0.001548,-0.039311,114.312851,5.823374,-0.393113,-550.318298,-0.038149,0.000000
72.860001,25.726105,-550.407288,-0.002134,-0.001548,-0.039311,114.435432,5.829618,-0.393113,-550.407288,-0.038132,0.000000
72.870003,25.752914,-550.273865,-0.002100,-0.001548,-0.039311,114.554687,5.835694,-0.393113,-550.273865,-0.038115,0.000000
72.880005,25.768188,-550.362793,-0.002113,-0.001548,-0.039311,114.622627,5.839155,-0.393113,-550.362793,-0.038097,0.000000
72.890007,25.788284,-550.229370,-0.002095,-0.001548,-0.039311,114.712021,5.843709,-0.393113,-550.229370,-0.038080,0.000000
72.900002,25.805420,-550.318298,-0.002108,-0.001548,-0.039311,114.788239,5.847592,-0.393113,-550.318298,-0.038063,0.000000
72.910004,25.808777,-550.273865,-0.002100,-0.001548,-0.039311,114.803177,5.848352,-0.393113,-550.273865,-0.038054,0.000000
72.920006,25.815094,-550.229370,-0.002121,-0.001547,-0.039303,114.831276,5.849784,-0.393027,-550.229370,-0.038037,0.000000
72.930000,25.823669,-550.407288,-0.002173,-0.001547,-0.039285,114.869415,5.851727,-0.392853,-550.407288,-0.038019,0.000000
72.940002,25.853088,-550.229370,-0.002190,-0.001545,-0.039242,115.000282,5.858394,-0.392420,-550.229370,-0.038002,0.000000
72.950005,25.922348,-550.362793,-0.002195,-0.001543,-0.039181,115.308365,5.874088,-0.391813,-550.362793,-0.037984,0.000000
72.960007,26.066452,-550.362793,-0.002216,-0.001542,-0.039173,115.949371,5.906742,-0.391726,-550.362793,-0.037967,0.000000
72.970001,26.196777,-550.318298,-0.002190,-0.001542,-0.039173,116.529083,5.936275,-0.391726,-550.318298,-0.037950,0.000000
72.980003,26.244446,-550.407288,-0.002220,-0.001542,-0.039173,116.741127,5.947076,-0.391726,-550.407288,-0.037932,0.000000
72.990005,26.275360,-550.273865,-0.002203,-0.001542,-0.039173,116.878639,5.954082,-0.391726,-550.273865,-0.037915,0.000000
73.000000,26.300308,-550.229370,-0.002199,-0.001542,-0.039173,116.989616,5.959735,-0.391726,-550.229370,-0.037898,0.000000
73.010002,26.324875,-550.318298,-0.002190,-0.001542,-0.039173,117.098892,5.965302,-0.391726,-550.318298,-0.037880,0.000000
73.020004,26.334564,-550.273865,-0.002164,-0.001542,-0.039155,117.141991,5.967498,-0.391552,-550.273865,-0.037863,0.000000
73.030006,26.346848,-550.362793,-0.002151,-0.001538,-0.039077,117.196632,5.970281,-0.390772,-550.362793,-0.037846,0.000000
73.040001,26.438828,-550.318298,-0.002195,-0.001535,-0.038999,117.605782,5.991124,-0.389991,-550.318298,-0.037837,0.000000
73.050003,26.638046,-550.318298,-0.002147,-0.001534,-0.038964,118.491951,6.036268,-0.389645,-550.318298,-0.037820,0.000000
73.060005,26.859970,-550.318298,-0.002143,-0.001534,-0.038964,119.479111,6.086556,-0.389645,-550.318298,-0.037802,0.000000
73.070000,26.972809,-550.273865,-0.002091,-0.001534,-0.038964,119.981049,6.112126,-0.389645,-550.273865,-0.037785,0.000000
73.080002,27.010422,-550.407288,-0.002113,-0.001534,-0.038964,120.148354,6.120649,-0.389645,-550.407288,-0.037768,0.000000
73.090004,27.050262,-550.273865,-0.002139,-0.001534,-0.038964,120.325577,6.129677,-0.389645,-550.273865,-0.037750,0.000000
73.100006,27.068130,-550.362793,-0.002177,-0.001534,-0.038964,120.405060,6.133726,-0.389645,-550.362793,-0.037733,0.000000
73.110001,27.087875,-550.273865,-0.002169,-0.001534,-0.038964,120.492889,6.138200,-0.389645,-550.273865,-0.037716,0.000000
73.120003,27.114304,-550.273865,-0.002203,-0.001534,-0.038964,120.610443,6.144189,-0.389645,-550.273865,-0.037698,0.000000
73.130005,27.132919,-550.407288,-0.002216,-0.001534,-0.038964,120.693253,6.148407,-0.389645,-550.407288,-0.037681,0.000000
73.140007,27.140747,-550.184875,-0.002220,-0.001534,-0.038964,120.728073,6.150181,-0.389645,-550.184875,-0.037664,0.000000
73.150002,27.154144,-550.362793,-0.002143,-0.001534,-0.038964,120.787666,6.153217,-0.389645,-550.362793,-0.037646,0.000000
73.160004,27.157135,-550.318298,-0.002143,-0.001534,-0.038964,120.800972,6.153895,-0.389645,-550.318298,-0.037629,0.000000
73.170006,27.175385,-550.229370,-0.002078,-0.001534,-0.038964,120.882149,6.158031,-0.389645,-550.229370,-0.037620,0.000000
73.180000,27.182449,-550.362793,-0.002100,-0.001534,-0.038964,120.913574,6.159631,-0.389645,-550.362793,-0.037603,0.000000
73.190002,27.203308,-550.318298,-0.002177,-0.001534,-0.038964,121.006355,6.164358,-0.389645,-550.318298,-0.037586,0.000000
73.200005,27.217834,-550.273865,-0.002195,-0.001534,-0.038964,121.070976,6.167649,-0.389645,-550.273865,-0.037568,0.000000
73.210007,27.217087,-550.362793,-0.002190,-0.001534,-0.038956,121.067650,6.167480,-0.389558,-550.362793,-0.037551,0.000000
73.220001,27.218567,-550.273865,-0.002212,-0.001532,-0.038921,121.074234,6.167815,-0.389211,-550.273865,-0.037534,0.000000
73.230003,27.237930,-550.362793,-0.002182,-0.001531,-0.038878,121.160362,6.172204,-0.388777,-550.362793,-0.037516,0.000000
73.240005,27.296768,-550.229370,-0.002143,-0.001529,-0.038826,121.422089,6.185536,-0.388257,-550.229370,-0.037499,0.000000
73.250000,27.410339,-550.362793,-0.002100,-0.001528,-0.038800,121.927277,6.211272,-0.387997,-550.362793,-0.037481,0.000000
73.260002,27.530243,-550.362793,-0.002108,-0.001527,-0.038782,122.460640,6.238442,-0.387823,-550.362793,-0.037464,0.000000
73.270004,27.646057,-550.318298,-0.002104,-0.001527,-0.038782,122.975807,6.264686,-0.387823,-550.318298,-0.037447,0.000000
73.280006,27.713455,-550.407288,-0.002095,-0.001527,-0.038782,123.275604,6.279959,-0.387823,-550.407288,-0.037429,0.000000
73.290001,27.756653,-550.318298,-0.002134,-0.001527,-0.038782,123.467758,6.289747,-0.387823,-550.318298,-0.037421,0.000000
73.300003,27.791275,-550.318298,-0.002108,-0.001527,-0.038782,123.621765,6.297593,-0.387823,-550.318298,-0.037403,0.000000
73.310005,27.809158,-550.362793,-0.002164,-0.001527,-0.038782,123.701317,6.301645,-0.387823,-550.362793,-0.037386,0.000000
73.320000,27.815857,-550.229370,-0.002173,-0.001527,-0.038782,123.731110,6.303164,-0.387823,-550.229370,-0.037369,0.000000
73.330002,27.832611,-550.407288,-0.002177,-0.001527,-0.038782,123.805641,6.306960,-0.387823,-550.407288,-0.037351,0.000000
73.340004,27.843048,-550.273865,-0.002229,-0.001526,-0.038765,123.852066,6.309325,-0.387650,-550.273865,-0.037334,0.000000
73.350006,27.853470,-550.362793,-0.002238,-0.001524,-0.038722,123.898422,6.311687,-0.387216,-550.362793,-0.037317,0.000000
73.360001,27.907089,-550.318298,-0.002195,-0.001521,-0.038644,124.136932,6.323837,-0.386436,-550.318298,-0.037299,0.000000
73.370003,28.056046,-550.273865,-0.002164,-0.001518,-0.038557,124.799522,6.357591,-0.385569,-550.273865,-0.037282,0.000000
73.380005,28.307022,-550.362793,-0.002121,-0.001517,-0.038522,125.915924,6.414463,-0.385222,-550.362793,-0.037265,0.000000
73.390007,28.531937,-550.318298,-0.002100,-0.001517,-0.038522,126.916389,6.465429,-0.385222,-550.318298,-0.037247,0.000000
73.400002,28.636932,-550.362793,-0.002087,-0.001517,-0.038522,127.383438,6.489222,-0.385222,-550.362793,-0.037230,0.000000
73.410004,28.681992,-550.318298,-0.002108,-0.001517,-0.038522,127.583870,6.499432,-0.385222,-550.318298,-0.037213,0.000000
73.420006,28.730408,-550.318298,-0.002108,-0.001517,-0.038522,127.799232,6.510404,-0.385222,-550.318298,-0.037204,0.000000
73.430000,28.746048,-550.362793,-0.002199,-0.001517,-0.038522,127.868805,6.513948,-0.385222,-550.362793,-0.037187,0.000000
73.440002,28.773605,-550.362793,-0.002207,-0.001517,-0.038522,127.991386,6.520192,-0.385222,-550.362793,-0.037169,0.000000
73.450005,28.797806,-550.318298,-0.002212,-0.001517,-0.038522,128.099045,6.525676,-0.385222,-550.318298,-0.037152,0.000000
73.460007,28.817169,-550.407288,-0.002160,-0.001517,-0.038522,128.185165,6.530064,-0.385222,-550.407288,-0.037135,0.000000
73.470001,28.824982,-550.273865,-0.002139,-0.001517,-0.038522,128.219925,6.531834,-0.385222,-550.273865,-0.037117,0.000000
73.480003,28.847702,-550.362793,-0.002091,-0.001516,-0.038513,128.320984,6.536983,-0.385135,-550.362793,-0.037100,0.000000
73.490005,28.854782,-550.273865,-0.002113,-0.001514,-0.038461,128.352478,6.538587,-0.384615,-550.273865,-0.037083,0.000000
73.500000,28.899841,-550.362793,-0.002074,-0.001513,-0.038418,128.552917,6.548798,-0.384181,-550.362793,-0.037065,0.000000
73.510002,29.021973,-550.362793,-0.002095,-0.001511,-0.038392,129.096176,6.576473,-0.383921,-550.362793,-0.037048,0.000000
73.520004,29.151184,-550.273865,-0.002104,-0.001511,-0.038392,129.670944,6.605753,-0.383921,-550.273865,-0.037031,0.000000
73.530006,29.221191,-550.362793,-0.002126,-0.001511,-0.038392,129.982346,6.621616,-0.383921,-550.362793,-0.037013,0.000000
73.540001,29.260284,-550.318298,-0.002126,-0.001511,-0.038392,130.156250,6.630475,-0.383921,-550.318298,-0.036996,0.000000
73.550003,29.280777,-550.362793,-0.002169,-0.001511,-0.038392,130.247406,6.635118,-0.383921,-550.362793,-0.036987,0.000000
73.560005,29.307205,-550.362793,-0.002233,-0.001511,-0.038392,130.364960,6.641108,-0.383921,-550.362793,-0.036970,0.000000
73.570000,29.327316,-550.362793,-0.002207,-0.001511,-0.038392,130.454422,6.645665,-0.383921,-550.362793,-0.036952,0.000000
73.580002,29.341095,-550.407288,-0.002139,-0.001511,-0.038392,130.515701,6.648787,-0.383921,-550.407288,-0.036935,0.000000
73.590004,29.356735,-550.273865,-0.002091,-0.001511,-0.038392,130.585281,6.652331,-0.383921,-550.273865,-0.036918,0.000000
73.600006,29.363434,-550.362793,-0.002082,-0.001511,-0.038392,130.615082,6.653850,-0.383921,-550.362793,-0.036900,0.000000
73.610001,29.369400,-550.362793,-0.002100,-0.001511,-0.038392,130.641617,6.655201,-0.383921,-550.362793,-0.036883,0.000000
73.620003,29.371262,-550.229370,-0.002091,-0.001511,-0.038392,130.649902,6.655623,-0.383921,-550.229370,-0.036866,0.000000
73.630005,29.374985,-550.362793,-0.002177,-0.001511,-0.038392,130.666458,6.656466,-0.383921,-550.362793,-0.036848,0.000000
73.640007,29.390244,-550.318298,-0.002203,-0.001511,-0.038392,130.734329,6.659924,-0.383921,-550.318298,-0.036831,0.000000
73.650002,29.393600,-550.318298,-0.002177,-0.001511,-0.038392,130.749268,6.660685,-0.383921,-550.318298,-0.036814,0.000000
73.660004,29.398437,-550.362793,-0.002100,-0.001511,-0.038392,130.770782,6.661781,-0.383921,-550.362793,-0.036796,0.000000
73.670006,29.419296,-550.273865,-0.002100,-0.001511,-0.038383,130.863571,6.666508,-0.383834,-550.273865,-0.036779,0.000000
73.680000,29.424881,-550.407288,-0.002126,-0.001509,-0.038340,130.888412,6.667773,-0.383400,-550.407288,-0.036770,0.000000
73.690002,29.459885,-550.318298,-0.002151,-0.001509,-0.038331,131.044113,6.675705,-0.383314,-550.318298,-0.036753,0.000000
73.700005,29.504196,-550.362793,-0.002087,-0.001509,-0.038331,131.241226,6.685746,-0.383314,-550.362793,-0.036736,0.000000
73.710007,29.542923,-550.407288,-0.002104,-0.001509,-0.038331,131.413483,6.694522,-0.383314,-550.407288,-0.036718,0.000000
73.720001,29.559677,-550.273865,-0.002147,-0.001509,-0.038331,131.488007,6.698318,-0.383314,-550.273865,-0.036701,0.000000
73.730003,29.579041,-550.407288,-0.002182,-0.001509,-0.038331,131.574142,6.702706,-0.383314,-550.407288,-0.036684,0.000000
73.740005,29.595795,-550.229370,-0.002220,-0.001509,-0.038331,131.648666,6.706503,-0.383314,-550.229370,-0.036666,0.000000
73.750000,29.612183,-550.318298,-0.002182,-0.001509,-0.038331,131.721573,6.710217,-0.383314,-550.318298,-0.036649,0.000000
73.760002,29.618515,-550.318298,-0.002126,-0.001509,-0.038331,131.749741,6.711652,-0.383314,-550.318298,-0.036632,0.000000
73.770004,29.625961,-550.318298,-0.002095,-0.001509,-0.038331,131.782852,6.713339,-0.383314,-550.318298,-0.036614,0.000000
73.780006,29.628937,-550.407288,-0.002061,-0.001509,-0.038331,131.796097,6.714013,-0.383314,-550.407288,-0.036597,0.000000
73.790001,29.643829,-550.318298,-0.002126,-0.001509,-0.038331,131.862335,6.717388,-0.383314,-550.318298,-0.036580,0.000000
73.800003,29.643463,-550.362793,-0.002108,-0.001509,-0.038331,131.860703,6.717305,-0.383314,-550.362793,-0.036562,0.000000
73.810005,29.649796,-550.407288,-0.002190,-0.001509,-0.038331,131.888870,6.718740,-0.383314,-550.407288,-0.036554,0.000000
73.820000,29.661331,-550.273865,-0.002169,-0.001509,-0.038323,131.940186,6.721354,-0.383227,-550.273865,-0.036536,0.000000
73.830002,29.652023,-550.407288,-0.002169,-0.001507,-0.038288,131.898788,6.719244,-0.382880,-550.407288,-0.036519,0.000000
73.840004,29.674362,-550.318298,-0.002143,-0.001502,-0.038158,131.998154,6.724307,-0.381579,-550.318298,-0.036502,0.000000
73.850006,29.880295,-550.362793,-0.002143,-0.001497,-0.038028,132.914185,6.770972,-0.380278,-550.362793,-0.036484,0.000000
73.860001,30.318573,-550.362793,-0.002121,-0.001494,-0.037950,134.863754,6.870287,-0.379498,-550.362793,-0.036467,0.000000
73.870003,30.695786,-550.273865,-0.002087,-0.001491,-0.037880,136.541672,6.955764,-0.378804,-550.273865,-0.036449,0.000000
73.880005,30.986603,-550.407288,-0.002151,-0.001489,-0.037820,137.835297,7.021665,-0.378197,-550.407288,-0.036432,0.000000
73.890007,31.226044,-550.273865,-0.002195,-0.001486,-0.037750,138.900375,7.075922,-0.377503,-550.273865,-0.036415,0.000000
73.900002,31.488937,-550.362793,-0.002177,-0.001484,-0.037690,140.069794,7.135495,-0.376896,-550.362793,-0.036397,0.000000
73.910004,31.742523,-550.362793,-0.002134,-0.001483,-0.037664,141.197800,7.192959,-0.376636,-550.362793,-0.036380,0.000000
73.920006,31.945465,-550.318298,-0.002091,-0.001483,-0.037664,142.100525,7.238946,-0.376636,-550.318298,-0.036363,0.000000
73.930000,32.029617,-550.407288,-0.002091,-0.001483,-0.037664,142.474854,7.258015,-0.376636,-550.407288,-0.036354,0.000000
73.940002,32.081757,-550.318298,-0.002173,-0.001483,-0.037664,142.706787,7.269830,-0.376636,-550.318298,-0.036337,0.000000
73.950005,32.134628,-550.318298,-0.002139,-0.001482,-0.037638,142.941971,7.281811,-0.376376,-550.318298,-0.036319,0.000000
73.960007,32.193466,-550.362793,-0.002220,-0.001479,-0.037577,143.203690,7.295144,-0.375769,-550.362793,-0.036302,0.000000
73.970001,32.302200,-550.273865,-0.002220,-0.001477,-0.037516,143.687363,7.319783,-0.375162,-550.273865,-0.036285,0.000000
73.980003,32.512589,-550.407288,-0.002225,-0.001475,-0.037464,144.623215,7.367458,-0.374642,-550.407288,-0.036267,0.000000
73.990005,32.710327,-550.318298,-0.002182,-0.001473,-0.037421,145.502808,7.412266,-0.374208,-550.318298,-0.036250,0.000000
74.000000,32.894272,-550.407288,-0.002160,-0.001472,-0.037395,146.321030,7.453948,-0.373948,-550.407288,-0.036233,0.000000
74.010002,33.058487,-550.362793,-0.002139,-0.001472,-0.037395,147.051498,7.491160,-0.373948,-550.362793,-0.036215,0.000000
74.020004,33.144882,-550.273865,-0.002104,-0.001472,-0.037395,147.435806,7.510737,-0.373948,-550.273865,-0.036198,0.000000
74.030006,33.196640,-550.407288,-0.002095,-0.001472,-0.037395,147.666031,7.522466,-0.373948,-550.407288,-0.036181,0.000000
74.040001,33.239090,-550.318298,-0.002100,-0.001472,-0.037395,147.854858,7.532085,-0.373948,-550.318298,-0.036163,0.000000
74.050003,33.270370,-550.362793,-0.002095,-0.001472,-0.037395,147.994003,7.539174,-0.373948,-550.362793,-0.036146,0.000000
74.060005,33.285629,-550.362793,-0.002147,-0.001472,-0.037395,148.061874,7.542632,-0.373948,-550.362793,-0.036137,0.000000
74.070007,33.311325,-550.273865,-0.002147,-0.001472,-0.037395,148.176178,7.548454,-0.373948,-550.273865,-0.036120,0.000000
74.080002,33.330688,-550.362793,-0.002121,-0.001472,-0.037395,148.262314,7.552842,-0.373948,-550.362793,-0.036103,0.000000
74.090004,33.341125,-550.318298,-0.002130,-0.001472,-0.037395,148.308731,7.555207,-0.373948,-550.318298,-0.036085,0.000000
74.100006,33.351913,-550.318298,-0.002156,-0.001472,-0.037395,148.356720,7.557652,-0.373948,-550.318298,-0.036068,0.000000
74.110001,33.363464,-550.362793,-0.002160,-0.001472,-0.037395,148.408096,7.560269,-0.373948,-550.362793,-0.036051,0.000000
74.120003,33.372772,-550.318298,-0.002212,-0.001472,-0.037395,148.449509,7.562378,-0.373948,-550.318298,-0.036033,0.000000
74.130005,33.388412,-550.362793,-0.002190,-0.001472,-0.037377,148.519073,7.565922,-0.373774,-550.362793,-0.036016,0.000000
74.140007,33.402191,-550.318298,-0.002151,-0.001468,-0.037299,148.580368,7.569045,-0.372994,-550.318298,-0.035999,0.000000
74.150002,33.491928,-550.362793,-0.002087,-0.001465,-0.037204,148.979538,7.589379,-0.372040,-550.362793,-0.035981,0.000000
74.160004,33.737701,-550.362793,-0.002087,-0.001462,-0.037143,150.072784,7.645072,-0.371433,-550.362793,-0.035964,0.000000
74.170006,34.008789,-550.318298,-0.002065,-0.001462,-0.037126,151.278656,7.706501,-0.371259,-550.318298,-0.035947,0.000000
74.180000,34.171143,-550.407288,-0.002095,-0.001462,-0.037126,152.000839,7.743291,-0.371259,-550.407288,-0.035929,0.000000
74.190002,34.240402,-550.362793,-0.002091,-0.001462,-0.037126,152.308914,7.758986,-0.371259,-550.362793,-0.035920,0.000000
74.200005,34.287689,-550.407288,-0.002100,-0.001462,-0.037126,152.519257,7.769701,-0.371259,-550.407288,-0.035903,0.000000
74.210007,34.320465,-550.362793,-0.002095,-0.001462,-0.037126,152.665054,7.777129,-0.371259,-550.362793,-0.035886,0.000000
74.220001,34.346161,-550.318298,-0.002091,-0.001462,-0.037126,152.779358,7.782951,-0.371259,-550.318298,-0.035868,0.000000
74.230003,34.356201,-550.407288,-0.002100,-0.001462,-0.037126,152.824020,7.785227,-0.371259,-550.407288,-0.035851,0.000000
74.240005,34.380783,-550.318298,-0.002113,-0.001462,-0.037126,152.933365,7.790797,-0.371259,-550.318298,-0.035834,0.000000
74.250000,34.398651,-550.407288,-0.002104,-0.001462,-0.037126,153.012848,7.794846,-0.371259,-550.407288,-0.035816,0.000000
74.260002,34.409088,-550.362793,-0.002121,-0.001462,-0.037126,153.059265,7.797211,-0.371259,-550.362793,-0.035799,0.000000
74.270004,34.413177,-550.273865,-0.002121,-0.001462,-0.037126,153.077454,7.798138,-0.371259,-550.273865,-0.035782,0.000000
74.280006,34.430679,-550.407288,-0.002177,-0.001462,-0.037126,153.155304,7.802104,-0.371259,-550.407288,-0.035764,0.000000
74.290001,34.448563,-550.318298,-0.002177,-0.001462,-0.037126,153.234863,7.806156,-0.371259,-550.318298,-0.035747,0.000000
74.300003,34.456375,-550.318298,-0.002173,-0.001459,-0.037057,153.269608,7.807926,-0.370566,-550.318298,-0.035730,0.000000
74.310005,34.503662,-550.318298,-0.002160,-0.001456,-0.036979,153.479950,7.818642,-0.369785,-550.318298,-0.035712,0.000000
74.320007,34.678314,-550.273865,-0.002151,-0.001454,-0.036926,154.256851,7.858218,-0.369265,-550.273865,-0.035704,0.000000
74.330002,34.907318,-550.451782,-0.002130,-0.001453,-0.036900,155.275513,7.910111,-0.369005,-550.451782,-0.035686,0.000000
74.340004,35.065948,-550.362793,-0.002113,-0.001452,-0.036892,155.981125,7.946057,-0.368918,-550.362793,-0.035669,0.000000
74.350006,35.163513,-550.318298,-0.002087,-0.001452,-0.036892,156.415115,7.968166,-0.368918,-550.318298,-0.035652,0.000000
74.360001,35.217133,-550.362793,-0.002121,-0.001452,-0.036892,156.653625,7.980316,-0.368918,-550.362793,-0.035634,0.000000
74.370003,35.244308,-550.273865,-0.002134,-0.001452,-0.036892,156.774521,7.986475,-0.368918,-550.273865,-0.035617,0.000000
74.380005,35.266281,-550.451782,-0.002164,-0.001452,-0.036892,156.872253,7.991454,-0.368918,-550.451782,-0.035600,0.000000
74.390007,35.293091,-550.318298,-0.002186,-0.001452,-0.036892,156.991516,7.997529,-0.368918,-550.318298,-0.035582,0.000000
74.400002,35.309479,-550.362793,-0.002199,-0.001452,-0.036892,157.064407,8.001243,-0.368918,-550.362793,-0.035565,0.000000
74.410004,35.318787,-550.362793,-0.002134,-0.001452,-0.036892,157.105804,8.003351,-0.368918,-550.362793,-0.035548,0.000000
74.420006,35.350067,-550.273865,-0.002078,-0.001452,-0.036892,157.244949,8.010440,-0.368918,-550.273865,-0.035530,0.000000
74.430000,35.364227,-550.451782,-0.002095,-0.001451,-0.036866,157.307938,8.013649,-0.368658,-550.451782,-0.035513,0.000000
74.440002,35.375015,-550.318298,-0.002100,-0.001448,-0.036788,157.355927,8.016093,-0.367877,-550.318298,-0.035496,0.000000
74.450005,35.458801,-550.407288,-0.002104,-0.001445,-0.036701,157.728622,8.035079,-0.367010,-550.407288,-0.035487,0.000000
74.460007,35.700470,-550.407288,-0.002113,-0.001442,-0.036623,158.803619,8.089842,-0.366229,-550.407288,-0.035470,0.000000
74.470001,35.995392,-550.318298,-0.002134,-0.001440,-0.036571,160.115494,8.156672,-0.365709,-550.318298,-0.035452,0.000000
74.480003,36.240784,-550.407288,-0.002190,-0.001439,-0.036554,161.207062,8.212279,-0.365536,-550.407288,-0.035435,0.000000
74.490005,36.406860,-550.318298,-0.002186,-0.001439,-0.036554,161.945801,8.249913,-0.365536,-550.318298,-0.035417,0.000000
74.500000,36.504791,-550.362793,-0.002169,-0.001439,-0.036554,162.381424,8.272104,-0.365536,-550.362793,-0.035400,0.000000
74.510002,36.553574,-550.407288,-0.002126,-0.001439,-0.036554,162.598419,8.283158,-0.365536,-550.407288,-0.035383,0.000000
74.520004,36.598633,-550.362793,-0.002091,-0.001439,-0.036554,162.798843,8.293368,-0.365536,-550.362793,-0.035365,0.000000
74.530006,36.622833,-550.451782,-0.002108,-0.001439,-0.036554,162.906494,8.298853,-0.365536,-550.451782,-0.035348,0.000000
74.540001,36.643692,-550.273865,-0.002095,-0.001439,-0.036554,162.999283,8.303579,-0.365536,-550.273865,-0.035331,0.000000
74.550003,36.653748,-550.318298,-0.002070,-0.001439,-0.036554,163.044006,8.305858,-0.365536,-550.318298,-0.035313,0.000000
74.560005,36.669006,-550.362793,-0.002074,-0.001439,-0.036554,163.111893,8.309316,-0.365536,-550.362793,-0.035296,0.000000
74.570007,36.694336,-550.318298,-0.002095,-0.001439,-0.036554,163.224564,8.315055,-0.365536,-550.318298,-0.035279,0.000000
74.580002,36.692474,-550.407288,-0.002130,-0.001439,-0.036554,163.216278,8.314633,-0.365536,-550.407288,-0.035270,0.000000
74.590004,36.702530,-550.318298,-0.002186,-0.001439,-0.036554,163.261002,8.316913,-0.365536,-550.318298,-0.035253,0.000000
74.600006,36.710342,-550.362793,-0.002190,-0.001439,-0.036554,163.295761,8.318683,-0.365536,-550.362793,-0.035235,0.000000
74.610001,36.720398,-550.451782,-0.002160,-0.001439,-0.036554,163.340485,8.320961,-0.365536,-550.451782,-0.035218,0.000000
74.620003,36.738647,-550.318298,-0.002108,-0.001439,-0.036554,163.421661,8.325096,-0.365536,-550.318298,-0.035201,0.000000
74.630005,36.750183,-550.451782,-0.002134,-0.001438,-0.036536,163.472977,8.327710,-0.365362,-550.451782,-0.035183,0.000000
74.640007,36.758759,-550.229370,-0.002074,-0.001437,-0.036493,163.511124,8.329654,-0.364929,-550.229370,-0.035166,0.000000
74.650002,36.805679,-550.362793,-0.002095,-0.001434,-0.036423,163.719833,8.340286,-0.364235,-550.362793,-0.035149,0.000000
74.660004,36.914032,-550.407288,-0.002082,-0.001433,-0.036389,164.201813,8.364840,-0.363888,-550.407288,-0.035131,0.000000
74.670006,37.098724,-550.318298,-0.002100,-0.001432,-0.036380,165.023361,8.406691,-0.363801,-550.318298,-0.035114,0.000000
74.680000,37.216766,-550.407288,-0.002100,-0.001431,-0.036337,165.548447,8.433439,-0.363368,-550.407288,-0.035097,0.000000
74.690002,37.310989,-550.318298,-0.002143,-0.001430,-0.036328,165.967575,8.454791,-0.363281,-550.318298,-0.035079,0.000000
74.700005,37.413757,-550.362793,-0.002177,-0.001430,-0.036328,166.424698,8.478079,-0.363281,-550.362793,-0.035071,0.000000
74.710007,37.465897,-550.407288,-0.002164,-0.001430,-0.036328,166.656631,8.489893,-0.363281,-550.407288,-0.035053,0.000000
74.720001,37.490097,-550.318298,-0.002190,-0.001430,-0.036328,166.764282,8.495378,-0.363281,-550.318298,-0.035036,0.000000
74.730003,37.526962,-550.362793,-0.002182,-0.001430,-0.036328,166.928268,8.503732,-0.363281,-550.362793,-0.035019,0.000000
74.740005,37.560852,-550.318298,-0.002199,-0.001430,-0.036328,167.079010,8.511411,-0.363281,-550.318298,-0.035001,0.000000
74.750000,37.575745,-550.407288,-0.002199,-0.001430,-0.036328,167.145264,8.514786,-0.363281,-550.407288,-0.034984,0.000000
74.760002,37.580582,-550.407288,-0.002190,-0.001430,-0.036328,167.166779,8.515882,-0.363281,-550.407288,-0.034967,0.000000
74.770004,37.609619,-550.273865,-0.002203,-0.001430,-0.036328,167.295944,8.522461,-0.363281,-550.273865,-0.034949,0.000000
74.780006,37.614471,-550.451782,-0.002177,-0.001430,-0.036311,167.317520,8.523561,-0.363107,-550.451782,-0.034932,0.000000
74.790001,37.621536,-550.318298,-0.002151,-0.001428,-0.036276,167.348953,8.525162,-0.362761,-550.318298,-0.034915,0.000000
74.800003,37.662125,-550.362793,-0.002143,-0.001425,-0.036207,167.529495,8.534360,-0.362067,-550.362793,-0.034897,0.000000
74.810005,37.783524,-550.407288,-0.002164,-0.001422,-0.036120,168.069504,8.561869,-0.361199,-550.407288,-0.034880,0.000000
74.820007,38.044189,-550.362793,-0.002117,-0.001419,-0.036033,169.229004,8.620936,-0.360332,-550.362793,-0.034862,0.000000
74.830002,38.337982,-550.451782,-0.002130,-0.001417,-0.035981,170.535858,8.687510,-0.359812,-550.451782,-0.034854,0.000000
74.840004,38.600510,-550.362793,-0.002108,-0.001415,-0.035947,171.703644,8.747001,-0.359465,-550.362793,-0.034836,0.000000
74.850006,38.787064,-550.407288,-0.002044,-0.001415,-0.035947,172.533478,8.789274,-0.359465,-550.407288,-0.034819,0.000000
74.860001,38.888733,-550.451782,-0.002087,-0.001415,-0.035947,172.985718,8.812313,-0.359465,-550.451782,-0.034802,0.000000
74.870003,38.962830,-550.362793,-0.002078,-0.001415,-0.035947,173.315323,8.829103,-0.359465,-550.362793,-0.034784,0.000000
74.880005,38.995590,-550.407288,-0.002074,-0.001415,-0.035947,173.461044,8.836527,-0.359465,-550.407288,-0.034767,0.000000
74.890007,39.029861,-550.362793,-0.002126,-0.001415,-0.035947,173.613495,8.844293,-0.359465,-550.362793,-0.034750,0.000000
74.900002,39.046982,-550.407288,-0.002134,-0.001415,-0.035947,173.689651,8.848173,-0.359465,-550.407288,-0.034732,0.000000
74.910004,39.067459,-550.451782,-0.002233,-0.001415,-0.035947,173.780731,8.852813,-0.359465,-550.451782,-0.034715,0.000000
74.920006,39.091293,-550.229370,-0.002177,-0.001415,-0.035947,173.886765,8.858213,-0.359465,-550.229370,-0.034698,0.000000
74.930000,39.097260,-550.451782,-0.002130,-0.001415,-0.035947,173.913300,8.859566,-0.359465,-550.451782,-0.034680,0.000000
74.940002,39.109543,-550.362793,-0.002074,-0.001415,-0.035947,173.967941,8.862349,-0.359465,-550.362793,-0.034663,0.000000
74.950005,39.135986,-550.362793,-0.002078,-0.001415,-0.035938,174.085556,8.868341,-0.359378,-550.362793,-0.034646,0.000000
74.960007,39.152359,-550.407288,-0.002126,-0.001413,-0.035886,174.158386,8.872051,-0.358858,-550.407288,-0.034637,0.000000
74.970001,39.196671,-550.362793,-0.002130,-0.001410,-0.035825,174.355499,8.882092,-0.358251,-550.362793,-0.034620,0.000000
74.980003,39.333344,-550.407288,-0.002160,-0.001409,-0.035799,174.963455,8.913062,-0.357991,-550.407288,-0.034602,0.000000
74.990005,39.480057,-550.318298,-0.002212,-0.001409,-0.035782,175.616058,8.946309,-0.357817,-550.318298,-0.034585,0.000000
75.000000,39.546341,-550.362793,-0.002195,-0.001408,-0.035773,175.910904,8.961329,-0.357731,-550.362793,-0.034568,0.000000
75.010002,39.611130,-550.407288,-0.002156,-0.001408,-0.035756,176.199112,8.976010,-0.357557,-550.407288,-0.034550,0.000000
75.020004,39.673691,-550.362793,-0.002139,-0.001407,-0.035738,176.477386,8.990187,-0.357384,-550.362793,-0.034533,0.000000
75.030006,39.761200,-550.451782,-0.002065,-0.001406,-0.035721,176.866653,9.010016,-0.357210,-550.451782,-0.034516,0.000000
75.040001,39.814438,-550.362793,-0.002143,-0.001406,-0.035704,177.103470,9.022081,-0.357037,-550.362793,-0.034498,0.000000
75.050003,39.898605,-550.407288,-0.002169,-0.001405,-0.035695,177.477859,9.041154,-0.356950,-550.407288,-0.034481,0.000000
75.060005,39.952972,-550.451782,-0.002195,-0.001405,-0.035695,177.719696,9.053473,-0.356950,-550.451782,-0.034464,0.000000
75.070007,39.995422,-550.273865,-0.002190,-0.001405,-0.035695,177.908524,9.063092,-0.356950,-550.273865,-0.034446,0.000000
75.080002,40.021851,-550.451782,-0.002199,-0.001405,-0.035686,178.026077,9.069080,-0.356863,-550.451782,-0.034429,0.000000
75.090004,40.042709,-550.407288,-0.002186,-0.001405,-0.035686,178.118866,9.073808,-0.356863,-550.407288,-0.034420,0.000000
75.100006,40.054993,-550.451782,-0.002182,-0.001405,-0.035686,178.173508,9.076591,-0.356863,-550.451782,-0.034403,0.000000
75.110001,40.075104,-550.407288,-0.002151,-0.001405,-0.035686,178.262970,9.081148,-0.356863,-550.407288,-0.034385,0.000000
75.120003,40.092606,-550.318298,-0.002156,-0.001405,-0.035678,178.340820,9.085114,-0.356777,-550.318298,-0.034368,0.000000
75.130005,40.119781,-550.496277,-0.002104,-0.001404,-0.035669,178.461700,9.091272,-0.356690,-550.496277,-0.034351,0.000000
75.140007,40.151810,-550.362793,-0.002104,-0.001403,-0.035643,178.604172,9.098530,-0.356430,-550.362793,-0.034333,0.000000
75.150002,40.172287,-550.407288,-0.002078,-0.001401,-0.035574,178.695251,9.103170,-0.355736,-550.407288,-0.034316,0.000000
75.160004,40.286606,-550.407288,-0.002186,-0.001399,-0.035539,179.203766,9.129075,-0.355389,-550.407288,-0.034299,0.000000
75.170006,40.461624,-550.362793,-0.002195,-0.001399,-0.035539,179.982300,9.168736,-0.355389,-550.362793,-0.034281,0.000000
75.180000,40.556213,-550.451782,-0.002139,-0.001399,-0.035539,180.403046,9.190169,-0.355389,-550.451782,-0.034264,0.000000
75.190002,40.600525,-550.318298,-0.002113,-0.001399,-0.035539,180.600159,9.200210,-0.355389,-550.318298,-0.034247,0.000000
75.200005,40.637756,-550.407288,-0.002108,-0.001399,-0.035539,180.765762,9.208647,-0.355389,-550.407288,-0.034229,0.000000
75.210007,40.657867,-550.407288,-0.002065,-0.001399,-0.035539,180.855225,9.213204,-0.355389,-550.407288,-0.034212,0.000000
75.220001,40.678345,-550.318298,-0.002108,-0.001399,-0.035539,180.946320,9.217845,-0.355389,-550.318298,-0.034203,0.000000
75.230003,40.696594,-550.451782,-0.002126,-0.001399,-0.035539,181.027496,9.221980,-0.355389,-550.451782,-0.034186,0.000000
75.240005,40.720047,-550.318298,-0.002182,-0.001399,-0.035539,181.131821,9.227295,-0.355389,-550.318298,-0.034169,0.000000
75.250000,40.746857,-550.362793,-0.002173,-0.001399,-0.035539,181.251068,9.233370,-0.355389,-550.362793,-0.034151,0.000000
75.260002,40.752075,-550.362793,-0.002126,-0.001399,-0.035539,181.274277,9.234552,-0.355389,-550.362793,-0.034134,0.000000
75.270004,40.757660,-550.362793,-0.002078,-0.001398,-0.035513,181.299133,9.235818,-0.355129,-550.362793,-0.034117,0.000000
75.280006,40.763245,-550.407288,-0.002134,-0.001396,-0.035452,181.323975,9.237083,-0.354522,-550.407288,-0.034099,0.000000
75.290001,40.835495,-550.362793,-0.002147,-0.001395,-0.035426,181.645355,9.253456,-0.354262,-550.362793,-0.034082,0.000000
75.300003,40.985550,-550.407288,-0.002113,-0.001395,-0.035426,182.312836,9.287458,-0.354262,-550.407288,-0.034065,0.000000
75.310005,41.063751,-550.407288,-0.002078,-0.001395,-0.035426,182.660690,9.305180,-0.354262,-550.407288,-0.034047,0.000000
75.320007,41.097641,-550.362793,-0.002100,-0.001395,-0.035426,182.811432,9.312859,-0.354262,-550.362793,-0.034030,0.000000
75.330002,41.123337,-550.451782,-0.002065,-0.001395,-0.035426,182.925735,9.318682,-0.354262,-550.451782,-0.034013,0.000000
75.340004,41.147903,-550.318298,-0.002100,-0.001395,-0.035426,183.035019,9.324248,-0.354262,-550.318298,-0.034004,0.000000
75.350006,41.163544,-550.407288,-0.002151,-0.001395,-0.035426,183.104584,9.327792,-0.354262,-550.407288,-0.033987,0.000000
75.360001,41.178436,-550.451782,-0.002130,-0.001395,-0.035426,183.170837,9.331167,-0.354262,-550.451782,-0.033969,0.000000
75.370003,41.197800,-550.362793,-0.002139,-0.001395,-0.035426,183.256958,9.335555,-0.354262,-550.362793,-0.033952,0.000000
75.380005,41.200043,-550.451782,-0.002182,-0.001395,-0.035426,183.266937,9.336063,-0.354262,-550.451782,-0.033935,0.000000
75.390007,41.205627,-550.362793,-0.002199,-0.001395,-0.035426,183.291779,9.337329,-0.354262,-550.362793,-0.033917,0.000000
75.400002,41.215302,-550.451782,-0.002207,-0.001395,-0.035426,183.334824,9.339521,-0.354262,-550.451782,-0.033900,0.000000
75.410004,41.225357,-550.451782,-0.002177,-0.001395,-0.035426,183.379547,9.341799,-0.354262,-550.451782,-0.033883,0.000000
75.420006,41.239883,-550.407288,-0.002195,-0.001395,-0.035426,183.444168,9.345091,-0.354262,-550.407288,-0.033865,0.000000
75.430000,41.245468,-550.407288,-0.002190,-0.001395,-0.035426,183.469009,9.346356,-0.354262,-550.407288,-0.033848,0.000000
75.440002,41.245102,-550.362793,-0.002164,-0.001395,-0.035426,183.467377,9.346273,-0.354262,-550.362793,-0.033830,0.000000
75.450005,41.252914,-550.407288,-0.002160,-0.001395,-0.035426,183.502121,9.348044,-0.354262,-550.407288,-0.033813,0.000000
75.460007,41.262970,-550.407288,-0.002173,-0.001395,-0.035426,183.546860,9.350323,-0.354262,-550.407288,-0.033796,0.000000
75.470001,41.276382,-550.273865,-0.002117,-0.001395,-0.035426,183.606522,9.353362,-0.354262,-550.273865,-0.033787,0.000000
75.480003,41.266327,-550.451782,-0.002078,-0.001394,-0.035417,183.561783,9.351084,-0.354175,-550.451782,-0.033770,0.000000
75.490005,41.271912,-550.273865,-0.002151,-0.001394,-0.035417,183.586639,9.352349,-0.354175,-550.273865,-0.033752,0.000000
75.500000,41.284195,-550.362793,-0.002164,-0.001394,-0.035409,183.641266,9.355132,-0.354088,-550.362793,-0.033735,0.000000
75.510002,41.284195,-550.451782,-0.002147,-0.001394,-0.035409,183.641266,9.355132,-0.354088,-550.451782,-0.033718,0.000000
75.520004,41.283081,-550.362793,-0.002147,-0.001394,-0.035409,183.636322,9.354880,-0.354088,-550.362793,-0.033700,0.000000
75.530006,41.294617,-550.451782,-0.002160,-0.001393,-0.035391,183.687622,9.357493,-0.353915,-550.451782,-0.033683,0.000000
75.540001,41.324417,-550.318298,-0.002216,-0.001390,-0.035313,183.820190,9.364247,-0.353134,-550.318298,-0.033666,0.000000
75.550003,41.399628,-550.407288,-0.002212,-0.001387,-0.035227,184.154739,9.381290,-0.352267,-550.407288,-0.033648,0.000000
75.560005,41.627518,-550.451782,-0.002186,-0.001382,-0.035114,185.168442,9.432930,-0.351140,-550.451782,-0.033631,0.000000
75.570007,41.977188,-550.273865,-0.002173,-0.001379,-0.035027,186.723862,9.512167,-0.350272,-550.273865,-0.033614,0.000000
75.580002,42.346207,-550.407288,-0.002160,-0.001376,-0.034949,188.365341,9.595787,-0.349492,-550.407288,-0.033596,0.000000
75.590004,42.673141,-550.362793,-0.002139,-0.001374,-0.034906,189.819611,9.669872,-0.349058,-550.362793,-0.033579,0.000000
75.600006,42.926361,-550.362793,-0.002087,-0.001372,-0.034845,190.945984,9.727253,-0.348451,-550.362793,-0.033570,0.000000
75.610001,43.145309,-550.451782,-0.002061,-0.001370,-0.034810,191.919922,9.776867,-0.348104,-550.451782,-0.033553,0.000000
75.620003,43.344162,-550.273865,-0.002091,-0.001369,-0.034784,192.804459,9.821927,-0.347844,-550.273865,-0.033536,0.000000
75.630005,43.503540,-550.407288,-0.002190,-0.001367,-0.034732,193.513412,9.858043,-0.347324,-550.407288,-0.033518,0.000000
75.640007,43.669250,-550.318298,-0.002203,-0.001366,-0.034706,194.250534,9.895594,-0.347064,-550.318298,-0.033501,0.000000
75.650002,43.837555,-550.407288,-0.002216,-0.001366,-0.034689,194.999176,9.933732,-0.346890,-550.407288,-0.033484,0.000000
75.660004,43.953369,-550.451782,-0.002173,-0.001365,-0.034680,195.514343,9.959976,-0.346804,-550.451782,-0.033466,0.000000
75.670006,44.029694,-550.362793,-0.002173,-0.001363,-0.034628,195.853851,9.977271,-0.346283,-550.362793,-0.033449,0.000000
75.680000,44.145508,-550.451782,-0.002117,-0.001361,-0.034576,196.369019,10.003515,-0.345763,-550.451782,-0.033432,0.000000
75.690002,44.345474,-550.407288,-0.002082,-0.001361,-0.034576,197.258514,10.048828,-0.345763,-550.407288,-0.033414,0.000000
75.700005,44.478409,-550.451782,-0.002087,-0.001361,-0.034576,197.849838,10.078952,-0.345763,-550.451782,-0.033397,0.000000
75.710007,44.525696,-550.451782,-0.002078,-0.001361,-0.034576,198.060181,10.089666,-0.345763,-550.451782,-0.033380,0.000000
75.720001,44.569260,-550.362793,-0.002061,-0.001361,-0.034576,198.253967,10.099539,-0.345763,-550.362793,-0.033362,0.000000
75.730003,44.598679,-550.451782,-0.002151,-0.001361,-0.034576,198.384827,10.106205,-0.345763,-550.451782,-0.033354,0.000000
75.740005,44.622513,-550.362793,-0.002195,-0.001361,-0.034576,198.490845,10.111606,-0.345763,-550.362793,-0.033336,0.000000
75.750000,44.639648,-550.407288,-0.002177,-0.001361,-0.034576,198.567078,10.115489,-0.345763,-550.407288,-0.033319,0.000000
75.760002,44.666077,-550.496277,-0.002121,-0.001361,-0.034576,198.684631,10.121477,-0.345763,-550.496277,-0.033301,0.000000
75.770004,44.669434,-550.318298,-0.002074,-0.001361,-0.034576,198.699570,10.122238,-0.345763,-550.318298,-0.033284,0.000000
75.780006,44.683212,-550.407288,-0.002035,-0.001361,-0.034576,198.760849,10.125360,-0.345763,-550.407288,-0.033267,0.000000
75.790001,44.702209,-550.407288,-0.002074,-0.001359,-0.034516,198.845352,10.129665,-0.345156,-550.407288,-0.033249,0.000000
75.800003,44.743164,-550.407288,-0.002061,-0.001357,-0.034464,199.027527,10.138947,-0.344636,-550.407288,-0.033232,0.000000
75.810005,44.890625,-550.407288,-0.002095,-0.001356,-0.034446,199.683472,10.172361,-0.344462,-550.407288,-0.033215,0.000000
75.820007,45.034729,-550.362793,-0.002082,-0.001356,-0.034446,200.324478,10.205015,-0.344462,-550.362793,-0.033197,0.000000
75.830002,45.101761,-550.451782,-0.002087,-0.001356,-0.034446,200.622650,10.220205,-0.344462,-550.451782,-0.033180,0.000000
75.840004,45.137131,-550.362793,-0.002070,-0.001356,-0.034446,200.779984,10.228220,-0.344462,-550.362793,-0.033163,0.000000
75.850006,45.175491,-550.407288,-0.002117,-0.001356,-0.034446,200.950623,10.236913,-0.344462,-550.407288,-0.033145,0.000000
75.860001,45.194855,-550.496277,-0.002160,-0.001356,-0.034446,201.036758,10.241301,-0.344462,-550.496277,-0.033137,0.000000
75.870003,45.213837,-550.362793,-0.002160,-0.001356,-0.034446,201.121185,10.245603,-0.344462,-550.362793,-0.033119,0.000000
75.880005,45.233582,-550.451782,-0.002195,-0.001356,-0.034446,201.209015,10.250076,-0.344462,-550.451782,-0.033102,0.000000
75.890007,45.246613,-550.318298,-0.002195,-0.001356,-0.034446,201.266983,10.253029,-0.344462,-550.318298,-0.033085,0.000000
75.900002,45.268951,-550.407288,-0.002147,-0.001356,-0.034446,201.366348,10.258091,-0.344462,-550.407288,-0.033067,0.000000
75.910004,45.273422,-550.451782,-0.002126,-0.001356,-0.034438,201.386246,10.259105,-0.344375,-550.451782,-0.033050,0.000000
75.920006,45.285339,-550.318298,-0.002091,-0.001356,-0.034438,201.439255,10.261805,-0.344375,-550.318298,-0.033033,0.000000
75.930000,45.301346,-550.451782,-0.002082,-0.001356,-0.034438,201.510452,10.265432,-0.344375,-550.451782,-0.033015,0.000000
75.940002,45.319595,-550.318298,-0.002057,-0.001356,-0.034438,201.591629,10.269567,-0.344375,-550.318298,-0.032998,0.000000
75.950005,45.316254,-550.451782,-0.002070,-0.001356,-0.034438,201.576767,10.268810,-0.344375,-550.451782,-0.032981,0.000000
75.960007,45.313263,-550.451782,-0.002087,-0.001353,-0.034377,201.563461,10.268132,-0.343768,-550.451782,-0.032963,0.000000
75.970001,45.364288,-550.407288,-0.002078,-0.001350,-0.034281,201.790436,10.279696,-0.342814,-550.407288,-0.032946,0.000000
75.980003,45.548599,-550.451782,-0.002048,-0.001347,-0.034203,202.610291,10.321461,-0.342034,-550.451782,-0.032929,0.000000
75.990005,45.807404,-550.362793,-0.002082,-0.001344,-0.034134,203.761505,10.380106,-0.341340,-550.362793,-0.032920,0.000000
76.000000,46.072540,-550.451782,-0.002113,-0.001342,-0.034082,204.940887,10.440187,-0.340820,-550.451782,-0.032903,0.000000
76.010002,46.335800,-550.362793,-0.002147,-0.001340,-0.034047,206.111938,10.499842,-0.340473,-550.362793,-0.032885,0.000000
76.020004,46.522736,-550.362793,-0.002143,-0.001339,-0.034004,206.943466,10.542203,-0.340039,-550.362793,-0.032868,0.000000
76.030006,46.690308,-550.496277,-0.002108,-0.001337,-0.033952,207.688858,10.580175,-0.339519,-550.496277,-0.032851,0.000000
76.040001,46.878342,-550.407288,-0.002087,-0.001336,-0.033926,208.525284,10.622784,-0.339259,-550.407288,-0.032833,0.000000
76.050003,47.049271,-550.451782,-0.002078,-0.001335,-0.033917,209.285614,10.661517,-0.339172,-550.451782,-0.032816,0.000000
76.060005,47.145340,-550.407288,-0.002074,-0.001335,-0.033917,209.712952,10.683287,-0.339172,-550.407288,-0.032798,0.000000
76.070007,47.213852,-550.318298,-0.002104,-0.001335,-0.033917,210.017700,10.698812,-0.339172,-550.318298,-0.032781,0.000000
76.080002,47.264877,-550.496277,-0.002121,-0.001335,-0.033917,210.244675,10.710374,-0.339172,-550.496277,-0.032764,0.000000
76.090004,47.302109,-550.407288,-0.002130,-0.001335,-0.033917,210.410294,10.718811,-0.339172,-550.407288,-0.032746,0.000000
76.100006,47.336365,-550.407288,-0.002130,-0.001334,-0.033891,210.562668,10.726574,-0.338912,-550.407288,-0.032729,0.000000
76.110001,47.361313,-550.407288,-0.002195,-0.001333,-0.033856,210.673645,10.732226,-0.338565,-550.407288,-0.032720,0.000000
76.120003,47.429840,-550.273865,-0.002195,-0.001332,-0.033839,210.978470,10.747755,-0.338391,-550.273865,-0.032703,0.000000
76.130005,47.520325,-550.496277,-0.002173,-0.001332,-0.033839,211.380966,10.768260,-0.338391,-550.496277,-0.032686,0.000000
76.140007,47.583252,-550.362793,-0.002126,-0.001332,-0.033839,211.660873,10.782519,-0.338391,-550.362793,-0.032668,0.000000
76.150002,47.619370,-550.451782,-0.002121,-0.001332,-0.033830,211.821533,10.790704,-0.338305,-550.451782,-0.032651,0.000000
76.160004,47.658844,-550.407288,-0.002070,-0.001332,-0.033830,211.997131,10.799648,-0.338305,-550.407288,-0.032634,0.000000
76.170006,47.685654,-550.362793,-0.002074,-0.001332,-0.033830,212.116379,10.805724,-0.338305,-550.362793,-0.032616,0.000000
76.180000,47.701660,-550.496277,-0.002087,-0.001332,-0.033830,212.187576,10.809351,-0.338305,-550.496277,-0.032599,0.000000
76.190002,47.730713,-550.407288,-0.002139,-0.001332,-0.033830,212.316818,10.815934,-0.338305,-550.407288,-0.032582,0.000000
76.200005,47.734436,-550.451782,-0.002147,-0.001332,-0.033830,212.333374,10.816777,-0.338305,-550.451782,-0.032564,0.000000
76.210007,47.748581,-550.496277,-0.002177,-0.001331,-0.033813,212.396301,10.819983,-0.338131,-550.496277,-0.032547,0.000000
76.220001,47.778366,-550.318298,-0.002147,-0.001331,-0.033804,212.528793,10.826733,-0.338045,-550.318298,-0.032530,0.000000
76.230003,47.806305,-550.451782,-0.002169,-0.001331,-0.033796,212.653061,10.833063,-0.337958,-550.451782,-0.032512,0.000000
76.240005,47.836838,-550.362793,-0.002169,-0.001331,-0.033796,212.788879,10.839982,-0.337958,-550.362793,-0.032504,0.000000
76.250000,47.861038,-550.407288,-0.002160,-0.001331,-0.033796,212.896530,10.845467,-0.337958,-550.407288,-0.032486,0.000000
76.260002,47.871094,-550.407288,-0.002186,-0.001330,-0.033770,212.941254,10.847745,-0.337698,-550.407288,-0.032469,0.000000
76.270004,47.907211,-550.362793,-0.002164,-0.001328,-0.033726,213.101913,10.855929,-0.337264,-550.362793,-0.032452,0.000000
76.280006,47.989136,-550.540710,-0.002104,-0.001328,-0.033726,213.466339,10.874494,-0.337264,-550.540710,-0.032434,0.000000
76.290001,48.050949,-550.407288,-0.002108,-0.001328,-0.033726,213.741302,10.888501,-0.337264,-550.407288,-0.032417,0.000000
76.300003,48.093033,-550.451782,-0.002074,-0.001328,-0.033726,213.928497,10.898037,-0.337264,-550.451782,-0.032400,0.000000
76.310005,48.128036,-550.451782,-0.002061,-0.001328,-0.033726,214.084198,10.905970,-0.337264,-550.451782,-0.032382,0.000000
76.320007,48.152603,-550.362793,-0.002057,-0.001328,-0.033726,214.193481,10.911535,-0.337264,-550.362793,-0.032365,0.000000
76.330002,48.167130,-550.496277,-0.002108,-0.001328,-0.033726,214.258087,10.914827,-0.337264,-550.496277,-0.032348,0.000000
76.340004,48.193192,-550.407288,-0.002169,-0.001328,-0.033726,214.374023,10.920733,-0.337264,-550.407288,-0.032330,0.000000
76.350006,48.199524,-550.451782,-0.002177,-0.001328,-0.033726,214.402191,10.922168,-0.337264,-550.451782,-0.032313,0.000000
76.360001,48.203629,-550.407288,-0.002190,-0.001328,-0.033726,214.420456,10.923099,-0.337264,-550.407288,-0.032295,0.000000
76.370003,48.222244,-550.362793,-0.002177,-0.001328,-0.033726,214.503250,10.927317,-0.337264,-550.362793,-0.032287,0.000000
76.380005,48.220749,-550.496277,-0.002164,-0.001328,-0.033726,214.496597,10.926978,-0.337264,-550.496277,-0.032269,0.000000
76.390007,48.227081,-550.362793,-0.002173,-0.001328,-0.033726,214.524765,10.928413,-0.337264,-550.362793,-0.032252,0.000000
76.400002,48.241974,-550.496277,-0.002113,-0.001327,-0.033718,214.591019,10.931787,-0.337177,-550.496277,-0.032235,0.000000
76.410004,48.256866,-550.451782,-0.002100,-0.001327,-0.033718,214.657257,10.935162,-0.337177,-550.451782,-0.032217,0.000000
76.420006,48.257996,-550.318298,-0.002082,-0.001327,-0.033718,214.662292,10.935418,-0.337177,-550.318298,-0.032200,0.000000
76.430000,48.268036,-550.496277,-0.002065,-0.001327,-0.033718,214.706940,10.937694,-0.337177,-550.496277,-0.032183,0.000000
76.440002,48.270645,-550.451782,-0.002095,-0.001327,-0.033718,214.718552,10.938284,-0.337177,-550.451782,-0.032165,0.000000
76.450005,48.278839,-550.451782,-0.002134,-0.001327,-0.033718,214.755005,10.940142,-0.337177,-550.451782,-0.032148,0.000000
76.460007,48.285172,-550.496277,-0.002169,-0.001327,-0.033718,214.783173,10.941576,-0.337177,-550.496277,-0.032131,0.000000
76.470001,48.297089,-550.407288,-0.002190,-0.001327,-0.033718,214.836182,10.944277,-0.337177,-550.407288,-0.032113,0.000000
76.480003,48.300812,-550.451782,-0.002143,-0.001325,-0.033657,214.852737,10.945120,-0.336570,-550.451782,-0.032096,0.000000
76.490005,48.325394,-550.407288,-0.002130,-0.001320,-0.033518,214.962082,10.950690,-0.335183,-550.407288,-0.032079,0.000000
76.500000,48.551041,-550.451782,-0.002130,-0.001315,-0.033406,215.965820,11.001823,-0.334055,-550.451782,-0.032070,0.000000
76.510002,48.987839,-550.407288,-0.002134,-0.001312,-0.033327,217.908783,11.100803,-0.333275,-550.407288,-0.032053,0.000000
76.520004,49.340851,-550.318298,-0.002057,-0.001312,-0.033319,219.479065,11.180797,-0.333188,-550.318298,-0.032035,0.000000
76.530006,49.529266,-550.451782,-0.002091,-0.001311,-0.033310,220.317184,11.223493,-0.333101,-550.451782,-0.032018,0.000000
76.540001,49.630188,-550.407288,-0.002147,-0.001311,-0.033310,220.766098,11.246362,-0.333101,-550.407288,-0.032001,0.000000
76.550003,49.705399,-550.496277,-0.002177,-0.001311,-0.033310,221.100662,11.263405,-0.333101,-550.496277,-0.031983,0.000000
76.560005,49.751572,-550.451782,-0.002160,-0.001311,-0.033310,221.306046,11.273868,-0.333101,-550.451782,-0.031966,0.000000
76.570007,49.780243,-550.407288,-0.002104,-0.001311,-0.033310,221.433578,11.280364,-0.333101,-550.407288,-0.031949,0.000000
76.580002,49.804825,-550.496277,-0.002087,-0.001311,-0.033310,221.542923,11.285934,-0.333101,-550.496277,-0.031931,0.000000
76.590004,49.839462,-550.362793,-0.002061,-0.001311,-0.033310,221.697006,11.293783,-0.333101,-550.362793,-0.031914,0.000000
76.600006,49.853607,-550.496277,-0.002035,-0.001311,-0.033310,221.759918,11.296989,-0.333101,-550.496277,-0.031897,0.000000
76.610001,49.877441,-550.407288,-0.002061,-0.001311,-0.033310,221.865936,11.302390,-0.333101,-550.407288,-0.031879,0.000000
76.620003,49.894943,-550.407288,-0.002070,-0.001311,-0.033301,221.943787,11.306355,-0.333015,-550.407288,-0.031862,0.000000
76.630005,49.899033,-550.451782,-0.002078,-0.001311,-0.033301,221.961975,11.307282,-0.333015,-550.451782,-0.031853,0.000000
76.640007,49.903503,-550.407288,-0.002091,-0.001311,-0.033301,221.981873,11.308295,-0.333015,-550.407288,-0.031836,0.000000
76.650002,49.915787,-550.407288,-0.002091,-0.001311,-0.033301,222.036514,11.311079,-0.333015,-550.407288,-0.031819,0.000000
76.660004,49.928452,-550.451782,-0.002182,-0.001311,-0.033301,222.092850,11.313949,-0.333015,-550.451782,-0.031801,0.000000
76.670006,49.941483,-550.407288,-0.002156,-0.001310,-0.033267,222.150803,11.316902,-0.332668,-550.407288,-0.031784,0.000000
76.680000,49.953033,-550.496277,-0.002160,-0.001306,-0.033163,222.202194,11.319519,-0.331627,-550.496277,-0.031766,0.000000
76.690002,50.127304,-550.407288,-0.002108,-0.001301,-0.033041,222.977386,11.359010,-0.330413,-550.407288,-0.031749,0.000000
76.700005,50.477707,-550.407288,-0.002126,-0.001297,-0.032946,224.536057,11.438412,-0.329459,-550.407288,-0.031732,0.000000
76.710007,50.873154,-550.451782,-0.002057,-0.001295,-0.032903,226.295090,11.528022,-0.329025,-550.451782,-0.031714,0.000000
76.720001,51.155792,-550.362793,-0.002108,-0.001295,-0.032885,227.552322,11.592069,-0.328852,-550.362793,-0.031697,0.000000
76.730003,51.313309,-550.496277,-0.002130,-0.001294,-0.032868,228.252991,11.627762,-0.328679,-550.496277,-0.031680,0.000000
76.740005,51.433578,-550.318298,-0.002147,-0.001294,-0.032868,228.787979,11.655016,-0.328679,-550.318298,-0.031662,0.000000
76.750000,51.513641,-550.451782,-0.002182,-0.001294,-0.032868,229.144119,11.673158,-0.328679,-550.451782,-0.031654,0.000000
76.760002,51.558319,-550.496277,-0.002186,-0.001294,-0.032868,229.342865,11.683282,-0.328679,-550.496277,-0.031636,0.000000
76.770004,51.585144,-550.362793,-0.002147,-0.001294,-0.032868,229.462173,11.689361,-0.328679,-550.362793,-0.031619,0.000000
76.780006,51.617538,-550.540710,-0.002078,-0.001294,-0.032868,229.606277,11.696702,-0.328679,-550.540710,-0.031602,0.000000
76.790001,51.635040,-550.407288,-0.002057,-0.001294,-0.032868,229.684128,11.700667,-0.328679,-550.407288,-0.031584,0.000000
76.800003,51.657379,-550.451782,-0.002074,-0.001294,-0.032868,229.783493,11.705729,-0.328679,-550.451782,-0.031567,0.000000
76.810005,51.674133,-550.451782,-0.002078,-0.001294,-0.032859,229.858032,11.709526,-0.328592,-550.451782,-0.031550,0.000000
76.820007,51.689407,-550.407288,-0.002087,-0.001293,-0.032851,229.925964,11.712988,-0.328505,-550.407288,-0.031532,0.000000
76.830002,51.710999,-550.540710,-0.002134,-0.001292,-0.032824,230.022003,11.717880,-0.328245,-550.540710,-0.031515,0.000000
76.840004,51.750092,-550.407288,-0.002151,-0.001291,-0.032798,230.195908,11.726739,-0.327985,-550.407288,-0.031498,0.000000
76.850006,51.792542,-550.451782,-0.002207,-0.001289,-0.032746,230.384735,11.736358,-0.327464,-550.451782,-0.031480,0.000000
76.860001,51.916550,-550.451782,-0.002177,-0.001288,-0.032720,230.936340,11.764459,-0.327204,-550.451782,-0.031463,0.000000
76.870003,52.061401,-550.407288,-0.002186,-0.001288,-0.032703,231.580673,11.797282,-0.327031,-550.407288,-0.031446,0.000000
76.880005,52.142578,-550.540710,-0.002182,-0.001287,-0.032694,231.941772,11.815678,-0.326944,-550.540710,-0.031437,0.000000
76.890007,52.223755,-550.407288,-0.002139,-0.001286,-0.032677,232.302856,11.834072,-0.326771,-550.407288,-0.031420,0.000000
76.900002,52.281479,-550.451782,-0.002117,-0.001284,-0.032625,232.559631,11.847153,-0.326250,-550.451782,-0.031402,0.000000
76.910004,52.390579,-550.496277,-0.002078,-0.001284,-0.032616,233.044937,11.871875,-0.326164,-550.496277,-0.031385,0.000000
76.920006,52.516815,-550.407288,-0.002087,-0.001284,-0.032616,233.606461,11.900480,-0.326164,-550.407288,-0.031368,0.000000
76.930000,52.576767,-550.540710,-0.002070,-0.001284,-0.032616,233.873138,11.914065,-0.326164,-550.540710,-0.031350,0.000000
76.940002,52.609909,-550.362793,-0.002087,-0.001284,-0.032616,234.020569,11.921576,-0.326164,-550.362793,-0.031333,0.000000
76.950005,52.650116,-550.451782,-0.002130,-0.001284,-0.032608,234.199417,11.930687,-0.326077,-550.451782,-0.031316,0.000000
76.960007,52.676193,-550.496277,-0.002169,-0.001284,-0.032608,234.315414,11.936596,-0.326077,-550.496277,-0.031298,0.000000
76.970001,52.692566,-550.362793,-0.002160,-0.001284,-0.032608,234.388245,11.940306,-0.326077,-550.362793,-0.031281,0.000000
76.980003,52.717896,-550.540710,-0.002186,-0.001284,-0.032608,234.500916,11.946046,-0.326077,-550.540710,-0.031263,0.000000
76.990005,52.720123,-550.407288,-0.002156,-0.001284,-0.032608,234.510818,11.946550,-0.326077,-550.407288,-0.031246,0.000000
77.000000,52.729813,-550.451782,-0.002151,-0.001284,-0.032608,234.553925,11.948747,-0.326077,-550.451782,-0.031229,0.000000
77.010002,52.750656,-550.451782,-0.002156,-0.001283,-0.032599,234.646637,11.953469,-0.325990,-550.451782,-0.031220,0.000000
77.020004,52.769653,-550.362793,-0.002087,-0.001283,-0.032582,234.731140,11.957774,-0.325817,-550.362793,-0.031203,0.000000
77.030006,52.806885,-550.585205,-0.002065,-0.001281,-0.032547,234.896759,11.966211,-0.325470,-550.585205,-0.031185,0.000000
77.040001,52.837433,-550.407288,-0.002044,-0.001280,-0.032504,235.032639,11.973133,-0.325036,-550.407288,-0.031168,0.000000
77.050003,52.909286,-550.496277,-0.002061,-0.001277,-0.032426,235.352264,11.989415,-0.324256,-550.496277,-0.031151,0.000000
77.060005,53.089890,-550.496277,-0.002082,-0.001275,-0.032382,236.155624,12.030341,-0.323822,-550.496277,-0.031133,0.000000
77.070007,53.302139,-550.407288,-0.002057,-0.001274,-0.032365,237.099762,12.078438,-0.323649,-550.407288,-0.031116,0.000000
77.080002,53.439545,-550.540710,-0.002104,-0.001274,-0.032365,237.710968,12.109573,-0.323649,-550.540710,-0.031099,0.000000
77.090004,53.528915,-550.451782,-0.002100,-0.001274,-0.032356,238.108505,12.129826,-0.323562,-550.451782,-0.031081,0.000000
77.100006,53.584030,-550.451782,-0.002104,-0.001274,-0.032356,238.353668,12.142315,-0.323562,-550.451782,-0.031064,0.000000
77.110001,53.619781,-550.496277,-0.002160,-0.001274,-0.032356,238.512695,12.150416,-0.323562,-550.496277,-0.031047,0.000000
77.120003,53.645477,-550.407288,-0.002169,-0.001274,-0.032356,238.626999,12.156240,-0.323562,-550.407288,-0.031029,0.000000
77.130005,53.665207,-550.540710,-0.002151,-0.001274,-0.032356,238.714767,12.160709,-0.323562,-550.540710,-0.031012,0.000000
77.140007,53.686813,-550.407288,-0.002164,-0.001274,-0.032356,238.810867,12.165606,-0.323562,-550.407288,-0.031003,0.000000
77.150002,53.703186,-550.407288,-0.002151,-0.001274,-0.032348,238.883698,12.169316,-0.323475,-550.407288,-0.030986,0.000000
77.160004,53.729630,-550.540710,-0.002182,-0.001272,-0.032313,239.001328,12.175308,-0.323128,-550.540710,-0.030969,0.000000
77.170006,53.799271,-550.407288,-0.002126,-0.001271,-0.032295,239.311111,12.191090,-0.322955,-550.407288,-0.030951,0.000000
77.180000,53.868530,-550.585205,-0.002113,-0.001271,-0.032287,239.619186,12.206783,-0.322868,-550.585205,-0.030934,0.000000
77.190002,53.907990,-550.407288,-0.002087,-0.001271,-0.032287,239.794708,12.215725,-0.322868,-550.407288,-0.030917,0.000000
77.200005,53.949326,-550.496277,-0.002078,-0.001270,-0.032261,239.978592,12.225092,-0.322608,-550.496277,-0.030899,0.000000
77.210007,53.992905,-550.540710,-0.002078,-0.001269,-0.032235,240.172440,12.234967,-0.322348,-550.540710,-0.030882,0.000000
77.220001,54.059555,-550.362793,-0.002070,-0.001268,-0.032209,240.468918,12.250070,-0.322088,-550.362793,-0.030865,0.000000
77.230003,54.139236,-550.496277,-0.002061,-0.001267,-0.032183,240.823349,12.268126,-0.321827,-550.496277,-0.030847,0.000000
77.240005,54.248718,-550.362793,-0.002087,-0.001266,-0.032165,241.310349,12.292935,-0.321654,-550.362793,-0.030830,0.000000
77.250000,54.329895,-550.540710,-0.002052,-0.001264,-0.032113,241.671448,12.311331,-0.321134,-550.540710,-0.030813,0.000000
77.260002,54.436386,-550.451782,-0.002078,-0.001263,-0.032070,242.145142,12.335462,-0.320700,-550.451782,-0.030795,0.000000
77.270004,54.623703,-550.451782,-0.002121,-0.001263,-0.032070,242.978363,12.377908,-0.320700,-550.451782,-0.030787,0.000000
77.280006,54.725723,-550.496277,-0.002147,-0.001263,-0.032070,243.432175,12.401026,-0.320700,-550.496277,-0.030769,0.000000
77.290001,54.782700,-550.407288,-0.002104,-0.001263,-0.032070,243.685623,12.413938,-0.320700,-550.407288,-0.030752,0.000000
77.300003,54.819931,-550.496277,-0.002151,-0.001263,-0.032070,243.851227,12.422374,-0.320700,-550.496277,-0.030734,0.000000
77.310005,54.857178,-550.496277,-0.002190,-0.001263,-0.032070,244.016907,12.430814,-0.320700,-550.496277,-0.030717,0.000000
77.320007,54.883606,-550.407288,-0.002160,-0.001263,-0.032070,244.134476,12.436803,-0.320700,-550.407288,-0.030700,0.000000
77.330002,54.908554,-550.496277,-0.002156,-0.001263,-0.032070,244.245453,12.442456,-0.320700,-550.496277,-0.030682,0.000000
77.340004,54.926804,-550.407288,-0.002186,-0.001263,-0.032070,244.326630,12.446591,-0.320700,-550.407288,-0.030665,0.000000
77.350006,54.938354,-550.451782,-0.002134,-0.001263,-0.032070,244.378006,12.449208,-0.320700,-550.451782,-0.030648,0.000000
77.360001,54.946548,-550.540710,-0.002065,-0.001263,-0.032070,244.414459,12.451066,-0.320700,-550.540710,-0.030630,0.000000
77.370003,54.958084,-550.407288,-0.002070,-0.001263,-0.032070,244.465775,12.453680,-0.320700,-550.407288,-0.030613,0.000000
77.380005,54.975586,-550.496277,-0.002095,-0.001263,-0.032070,244.543625,12.457646,-0.320700,-550.496277,-0.030596,0.000000
77.390007,54.975220,-550.407288,-0.002169,-0.001263,-0.032070,244.541992,12.457562,-0.320700,-550.407288,-0.030578,0.000000
77.400002,54.989731,-550.496277,-0.002169,-0.001263,-0.032070,244.606537,12.460851,-0.320700,-550.496277,-0.030570,0.000000
77.410004,55.000534,-550.451782,-0.002164,-0.001263,-0.032070,244.654602,12.463300,-0.320700,-550.451782,-0.030552,0.000000
77.420006,55.000916,-550.362793,-0.002095,-0.001263,-0.032070,244.656296,12.463386,-0.320700,-550.362793,-0.030535,0.000000
77.430000,55.007614,-550.451782,-0.002095,-0.001263,-0.032070,244.686081,12.464904,-0.320700,-550.451782,-0.030518,0.000000
77.440002,55.014694,-550.407288,-0.002169,-0.001263,-0.032070,244.717575,12.466508,-0.320700,-550.407288,-0.030500,0.000000
77.450005,55.023254,-550.496277,-0.002199,-0.001263,-0.032070,244.755661,12.468448,-0.320700,-550.496277,-0.030483,0.000000
77.460007,55.024368,-550.496277,-0.002199,-0.001263,-0.032070,244.760620,12.468700,-0.320700,-550.496277,-0.030466,0.000000
77.470001,55.052673,-550.407288,-0.002199,-0.001263,-0.032070,244.886520,12.475114,-0.320700,-550.407288,-0.030448,0.000000
77.480003,55.050064,-550.585205,-0.002164,-0.001260,-0.032009,244.874908,12.474523,-0.320093,-550.585205,-0.030431,0.000000
77.490005,55.072403,-550.451782,-0.002160,-0.001257,-0.031923,244.974289,12.479585,-0.319226,-550.451782,-0.030414,0.000000
77.500000,55.222092,-550.407288,-0.002087,-0.001253,-0.031819,245.640137,12.513505,-0.318185,-550.407288,-0.030396,0.000000
77.510002,55.537872,-550.540710,-0.002070,-0.001250,-0.031749,247.044800,12.585062,-0.317491,-550.540710,-0.030379,0.000000
77.520004,55.872253,-550.407288,-0.002100,-0.001248,-0.031697,248.532196,12.660834,-0.316971,-550.407288,-0.030370,0.000000
77.530006,56.101639,-550.540710,-0.002173,-0.001245,-0.031628,249.552551,12.712813,-0.316277,-550.540710,-0.030353,0.000000
77.540001,56.320969,-550.407288,-0.002169,-0.001243,-0.031576,250.528183,12.762514,-0.315757,-550.407288,-0.030336,0.000000
77.550003,56.589447,-550.496277,-0.002126,-0.001240,-0.031506,251.722427,12.823352,-0.315063,-550.496277,-0.030318,0.000000
77.560005,56.847504,-550.540710,-0.002078,-0.001238,-0.031437,252.870331,12.881828,-0.314369,-550.540710,-0.030301,0.000000
77.570007,57.117096,-550.451782,-0.002082,-0.001236,-0.031385,254.069534,12.942920,-0.313849,-550.451782,-0.030284,0.000000
77.580002,57.369949,-550.496277,-0.002130,-0.001233,-0.031324,255.194275,13.000216,-0.313242,-550.496277,-0.030266,0.000000
77.590004,57.616821,-550.407288,-0.002190,-0.001232,-0.031298,256.292419,13.056158,-0.312982,-550.407288,-0.030249,0.000000
77.600006,57.810089,-550.496277,-0.002169,-0.001232,-0.031290,257.152130,13.099954,-0.312895,-550.496277,-0.030231,0.000000
77.610001,57.931854,-550.540710,-0.002156,-0.001232,-0.031290,257.693756,13.127546,-0.312895,-550.540710,-0.030214,0.000000
77.620003,58.002609,-550.451782,-0.002113,-0.001232,-0.031290,258.008484,13.143579,-0.312895,-550.451782,-0.030197,0.000000
77.630005,58.046921,-550.585205,-0.002065,-0.001232,-0.031290,258.205597,13.153620,-0.312895,-550.585205,-0.030179,0.000000
77.640007,58.094208,-550.407288,-0.002091,-0.001232,-0.031290,258.415955,13.164335,-0.312895,-550.407288,-0.030162,0.000000
77.650002,58.122513,-550.451782,-0.002160,-0.001232,-0.031290,258.541840,13.170750,-0.312895,-550.451782,-0.030153,0.000000
77.660004,58.145218,-550.540710,-0.002182,-0.001232,-0.031290,258.642853,13.175895,-0.312895,-550.540710,-0.030136,0.000000
77.670006,58.171295,-550.407288,-0.002164,-0.001232,-0.031290,258.758850,13.181804,-0.312895,-550.407288,-0.030119,0.000000
77.680000,58.176880,-550.496277,-0.002117,-0.001232,-0.031290,258.783691,13.183069,-0.312895,-550.496277,-0.030101,0.000000
77.690002,58.189163,-550.407288,-0.002039,-0.001232,-0.031290,258.838318,13.185853,-0.312895,-550.407288,-0.030084,0.000000
77.700005,58.208527,-550.496277,-0.002061,-0.001232,-0.031290,258.924469,13.190241,-0.312895,-550.496277,-0.030067,0.000000
77.710007,58.222305,-550.496277,-0.002113,-0.001232,-0.031290,258.985748,13.193362,-0.312895,-550.496277,-0.030049,0.000000
77.720001,58.235336,-550.407288,-0.002164,-0.001232,-0.031290,259.043701,13.196316,-0.312895,-550.407288,-0.030032,0.000000
77.730003,58.245392,-550.496277,-0.002151,-0.001232,-0.031290,259.088440,13.198594,-0.312895,-550.496277,-0.030015,0.000000
77.740005,58.244644,-550.407288,-0.002156,-0.001232,-0.031281,259.085114,13.198424,-0.312808,-550.407288,-0.029997,0.000000
77.750000,58.260284,-550.451782,-0.002182,-0.001230,-0.031246,259.154694,13.201969,-0.312461,-550.451782,-0.029980,0.000000
77.760002,58.285233,-550.496277,-0.002160,-0.001226,-0.031151,259.265656,13.207623,-0.311507,-550.496277,-0.029963,0.000000
77.770004,58.446838,-550.451782,-0.002169,-0.001225,-0.031107,259.984528,13.244243,-0.311074,-550.451782,-0.029945,0.000000
77.780006,58.709000,-550.496277,-0.002143,-0.001225,-0.031107,261.150665,13.303650,-0.311074,-550.496277,-0.029937,0.000000
77.790001,58.818848,-550.407288,-0.002100,-0.001225,-0.031107,261.639313,13.328541,-0.311074,-550.407288,-0.029919,0.000000
77.800003,58.869858,-550.496277,-0.002078,-0.001225,-0.031107,261.866211,13.340100,-0.311074,-550.496277,-0.029902,0.000000
77.810005,58.892197,-550.496277,-0.002052,-0.001225,-0.031107,261.965576,13.345162,-0.311074,-550.496277,-0.029885,0.000000
77.820007,58.917892,-550.451782,-0.002065,-0.001225,-0.031107,262.079865,13.350986,-0.311074,-550.451782,-0.029867,0.000000
77.830002,58.937637,-550.496277,-0.002070,-0.001224,-0.031099,262.167694,13.355459,-0.310987,-550.496277,-0.029850,0.000000
77.840004,58.958481,-550.451782,-0.002169,-0.001224,-0.031099,262.260406,13.360183,-0.310987,-550.451782,-0.029833,0.000000
77.850006,58.965179,-550.496277,-0.002177,-0.001224,-0.031099,262.290222,13.361701,-0.310987,-550.496277,-0.029815,0.000000
77.860001,58.991257,-550.451782,-0.002104,-0.001224,-0.031099,262.406219,13.367610,-0.310987,-550.451782,-0.029798,0.000000
77.870003,59.009125,-550.451782,-0.002061,-0.001224,-0.031099,262.485687,13.371659,-0.310987,-550.451782,-0.029781,0.000000
77.880005,59.013962,-550.585205,-0.002057,-0.001224,-0.031099,262.507202,13.372755,-0.310987,-550.585205,-0.029763,0.000000
77.890007,59.030350,-550.496277,-0.002057,-0.001224,-0.031099,262.580109,13.376469,-0.310987,-550.496277,-0.029746,0.000000
77.900002,59.032959,-550.540710,-0.002065,-0.001223,-0.031064,262.591705,13.377060,-0.310640,-550.540710,-0.029728,0.000000
77.910004,59.054184,-550.496277,-0.002095,-0.001221,-0.031012,262.686127,13.381869,-0.310120,-550.496277,-0.029720,0.000000
77.920006,59.145782,-550.362793,-0.002117,-0.001221,-0.031003,263.093567,13.402625,-0.310033,-550.362793,-0.029702,0.000000
77.930000,59.225098,-550.540710,-0.002151,-0.001220,-0.030995,263.446381,13.420599,-0.309946,-550.540710,-0.029685,0.000000
77.940002,59.292496,-550.451782,-0.002195,-0.001218,-0.030943,263.746185,13.435872,-0.309426,-550.451782,-0.029668,0.000000
77.950005,59.375534,-550.496277,-0.002164,-0.001217,-0.030899,264.115570,13.454688,-0.308993,-550.496277,-0.029650,0.000000
77.960007,59.518158,-550.496277,-0.002156,-0.001216,-0.030882,264.750000,13.487007,-0.308819,-550.496277,-0.029633,0.000000
77.970001,59.643646,-550.496277,-0.002160,-0.001216,-0.030882,265.308197,13.515444,-0.308819,-550.496277,-0.029616,0.000000
77.980003,59.712540,-550.540710,-0.002078,-0.001216,-0.030882,265.614655,13.531055,-0.308819,-550.540710,-0.029598,0.000000
77.990005,59.753128,-550.451782,-0.002057,-0.001215,-0.030856,265.795197,13.540253,-0.308559,-550.451782,-0.029581,0.000000
78.000000,59.825745,-550.540710,-0.002091,-0.001215,-0.030856,266.118195,13.556707,-0.308559,-550.540710,-0.029564,0.000000
78.010002,59.887177,-550.540710,-0.002164,-0.001214,-0.030847,266.391479,13.570628,-0.308472,-550.540710,-0.029546,0.000000
78.020004,59.927399,-550.451782,-0.002169,-0.001214,-0.030830,266.570374,13.579742,-0.308299,-550.451782,-0.029529,0.000000
78.030006,59.966492,-550.585205,-0.002164,-0.001212,-0.030778,266.744263,13.588601,-0.307778,-550.585205,-0.029512,0.000000
78.040001,60.051392,-550.407288,-0.002160,-0.001209,-0.030700,267.121918,13.607840,-0.306998,-550.407288,-0.029503,0.000000
78.050003,60.247269,-550.451782,-0.002160,-0.001206,-0.030639,267.993225,13.652226,-0.306391,-550.451782,-0.029486,0.000000
78.060005,60.515747,-550.496277,-0.002156,-0.001205,-0.030604,269.187500,13.713064,-0.306044,-550.496277,-0.029468,0.000000
78.070007,60.718323,-550.451782,-0.002164,-0.001205,-0.030604,270.088593,13.758968,-0.306044,-550.451782,-0.029451,0.000000
78.080002,60.833374,-550.540710,-0.002156,-0.001205,-0.030604,270.600372,13.785040,-0.306044,-550.540710,-0.029434,0.000000
78.090004,60.874710,-550.451782,-0.002186,-0.001205,-0.030604,270.784241,13.794406,-0.306044,-550.451782,-0.029416,0.000000
78.100006,60.908234,-550.540710,-0.002156,-0.001205,-0.030604,270.933350,13.802003,-0.306044,-550.540710,-0.029399,0.000000
78.110001,60.932053,-550.540710,-0.002126,-0.001205,-0.030604,271.039307,13.807400,-0.306044,-550.540710,-0.029382,0.000000
78.120003,60.964447,-550.407288,-0.002130,-0.001205,-0.030604,271.183411,13.814741,-0.306044,-550.407288,-0.029364,0.000000
78.130005,60.988281,-550.585205,-0.002065,-0.001205,-0.030604,271.289429,13.820142,-0.306044,-550.585205,-0.029347,0.000000
78.140007,60.994995,-550.496277,-0.002022,-0.001205,-0.030604,271.319275,13.821663,-0.306044,-550.496277,-0.029330,0.000000
78.150002,61.013611,-550.496277,-0.002039,-0.001205,-0.030604,271.402100,13.825882,-0.306044,-550.496277,-0.029312,0.000000
78.160004,61.033340,-550.540710,-0.002039,-0.001205,-0.030604,271.489868,13.830352,-0.306044,-550.540710,-0.029304,0.000000
78.170006,61.037445,-550.496277,-0.002070,-0.001205,-0.030604,271.508118,13.831283,-0.306044,-550.496277,-0.029286,0.000000
78.180000,61.049728,-550.629700,-0.002108,-0.001205,-0.030604,271.562744,13.834066,-0.306044,-550.629700,-0.029269,0.000000
78.190002,61.066483,-550.407288,-0.002130,-0.001205,-0.030604,271.637268,13.837863,-0.306044,-550.407288,-0.029252,0.000000
78.200005,61.078033,-550.540710,-0.002156,-0.001205,-0.030596,271.688660,13.840480,-0.305957,-550.540710,-0.029234,0.000000
78.210007,61.087341,-550.540710,-0.002164,-0.001203,-0.030552,271.730072,13.842589,-0.305524,-550.540710,-0.029217,0.000000
78.220001,61.130539,-550.407288,-0.002143,-0.001201,-0.030500,271.922211,13.852378,-0.305003,-550.407288,-0.029199,0.000000
78.230003,61.242249,-550.540710,-0.002100,-0.001199,-0.030448,272.419128,13.877691,-0.304483,-550.540710,-0.029182,0.000000
78.240005,61.407211,-550.451782,-0.002104,-0.001197,-0.030405,273.152924,13.915072,-0.304049,-550.451782,-0.029165,0.000000
78.250000,61.569931,-550.540710,-0.002087,-0.001196,-0.030370,273.876740,13.951945,-0.303702,-550.540710,-0.029147,0.000000
78.260002,61.719620,-550.540710,-0.002087,-0.001196,-0.030370,274.542572,13.985866,-0.303702,-550.540710,-0.029130,0.000000
78.270004,61.812714,-550.407288,-0.002065,-0.001196,-0.030370,274.956696,14.006961,-0.303702,-550.407288,-0.029113,0.000000
78.280006,61.858154,-550.540710,-0.002074,-0.001196,-0.030370,275.158813,14.017259,-0.303702,-550.540710,-0.029095,0.000000
78.290001,61.895752,-550.451782,-0.002052,-0.001196,-0.030370,275.326050,14.025778,-0.303702,-550.451782,-0.029087,0.000000
78.300003,61.914383,-550.540710,-0.002065,-0.001195,-0.030362,275.408936,14.030000,-0.303616,-550.540710,-0.029069,0.000000
78.310005,61.936722,-550.496277,-0.002065,-0.001193,-0.030301,275.508301,14.035062,-0.303009,-550.496277,-0.029052,0.000000
78.320007,61.992569,-550.451782,-0.002078,-0.001191,-0.030258,275.756714,14.047717,-0.302575,-550.451782,-0.029035,0.000000
78.330002,62.146362,-550.585205,-0.002057,-0.001191,-0.030240,276.440826,14.082567,-0.302402,-550.585205,-0.029017,0.000000
78.340004,62.284149,-550.451782,-0.002065,-0.001190,-0.030223,277.053741,14.113791,-0.302228,-550.451782,-0.029000,0.000000
78.350006,62.377243,-550.496277,-0.002070,-0.001190,-0.030214,277.467834,14.134886,-0.302141,-550.496277,-0.028983,0.000000
78.360001,62.449097,-550.540710,-0.002065,-0.001189,-0.030188,277.787445,14.151168,-0.301881,-550.540710,-0.028965,0.000000
78.370003,62.517624,-550.451782,-0.002130,-0.001187,-0.030145,278.092285,14.166697,-0.301448,-550.451782,-0.028948,0.000000
78.380005,62.629333,-550.496277,-0.002177,-0.001185,-0.030101,278.589203,14.192010,-0.301014,-550.496277,-0.028931,0.000000
78.390007,62.768600,-550.407288,-0.002151,-0.001183,-0.030049,279.208679,14.223568,-0.300494,-550.407288,-0.028913,0.000000
78.400002,62.934677,-550.540710,-0.002130,-0.001182,-0.030023,279.947418,14.261202,-0.300234,-550.540710,-0.028896,0.000000
78.410004,63.088837,-550.540710,-0.002156,-0.001182,-0.030023,280.633148,14.296135,-0.300234,-550.540710,-0.028879,0.000000
78.420006,63.190491,-550.451782,-0.002160,-0.001181,-0.030006,281.085327,14.319170,-0.300060,-550.451782,-0.028870,0.000000
78.430000,63.259384,-550.540710,-0.002186,-0.001181,-0.029989,281.391785,14.334782,-0.299887,-550.540710,-0.028853,0.000000
78.440002,63.334610,-550.540710,-0.002147,-0.001180,-0.029963,281.726410,14.351828,-0.299626,-550.540710,-0.028835,0.000000
78.450005,63.432907,-550.540710,-0.002173,-0.001180,-0.029963,282.163666,14.374102,-0.299626,-550.540710,-0.028818,0.000000
78.460007,63.509247,-550.540710,-0.002190,-0.001180,-0.029963,282.503235,14.391400,-0.299626,-550.540710,-0.028801,0.000000
78.470001,63.548340,-550.451782,-0.002147,-0.001179,-0.029954,282.677124,14.400260,-0.299540,-550.451782,-0.028783,0.000000
78.480003,63.583725,-550.585205,-0.002087,-0.001179,-0.029954,282.834534,14.408278,-0.299540,-550.585205,-0.028766,0.000000
78.490005,63.606430,-550.451782,-0.002065,-0.001179,-0.029945,282.935547,14.413424,-0.299453,-550.451782,-0.028749,0.000000
78.500000,63.641815,-550.585205,-0.002100,-0.001179,-0.029945,283.092926,14.421441,-0.299453,-550.585205,-0.028731,0.000000
78.510002,63.661179,-550.496277,-0.002195,-0.001179,-0.029945,283.179077,14.425830,-0.299453,-550.496277,-0.028714,0.000000
78.520004,63.669373,-550.407288,-0.002186,-0.001179,-0.029945,283.215515,14.427686,-0.299453,-550.407288,-0.028696,0.000000
78.530006,63.684265,-550.585205,-0.002117,-0.001179,-0.029937,283.281769,14.431061,-0.299366,-550.585205,-0.028679,0.000000
78.540001,63.701385,-550.451782,-0.002100,-0.001177,-0.029902,283.357910,14.434940,-0.299019,-550.451782,-0.028662,0.000000
78.550003,63.758362,-550.496277,-0.002130,-0.001175,-0.029850,283.611359,14.447851,-0.298499,-550.496277,-0.028653,0.000000
78.560005,63.868958,-550.540710,-0.002117,-0.001173,-0.029807,284.103302,14.472912,-0.298065,-550.540710,-0.028636,0.000000
78.570007,64.026840,-550.451782,-0.002095,-0.001172,-0.029772,284.805603,14.508689,-0.297719,-550.451782,-0.028618,0.000000
78.580002,64.163132,-550.540710,-0.002104,-0.001171,-0.029746,285.411865,14.539573,-0.297458,-550.540710,-0.028601,0.000000
78.590004,64.287506,-550.540710,-0.002044,-0.001171,-0.029746,285.965118,14.567757,-0.297458,-550.540710,-0.028584,0.000000
78.600006,64.366074,-550.540710,-0.002039,-0.001171,-0.029746,286.314606,14.585561,-0.297458,-550.540710,-0.028566,0.000000
78.610001,64.416351,-550.540710,-0.002082,-0.001171,-0.029746,286.538239,14.596954,-0.297458,-550.540710,-0.028549,0.000000
78.620003,64.443161,-550.540710,-0.002126,-0.001171,-0.029746,286.657501,14.603029,-0.297458,-550.540710,-0.028532,0.000000
78.630005,64.457306,-550.585205,-0.002151,-0.001171,-0.029746,286.720428,14.606235,-0.297458,-550.585205,-0.028514,0.000000
78.640007,64.494553,-550.451782,-0.002177,-0.001170,-0.029720,286.886108,14.614675,-0.297198,-550.451782,-0.028497,0.000000
78.650002,64.522095,-550.585205,-0.002151,-0.001169,-0.029685,287.008606,14.620915,-0.296851,-550.585205,-0.028480,0.000000
78.660004,64.593231,-550.540710,-0.002104,-0.001168,-0.029659,287.325043,14.637035,-0.296591,-550.540710,-0.028462,0.000000
78.670006,64.687057,-550.407288,-0.002126,-0.001167,-0.029642,287.742401,14.658298,-0.296418,-550.407288,-0.028445,0.000000
78.680000,64.789093,-550.585205,-0.002065,-0.001167,-0.029642,288.196289,14.681417,-0.296418,-550.585205,-0.028436,0.000000
78.690002,64.847549,-550.496277,-0.002061,-0.001167,-0.029642,288.456299,14.694664,-0.296418,-550.496277,-0.028419,0.000000
78.700005,64.878082,-550.540710,-0.002052,-0.001167,-0.029642,288.592133,14.701584,-0.296418,-550.540710,-0.028402,0.000000
78.710007,64.908997,-550.585205,-0.002100,-0.001167,-0.029642,288.729645,14.708589,-0.296418,-550.585205,-0.028384,0.000000
78.720001,64.933197,-550.451782,-0.002134,-0.001167,-0.029642,288.837280,14.714073,-0.296418,-550.451782,-0.028367,0.000000
78.730003,64.948837,-550.585205,-0.002182,-0.001167,-0.029642,288.906860,14.717617,-0.296418,-550.585205,-0.028350,0.000000
78.740005,64.963364,-550.540710,-0.002177,-0.001167,-0.029642,288.971466,14.720909,-0.296418,-550.540710,-0.028332,0.000000
78.750000,64.973785,-550.540710,-0.002121,-0.001166,-0.029607,289.017822,14.723270,-0.296071,-550.540710,-0.028315,0.000000
78.760002,64.993896,-550.540710,-0.002113,-0.001164,-0.029555,289.107300,14.727828,-0.295550,-550.540710,-0.028298,0.000000
78.770004,65.102631,-550.451782,-0.002078,-0.001163,-0.029538,289.590973,14.752467,-0.295377,-550.451782,-0.028280,0.000000
78.780006,65.225510,-550.585205,-0.002044,-0.001162,-0.029503,290.137543,14.780312,-0.295030,-550.585205,-0.028263,0.000000
78.790001,65.329407,-550.496277,-0.002061,-0.001161,-0.029477,290.599701,14.803855,-0.294770,-550.496277,-0.028246,0.000000
78.800003,65.431808,-550.585205,-0.002087,-0.001159,-0.029451,291.055206,14.827060,-0.294510,-550.585205,-0.028237,0.000000
78.810005,65.520432,-550.540710,-0.002100,-0.001158,-0.029408,291.449432,14.847141,-0.294076,-550.540710,-0.028220,0.000000
78.820007,65.653366,-550.496277,-0.002074,-0.001155,-0.029347,292.040771,14.877266,-0.293469,-550.496277,-0.028202,0.000000
78.830002,65.847748,-550.585205,-0.002052,-0.001153,-0.029295,292.905426,14.921313,-0.292949,-550.585205,-0.028185,0.000000
78.840004,66.049194,-550.496277,-0.002061,-0.001153,-0.029278,293.801483,14.966961,-0.292775,-550.496277,-0.028167,0.000000
78.850006,66.209320,-550.540710,-0.002095,-0.001152,-0.029269,294.513763,15.003246,-0.292689,-550.540710,-0.028150,0.000000
78.860001,66.286026,-550.496277,-0.002087,-0.001152,-0.029269,294.854980,15.020628,-0.292689,-550.496277,-0.028133,0.000000
78.870003,66.340027,-550.496277,-0.002143,-0.001152,-0.029269,295.095184,15.032865,-0.292689,-550.496277,-0.028115,0.000000
78.880005,66.379868,-550.540710,-0.002160,-0.001152,-0.029260,295.272400,15.041893,-0.292602,-550.540710,-0.028098,0.000000
78.890007,66.428268,-550.496277,-0.002151,-0.001152,-0.029252,295.487701,15.052860,-0.292515,-550.496277,-0.028081,0.000000
78.900002,66.467377,-550.585205,-0.002164,-0.001151,-0.029226,295.661652,15.061723,-0.292255,-550.585205,-0.028063,0.000000
78.910004,66.531418,-550.629700,-0.002169,-0.001150,-0.029217,295.946533,15.076235,-0.292168,-550.629700,-0.028046,0.000000
78.920006,66.614090,-550.407288,-0.002147,-0.001150,-0.029208,296.314270,15.094969,-0.292082,-550.407288,-0.028029,0.000000
78.930000,66.646851,-550.585205,-0.002126,-0.001148,-0.029165,296.459991,15.102392,-0.291648,-550.585205,-0.028020,0.000000
78.940002,66.717239,-550.451782,-0.002095,-0.001147,-0.029139,296.773102,15.118342,-0.291388,-550.451782,-0.028003,0.000000
78.950005,66.845703,-550.540710,-0.002082,-0.001147,-0.029139,297.344543,15.147452,-0.291388,-550.540710,-0.027985,0.000000
78.960007,66.913101,-550.540710,-0.002065,-0.001147,-0.029139,297.644348,15.162725,-0.291388,-550.540710,-0.027968,0.000000
78.970001,66.965988,-550.407288,-0.002061,-0.001147,-0.029130,297.879578,15.174709,-0.291301,-550.407288,-0.027951,0.000000
78.980003,66.982742,-550.585205,-0.002070,-0.001147,-0.029121,297.954132,15.178506,-0.291214,-550.585205,-0.027933,0.000000
78.990005,67.012161,-550.496277,-0.002100,-0.001146,-0.029104,298.084991,15.185172,-0.291041,-550.496277,-0.027916,0.000000
79.000000,67.068756,-550.540710,-0.002199,-0.001145,-0.029087,298.336731,15.197998,-0.290868,-550.540710,-0.027899,0.000000
79.010002,67.118286,-550.540710,-0.002199,-0.001145,-0.029078,298.557037,15.209221,-0.290781,-550.540710,-0.027881,0.000000
79.020004,67.180847,-550.496277,-0.002151,-0.001145,-0.029078,298.835327,15.223397,-0.290781,-550.496277,-0.027864,0.000000
79.030006,67.227753,-550.585205,-0.002095,-0.001145,-0.029078,299.043976,15.234026,-0.290781,-550.585205,-0.027847,0.000000
79.040001,67.254944,-550.540710,-0.002048,-0.001144,-0.029052,299.164917,15.240188,-0.290521,-550.540710,-0.027829,0.000000
79.050003,67.279892,-550.540710,-0.002039,-0.001143,-0.029026,299.275909,15.245842,-0.290260,-550.540710,-0.027812,0.000000
79.060005,67.356979,-550.585205,-0.002108,-0.001142,-0.029017,299.618805,15.263309,-0.290174,-550.585205,-0.027803,0.000000
79.070007,67.434799,-550.496277,-0.002134,-0.001140,-0.028957,299.964966,15.280944,-0.289567,-550.496277,-0.027786,0.000000
79.080002,67.538696,-550.585205,-0.002169,-0.001139,-0.028939,300.427124,15.304487,-0.289393,-550.585205,-0.027769,0.000000
79.090004,67.747223,-550.496277,-0.002100,-0.001143,-0.029035,301.354706,15.351741,-0.290347,-550.496277,-0.028931,0.000000
79.100006,67.806793,-550.496277,-0.002108,-0.001147,-0.029121,301.619690,15.365239,-0.291214,-550.496277,-0.028931,0.000000
79.110001,67.797485,-550.540710,-0.002113,-0.001149,-0.029173,301.578278,15.363130,-0.291735,-550.540710,-0.028931,0.000000
79.120003,67.736786,-550.451782,-0.002143,-0.001149,-0.029173,301.308258,15.349375,-0.291735,-550.451782,-0.028931,0.000000
79.130005,67.701782,-550.540710,-0.002147,-0.001149,-0.029173,301.152557,15.341443,-0.291735,-550.540710,-0.028931,0.000000
79.140007,67.705521,-550.496277,-0.002147,-0.001149,-0.029173,301.169189,15.342290,-0.291735,-550.496277,-0.028931,0.000000
79.150002,67.712967,-550.496277,-0.002113,-0.001149,-0.029173,301.202332,15.343978,-0.291735,-550.496277,-0.028931,0.000000
79.160004,67.695465,-550.540710,-0.002117,-0.001149,-0.029173,301.124481,15.340012,-0.291735,-550.540710,-0.028931,0.000000
79.170006,67.710724,-550.496277,-0.002151,-0.001149,-0.029173,301.192352,15.343470,-0.291735,-550.496277,-0.028931,0.000000
79.180000,67.699554,-550.629700,-0.002156,-0.001149,-0.029173,301.142670,15.340939,-0.291735,-550.629700,-0.028931,0.000000
79.190002,67.702530,-550.540710,-0.002074,-0.001149,-0.029173,301.155884,15.341613,-0.291735,-550.540710,-0.028931,0.000000
79.200005,67.696198,-550.540710,-0.002057,-0.001149,-0.029173,301.127716,15.340178,-0.291735,-550.540710,-0.028931,0.000000
79.210007,67.704773,-550.585205,-0.002061,-0.001149,-0.029173,301.165863,15.342121,-0.291735,-550.585205,-0.005067,0.000000
79.220001,67.705887,-550.496277,-0.002061,-0.001149,-0.029173,301.170837,15.342374,-0.291735,-550.496277,-0.005067,0.000000
79.230003,67.683548,-550.585205,-0.002082,-0.001149,-0.029173,301.071472,15.337312,-0.291735,-550.585205,-0.005067,0.000000
79.240005,67.692108,-550.496277,-0.002156,-0.001149,-0.029173,301.109528,15.339251,-0.291735,-550.496277,-0.005067,0.000000
79.250000,67.701782,-550.585205,-0.002147,-0.001149,-0.029173,301.152557,15.341443,-0.291735,-550.585205,-0.005067,0.000000
79.260002,67.697327,-550.585205,-0.002147,-0.001149,-0.029173,301.132751,15.340433,-0.291735,-550.585205,-0.005067,0.000000
79.270004,67.687271,-550.451782,-0.002117,-0.001149,-0.029173,301.088013,15.338155,-0.291735,-550.451782,-0.005067,0.000000
79.280006,67.685776,-550.496277,-0.002143,-0.001149,-0.029173,301.081360,15.337816,-0.291735,-550.496277,-0.005067,0.000000
79.290001,67.687637,-550.540710,-0.002126,-0.001149,-0.029173,301.089661,15.338238,-0.291735,-550.540710,-0.005067,0.000000
79.300003,67.679825,-550.585205,-0.002130,-0.001149,-0.029173,301.054901,15.336468,-0.291735,-550.585205,-0.005067,0.000000
79.310005,67.682053,-550.585205,-0.002095,-0.001149,-0.029173,301.064819,15.336973,-0.291735,-550.585205,-0.005067,0.000000
79.320007,67.692474,-550.540710,-0.002078,-0.001149,-0.029173,301.111176,15.339334,-0.291735,-550.540710,-0.005067,0.000000
79.330002,67.687637,-550.629700,-0.002048,-0.001149,-0.029173,301.089661,15.338238,-0.291735,-550.629700,-0.005067,0.000000
79.340004,67.682053,-550.540710,-0.002082,-0.001149,-0.029173,301.064819,15.336973,-0.291735,-550.540710,-0.005067,0.000000
79.350006,67.674240,-550.496277,-0.002048,-0.001149,-0.029173,301.030060,15.335202,-0.291735,-550.496277,-0.005067,0.000000
79.360001,67.677582,-550.585205,-0.002074,-0.001149,-0.029173,301.044922,15.335959,-0.291735,-550.585205,-0.005067,0.000000
79.370003,67.676102,-550.451782,-0.002044,-0.001149,-0.029173,301.038330,15.335624,-0.291735,-550.451782,-0.005067,0.000000
79.380005,67.673111,-550.629700,-0.002117,-0.001149,-0.029173,301.025024,15.334947,-0.291735,-550.629700,-0.005067,0.000000
79.390007,67.676468,-550.496277,-0.002087,-0.001149,-0.029173,301.039978,15.335708,-0.291735,-550.496277,301.023407,0.000000
79.400002,67.711105,-550.585205,-0.002065,-0.001149,-0.029173,301.194031,15.343555,-0.291735,-550.585205,301.023407,0.000000
79.410004,67.764343,-550.585205,-0.002052,-0.001149,-0.029173,301.430847,15.355620,-0.291735,-550.585205,301.023407,0.000000
79.420006,67.752808,-550.496277,-0.002061,-0.001149,-0.029173,301.379547,15.353006,-0.291735,-550.496277,301.023407,0.000000
79.430000,67.751694,-550.629700,-0.002126,-0.001149,-0.029173,301.374573,15.352754,-0.291735,-550.629700,301.023407,0.000000
79.440002,67.754669,-550.496277,-0.002169,-0.001149,-0.029191,301.387817,15.353427,-0.291908,-550.496277,299.999725,0.000000
79.450005,67.731949,-550.540710,-0.002134,-0.001151,-0.029234,301.286743,15.348279,-0.292342,-550.540710,299.999725,0.000000
79.460007,67.762115,-550.585205,-0.002195,-0.001153,-0.029295,301.420929,15.355115,-0.292949,-550.585205,299.999725,0.000000
79.470001,67.718170,-550.496277,-0.002130,-0.001156,-0.029364,301.225464,15.345157,-0.293643,-550.496277,299.999725,0.000000
79.480003,67.744232,-550.629700,-0.002091,-0.001158,-0.029416,301.341400,15.351063,-0.294163,-550.629700,299.999725,0.000000
79.490005,67.730469,-550.496277,-0.002087,-0.001159,-0.029451,301.280182,15.347944,-0.294510,-550.496277,299.999725,0.000000
79.500000,67.728226,-550.540710,-0.002082,-0.001161,-0.029477,301.270203,15.347436,-0.294770,-550.540710,299.999725,0.000000
79.510002,67.730835,-550.585205,-0.002100,-0.001161,-0.029494,301.281799,15.348026,-0.294943,-550.585205,299.999725,0.000000
79.520004,67.737534,-550.496277,-0.002057,-0.001162,-0.029503,301.311584,15.349545,-0.295030,-550.496277,299.999725,0.000000
79.530006,67.727112,-550.585205,-0.002048,-0.001162,-0.029512,301.265228,15.347183,-0.295117,-550.585205,299.999725,0.000000
79.540001,67.723007,-550.496277,-0.002061,-0.001162,-0.029520,301.246979,15.346252,-0.295204,-550.496277,299.999725,0.000000
79.550003,67.732697,-550.585205,-0.002061,-0.001163,-0.029529,301.290070,15.348449,-0.295290,-550.585205,299.999725,0.000000
79.560005,67.737167,-550.585205,-0.002035,-0.001163,-0.029529,301.309967,15.349462,-0.295290,-550.585205,299.999725,0.000000
79.570007,67.733810,-550.451782,-0.002082,-0.001163,-0.029529,301.295044,15.348701,-0.295290,-550.451782,299.999725,0.000000
79.580002,67.726364,-550.585205,-0.002087,-0.001163,-0.029538,301.261902,15.347013,-0.295377,-550.585205,299.999725,0.000000
79.590004,67.729721,-550.540710,-0.002121,-0.001163,-0.029538,301.276855,15.347775,-0.295377,-550.540710,299.999725,0.000000
79.600006,67.736053,-550.540710,-0.002160,-0.001163,-0.029538,301.305023,15.349210,-0.295377,-550.540710,299.999725,0.000000
79.610001,67.718170,-550.585205,-0.002117,-0.001163,-0.029538,301.225464,15.345157,-0.295377,-550.585205,299.999725,0.000000
79.620003,67.704773,-550.496277,-0.002057,-0.001163,-0.029538,301.165863,15.342121,-0.295377,-550.496277,299.999725,0.000000
79.630005,67.665298,-550.629700,-0.002052,-0.001163,-0.029538,300.990265,15.333177,-0.295377,-550.629700,299.999725,0.000000
79.640007,67.698441,-550.540710,-0.002078,-0.001163,-0.029538,301.137695,15.340686,-0.295377,-550.540710,299.999725,0.000000
79.650002,67.695831,-550.585205,-0.002070,-0.001163,-0.029538,301.126099,15.340095,-0.295377,-550.585205,299.999725,0.000000
79.660004,67.667526,-550.585205,-0.002121,-0.001163,-0.029538,301.000183,15.333681,-0.295377,-550.585205,299.999725,0.000000
79.670006,67.719284,-550.451782,-0.002134,-0.001163,-0.029538,301.230408,15.345409,-0.295377,-550.451782,299.999725,0.000000
79.680000,67.703644,-550.629700,-0.002177,-0.001163,-0.029538,301.160858,15.341866,-0.295377,-550.629700,299.999725,0.000000
79.690002,67.678696,-550.540710,-0.002156,-0.001163,-0.029538,301.049866,15.336211,-0.295377,-550.540710,299.999725,0.000000
79.700005,67.687637,-550.585205,-0.002117,-0.001163,-0.029538,301.089661,15.338238,-0.295377,-550.585205,299.999725,0.000000
79.710007,67.693222,-550.585205,-0.002065,-0.001163,-0.029538,301.114502,15.339503,-0.295377,-550.585205,299.999725,0.000000
79.720001,67.651154,-550.540710,-0.002026,-0.001163,-0.029538,300.927368,15.329970,-0.295377,-550.540710,299.999725,0.000000
79.730003,67.717804,-550.629700,-0.002052,-0.001163,-0.029538,301.223846,15.345074,-0.295377,-550.629700,299.999725,0.000000
79.740005,67.683548,-550.540710,-0.002057,-0.001163,-0.029538,301.071472,15.337312,-0.295377,-550.540710,299.999725,0.000000
79.750000,67.678696,-550.585205,-0.002139,-0.001163,-0.029538,301.049866,15.336211,-0.295377,-550.585205,299.999725,0.000000
79.760002,67.701782,-550.585205,-0.002169,-0.001163,-0.029538,301.152557,15.341443,-0.295377,-550.585205,299.999725,0.000000
79.770004,67.655609,-550.496277,-0.002143,-0.001163,-0.029538,300.947174,15.330980,-0.295377,-550.496277,299.999725,0.000000
79.780006,67.719666,-550.629700,-0.002134,-0.001163,-0.029538,301.232117,15.345495,-0.295377,-550.629700,299.999725,0.000000
79.790001,67.671249,-550.540710,-0.002182,-0.001163,-0.029538,301.016754,15.334524,-0.295377,-550.540710,299.999725,0.000000
79.800003,67.670517,-550.585205,-0.002108,-0.001163,-0.029538,301.013489,15.334358,-0.295377,-550.585205,299.999725,0.000000
79.810005,67.691742,-550.585205,-0.002087,-0.001163,-0.029538,301.107910,15.339168,-0.295377,-550.585205,299.999725,0.000000
79.820007,67.654495,-550.496277,-0.002078,-0.001163,-0.029538,300.942230,15.330728,-0.295377,-550.496277,299.999725,0.000000
79.830002,67.700302,-550.585205,-0.002022,-0.001163,-0.029538,301.145996,15.341108,-0.295377,-550.585205,299.999725,0.000000
79.840004,67.648544,-550.540710,-0.002065,-0.001163,-0.029538,300.915741,15.329379,-0.295377,-550.540710,299.999725,0.000000
79.850006,67.706635,-550.585205,-0.002065,-0.001163,-0.029538,301.174164,15.342543,-0.295377,-550.585205,299.999725,0.000000
79.860001,67.687271,-550.585205,-0.002061,-0.001163,-0.029538,301.088013,15.338155,-0.295377,-550.585205,299.999725,0.000000
79.870003,67.664185,-550.540710,-0.002091,-0.001163,-0.029538,300.985321,15.332924,-0.295377,-550.540710,299.999725,0.000000
79.880005,67.721527,-550.629700,-0.002130,-0.001163,-0.029538,301.240387,15.345918,-0.295377,-550.629700,299.999725,0.000000
79.890007,67.655991,-550.540710,-0.002134,-0.001163,-0.029538,300.948883,15.331066,-0.295377,-550.540710,299.999725,0.000000
79.900002,67.669769,-550.585205,-0.002130,-0.001163,-0.029538,301.010162,15.334189,-0.295377,-550.585205,299.999725,0.000000
79.910004,67.691742,-550.585205,-0.002147,-0.001163,-0.029538,301.107910,15.339168,-0.295377,-550.585205,299.999725,0.000000
79.920006,67.637375,-550.496277,-0.002130,-0.001163,-0.029538,300.866058,15.326848,-0.295377,-550.496277,299.999725,0.000000
79.930000,67.703278,-550.629700,-0.002134,-0.001163,-0.029538,301.159210,15.341782,-0.295377,-550.629700,299.999725,0.000000
79.940002,67.688019,-550.540710,-0.002139,-0.001163,-0.029538,301.091339,15.338325,-0.295377,-550.540710,299.999725,0.000000
79.950005,67.656357,-550.585205,-0.002147,-0.001163,-0.029538,300.950500,15.331150,-0.295377,-550.585205,299.999725,0.000000
79.960007,67.705139,-550.585205,-0.002164,-0.001163,-0.029538,301.167511,15.342204,-0.295377,-550.585205,299.999725,0.000000
79.970001,67.638107,-550.540710,-0.002164,-0.001163,-0.029538,300.869324,15.327014,-0.295377,-550.540710,299.999725,0.000000
79.980003,67.680939,-550.674194,-0.002078,-0.001163,-0.029538,301.059845,15.336720,-0.295377,-550.674194,299.999725,0.000000
79.990005,67.687271,-550.496277,-0.002065,-0.001163,-0.029538,301.088013,15.338155,-0.295377,-550.496277,299.999725,0.000000
80.000000,67.655243,-550.629700,-0.002070,-0.001163,-0.029538,300.945557,15.330897,-0.295377,-550.629700,299.999725,0.000000
80.010002,67.714447,-550.629700,-0.002126,-0.001163,-0.029538,301.208893,15.344313,-0.295377,-550.629700,299.999725,0.000000
80.020004,67.653015,-550.496277,-0.002177,-0.001163,-0.029538,300.935638,15.330393,-0.295377,-550.496277,299.999725,0.000000
80.030006,67.665298,-550.674194,-0.002195,-0.001163,-0.029538,300.990265,15.333177,-0.295377,-550.674194,299.999725,0.000000
80.040001,67.680557,-550.585205,-0.002147,-0.001163,-0.029538,301.058167,15.336634,-0.295377,-550.585205,299.999725,0.000000
80.050003,67.642960,-550.585205,-0.002057,-0.001163,-0.029538,300.890900,15.328114,-0.295377,-550.585205,299.999725,0.000000
80.060005,67.694717,-550.585205,-0.002048,-0.001163,-0.029538,301.121155,15.339843,-0.295377,-550.585205,299.999725,0.000000
80.070007,67.645554,-550.496277,-0.002070,-0.001163,-0.029538,300.902435,15.328702,-0.295377,-550.496277,299.999725,0.000000
80.080002,67.673859,-550.674194,-0.002070,-0.001163,-0.029538,301.028351,15.335115,-0.295377,-550.674194,299.999725,0.000000
80.090004,67.666794,-550.540710,-0.002130,-0.001163,-0.029538,300.996918,15.333514,-0.295377,-550.540710,299.999725,0.000000
80.100006,67.647797,-550.629700,-0.002139,-0.001163,-0.029538,300.912415,15.329209,-0.295377,-550.629700,299.999725,0.000000
80.110001,67.698807,-550.629700,-0.002177,-0.001163,-0.029538,301.139343,15.340769,-0.295377,-550.629700,299.999725,0.000000
80.120003,67.638855,-550.496277,-0.002164,-0.001163,-0.029538,300.872650,15.327184,-0.295377,-550.496277,299.999725,0.000000
80.130005,67.686890,-550.629700,-0.002108,-0.001163,-0.029538,301.086334,15.338069,-0.295377,-550.629700,299.999725,0.000000
80.140007,67.668274,-550.540710,-0.002070,-0.001163,-0.029538,301.003510,15.333850,-0.295377,-550.540710,299.999725,0.000000
80.150002,67.650406,-550.585205,-0.002035,-0.001163,-0.029538,300.924042,15.329801,-0.295377,-550.585205,299.999725,0.000000
80.160004,67.689499,-550.585205,-0.002052,-0.001163,-0.029538,301.097931,15.338659,-0.295377,-550.585205,299.999725,0.000000
80.170006,67.652267,-550.585205,-0.002082,-0.001163,-0.029538,300.932312,15.330223,-0.295377,-550.585205,299.999725,0.000000
80.180000,67.707748,-550.718628,-0.002104,-0.001163,-0.029538,301.179108,15.342794,-0.295377,-550.718628,299.999725,0.000000
80.190002,67.650024,-550.451782,-0.002177,-0.001163,-0.029538,300.922333,15.329715,-0.295377,-550.451782,299.999725,0.000000
80.200005,67.675720,-550.540710,-0.002151,-0.001163,-0.029538,301.036652,15.335538,-0.295377,-550.540710,299.999725,0.000000
80.210007,67.673111,-550.585205,-0.002164,-0.001163,-0.029538,301.025024,15.334947,-0.295377,-550.585205,299.999725,0.000000
80.220001,67.649292,-550.540710,-0.002108,-0.001163,-0.029538,300.919067,15.329548,-0.295377,-550.540710,299.999725,0.000000
80.230003,67.695465,-550.674194,-0.002035,-0.001163,-0.029538,301.124481,15.340012,-0.295377,-550.674194,299.999725,0.000000
80.240005,67.634766,-550.585205,-0.002087,-0.001163,-0.029538,300.854462,15.326257,-0.295377,-550.585205,299.999725,0.000000
80.250000,67.682800,-550.629700,-0.002130,-0.001163,-0.029538,301.068146,15.337142,-0.295377,-550.629700,299.999725,0.000000
80.260002,67.665665,-550.585205,-0.002156,-0.001163,-0.029538,300.991913,15.333259,-0.295377,-550.585205,299.999725,0.000000
80.270004,67.643326,-550.451782,-0.002169,-0.001163,-0.029538,300.892548,15.328197,-0.295377,-550.451782,299.999725,0.000000
80.280006,67.690994,-550.629700,-0.002173,-0.001163,-0.029538,301.104584,15.338998,-0.295377,-550.629700,299.999725,0.000000
80.290001,67.642960,-550.540710,-0.002160,-0.001163,-0.029538,300.890900,15.328114,-0.295377,-550.540710,299.999725,0.000000
80.300003,67.669022,-550.585205,-0.002139,-0.001163,-0.029538,301.006836,15.334020,-0.295377,-550.585205,299.999725,0.000000
80.310005,67.674973,-550.585205,-0.002091,-0.001163,-0.029538,301.033325,15.335368,-0.295377,-550.585205,299.999725,0.000000
80.320007,67.650406,-550.540710,-0.002091,-0.001163,-0.029538,300.924042,15.329801,-0.295377,-550.540710,299.999725,0.000000
80.330002,67.699921,-550.674194,-0.002022,-0.001163,-0.029538,301.144287,15.341021,-0.295377,-550.674194,299.999725,0.000000
80.340004,67.634018,-550.496277,-0.002061,-0.001163,-0.029538,300.851135,15.326088,-0.295377,-550.496277,299.999725,0.000000
80.350006,67.685776,-550.585205,-0.002035,-0.001163,-0.029538,301.081360,15.337816,-0.295377,-550.585205,299.999725,0.000000
80.360001,67.655609,-550.585205,-0.002104,-0.001163,-0.029538,300.947174,15.330980,-0.295377,-550.585205,299.999725,0.000000
80.370003,67.647049,-550.496277,-0.002113,-0.001163,-0.029538,300.909088,15.329041,-0.295377,-550.496277,299.999725,0.000000
80.380005,67.684662,-550.540710,-0.002151,-0.001163,-0.029538,301.076416,15.337564,-0.295377,-550.540710,299.999725,0.000000
80.390007,67.653748,-550.540710,-0.002160,-0.001163,-0.029538,300.938904,15.330558,-0.295377,-550.540710,299.999725,0.000000
80.400002,67.693604,-550.585205,-0.002156,-0.001163,-0.029538,301.116180,15.339590,-0.295377,-550.585205,299.999725,0.000000
80.410004,67.653381,-550.585205,-0.002143,-0.001163,-0.029538,300.937256,15.330476,-0.295377,-550.585205,299.999725,0.000000
80.420006,67.666046,-550.540710,-0.002121,-0.001163,-0.029538,300.993591,15.333345,-0.295377,-550.540710,299.999725,0.000000
80.430000,67.671631,-550.629700,-0.002065,-0.001163,-0.029538,301.018463,15.334611,-0.295377,-550.629700,299.999725,0.000000
80.440002,67.654877,-550.540710,-0.002078,-0.001163,-0.029538,300.943909,15.330813,-0.295377,-550.540710,299.999725,0.000000
80.450005,67.693222,-550.585205,-0.002039,-0.001163,-0.029538,301.114502,15.339503,-0.295377,-550.585205,299.999725,0.000000
80.460007,67.640350,-550.585205,-0.002052,-0.001163,-0.029538,300.879303,15.327522,-0.295377,-550.585205,299.999725,0.000000
80.470001,67.681686,-550.540710,-0.002052,-0.001163,-0.029538,301.063171,15.336889,-0.295377,-550.540710,299.999725,0.000000
80.480003,67.654495,-550.674194,-0.002091,-0.001163,-0.029538,300.942230,15.330728,-0.295377,-550.674194,299.999725,0.000000
80.490005,67.645554,-550.540710,-0.002100,-0.001163,-0.029538,300.902435,15.328702,-0.295377,-550.540710,299.999725,0.000000
80.500008,67.684662,-550.585205,-0.002169,-0.001163,-0.029538,301.076416,15.337564,-0.295377,-550.585205,299.999725,0.000000
80.510002,67.658600,-550.629700,-0.002169,-0.001163,-0.029538,300.960480,15.331658,-0.295377,-550.629700,299.999725,0.000000
80.520004,67.671631,-550.585205,-0.002151,-0.001163,-0.029538,301.018463,15.334611,-0.295377,-550.585205,299.999725,0.000000
80.530006,67.680191,-550.629700,-0.002134,-0.001163,-0.029538,301.056519,15.336551,-0.295377,-550.629700,299.999725,0.000000
80.540001,67.644821,-550.540710,-0.002156,-0.001163,-0.029538,300.899200,15.328535,-0.295377,-550.540710,299.999725,0.000000
80.550003,67.689499,-550.585205,-0.002143,-0.001163,-0.029538,301.097931,15.338659,-0.295377,-550.585205,299.999725,0.000000
80.560005,67.648544,-550.629700,-0.002195,-0.001163,-0.029538,300.915741,15.329379,-0.295377,-550.629700,299.999725,0.000000
80.570007,67.658600,-550.496277,-0.002177,-0.001163,-0.029538,300.960480,15.331658,-0.295377,-550.496277,299.999725,0.000000
80.580002,67.672745,-550.629700,-0.002160,-0.001163,-0.029538,301.023407,15.334863,-0.295377,-550.629700,299.999725,0.000000
80.590004,67.669022,-550.540710,-0.002160,-0.001163,-0.029538,301.006836,15.334020,-0.295377,-550.540710,299.999725,0.000000
80.600006,67.690247,-550.585205,-0.002147,-0.001163,-0.029538,301.101257,15.338829,-0.295377,-550.585205,299.999725,0.000000
80.610001,67.646301,-550.629700,-0.002143,-0.001163,-0.029538,300.905762,15.328872,-0.295377,-550.629700,299.999725,0.000000
80.620003,67.643326,-550.540710,-0.002151,-0.001163,-0.029538,300.892548,15.328197,-0.295377,-550.540710,299.999725,0.000000
80.630005,67.678696,-550.674194,-0.002126,-0.001163,-0.029538,301.049866,15.336211,-0.295377,-550.674194,299.999725,0.000000
80.640007,67.667160,-550.585205,-0.002104,-0.001163,-0.029538,300.998566,15.333597,-0.295377,-550.585205,299.999725,0.000000
80.650002,67.678696,-550.674194,-0.002117,-0.001163,-0.029538,301.049866,15.336211,-0.295377,-550.674194,299.999725,0.000000
80.660004,67.661942,-550.585205,-0.002151,-0.001163,-0.029538,300.975342,15.332416,-0.295377,-550.585205,299.999725,0.000000
80.670006,67.634018,-550.540710,-0.002130,-0.001163,-0.029538,300.851135,15.326088,-0.295377,-550.540710,299.999725,0.000000
80.680000,67.676468,-550.674194,-0.002070,-0.001163,-0.029538,301.039978,15.335708,-0.295377,-550.674194,299.999725,0.000000
80.690002,67.669769,-550.540710,-0.002048,-0.001163,-0.029538,301.010162,15.334189,-0.295377,-550.540710,299.999725,0.000000
80.700005,67.647797,-550.585205,-0.002074,-0.001163,-0.029538,300.912415,15.329209,-0.295377,-550.585205,299.999725,0.000000
80.710007,67.673492,-550.585205,-0.002057,-0.001163,-0.029538,301.026733,15.335032,-0.295377,-550.585205,299.999725,0.000000
80.720001,67.667908,-550.451782,-0.002082,-0.001163,-0.029538,301.001892,15.333767,-0.295377,-550.451782,299.999725,0.000000
80.730003,67.669022,-550.629700,-0.002164,-0.001163,-0.029538,301.006836,15.334020,-0.295377,-550.629700,299.999725,0.000000
80.740005,67.680557,-550.585205,-0.002143,-0.001163,-0.029538,301.058167,15.336634,-0.295377,-550.585205,299.999725,0.000000
80.750008,67.650024,-550.585205,-0.002126,-0.001163,-0.029538,300.922333,15.329715,-0.295377,-550.585205,299.999725,0.000000
80.760002,67.691742,-550.629700,-0.002087,-0.001163,-0.029538,301.107910,15.339168,-0.295377,-550.629700,299.999725,0.000000
80.770004,67.647797,-550.496277,-0.002100,-0.001163,-0.029538,300.912415,15.329209,-0.295377,-550.496277,299.999725,0.000000
80.780006,67.655609,-550.674194,-0.002078,-0.001163,-0.029538,300.947174,15.330980,-0.295377,-550.674194,299.999725,0.000000
80.790001,67.669388,-550.540710,-0.002039,-0.001163,-0.029538,301.008484,15.334103,-0.295377,-550.540710,299.999725,0.000000
80.800003,67.672379,-550.629700,-0.002065,-0.001163,-0.029538,301.021759,15.334781,-0.295377,-550.629700,299.999725,0.000000
80.810005,67.680557,-550.629700,-0.002087,-0.001163,-0.029538,301.058167,15.336634,-0.295377,-550.629700,299.999725,0.000000
80.820007,67.624710,-550.585205,-0.002095,-0.001163,-0.029538,300.809723,15.323977,-0.295377,-550.585205,299.999725,0.000000
80.830002,67.671997,-550.629700,-0.002160,-0.001163,-0.029538,301.020081,15.334694,-0.295377,-550.629700,299.999725,0.000000
80.840004,67.675354,-550.540710,-0.002164,-0.001163,-0.029538,301.035004,15.335455,-0.295377,-550.540710,299.999725,0.000000
80.850006,67.662323,-550.585205,-0.002186,-0.001163,-0.029538,300.977051,15.332501,-0.295377,-550.585205,299.999725,0.000000
80.860001,67.679443,-550.674194,-0.002151,-0.001163,-0.029538,301.053192,15.336381,-0.295377,-550.674194,299.999725,0.000000
80.870003,67.644821,-550.496277,-0.002143,-0.001163,-0.029538,300.899200,15.328535,-0.295377,-550.496277,299.999725,0.000000
80.880005,67.651886,-550.674194,-0.002108,-0.001163,-0.029538,300.930634,15.330137,-0.295377,-550.674194,299.999725,0.000000
80.890007,67.679077,-550.540710,-0.002095,-0.001163,-0.029538,301.051575,15.336298,-0.295377,-550.540710,299.999725,0.000000
80.900002,67.663803,-550.629700,-0.002104,-0.001163,-0.029538,300.983643,15.332837,-0.295377,-550.629700,299.999725,0.000000
80.910004,67.680939,-550.585205,-0.002057,-0.001163,-0.029538,301.059845,15.336720,-0.295377,-550.585205,299.999725,0.000000
80.920006,67.645935,-550.496277,-0.002082,-0.001163,-0.029538,300.904144,15.328788,-0.295377,-550.496277,299.999725,0.000000
80.930000,67.653015,-550.629700,-0.002074,-0.001163,-0.029538,300.935638,15.330393,-0.295377,-550.629700,299.999725,0.000000
80.940002,67.680557,-550.540710,-0.002100,-0.001163,-0.029538,301.058167,15.336634,-0.295377,-550.540710,299.999725,0.000000
80.950005,67.666412,-550.540710,-0.002057,-0.001163,-0.029538,300.995239,15.333428,-0.295377,-550.540710,299.999725,0.000000
80.960007,67.675720,-550.674194,-0.002070,-0.001163,-0.029538,301.036652,15.335538,-0.295377,-550.674194,299.999725,0.000000
80.970001,67.654495,-550.496277,-0.002065,-0.001163,-0.029538,300.942230,15.330728,-0.295377,-550.496277,299.999725,0.000000
80.980003,67.645554,-550.674194,-0.002108,-0.001163,-0.029538,300.902435,15.328702,-0.295377,-550.674194,299.999725,0.000000
80.990005,67.673111,-550.585205,-0.002117,-0.001163,-0.029538,301.025024,15.334947,-0.295377,-550.585205,299.999725,0.000000
81.000008,67.680557,-550.585205,-0.002177,-0.001163,-0.029538,301.058167,15.336634,-0.295377,-550.585205,299.999725,0.000000
81.010002,67.659332,-550.674194,-0.002186,-0.001163,-0.029538,300.963745,15.331823,-0.295377,-550.674194,299.999725,0.000000
81.020004,67.670883,-550.585205,-0.002156,-0.001163,-0.029538,301.015137,15.334442,-0.295377,-550.585205,299.999725,0.000000
81.030006,67.673859,-550.674194,-0.002061,-0.001163,-0.029538,301.028351,15.335115,-0.295377,-550.674194,299.999725,0.000000
81.040001,67.674240,-550.629700,-0.002026,-0.001163,-0.029538,301.030060,15.335202,-0.295377,-550.629700,299.999725,0.000000
81.050003,67.667908,-550.629700,-0.002048,-0.001163,-0.029538,301.001892,15.333767,-0.295377,-550.629700,299.999725,0.000000
81.060005,67.662323,-550.585205,-0.002100,-0.001163,-0.029538,300.977051,15.332501,-0.295377,-550.585205,299.999725,0.000000
81.070007,67.692474,-550.629700,-0.002164,-0.001163,-0.029538,301.111176,15.339334,-0.295377,-550.629700,299.999725,0.000000
81.080002,67.626572,-550.629700,-0.002164,-0.001163,-0.029538,300.818024,15.324400,-0.295377,-550.629700,299.999725,0.000000
81.090004,67.654129,-550.585205,-0.002143,-0.001163,-0.029538,300.940582,15.330645,-0.295377,-550.585205,299.999725,0.000000
81.100006,67.669388,-550.629700,-0.002169,-0.001163,-0.029538,301.008484,15.334103,-0.295377,-550.629700,299.999725,0.000000
81.110001,67.667526,-550.629700,-0.002143,-0.001163,-0.029538,301.000183,15.333681,-0.295377,-550.629700,299.999725,0.000000
81.120003,67.662689,-550.585205,-0.002151,-0.001163,-0.029538,300.978668,15.332584,-0.295377,-550.585205,299.999725,0.000000
81.130005,67.671631,-550.629700,-0.002177,-0.001163,-0.029538,301.018463,15.334611,-0.295377,-550.629700,299.999725,0.000000
81.140007,67.673111,-550.540710,-0.002186,-0.001163,-0.029538,301.025024,15.334947,-0.295377,-550.540710,299.999725,0.000000
81.150002,67.671997,-550.674194,-0.002151,-0.001163,-0.029538,301.020081,15.334694,-0.295377,-550.674194,299.999725,0.000000
81.160004,67.678329,-550.629700,-0.002156,-0.001163,-0.029538,301.048248,15.336128,-0.295377,-550.629700,299.999725,0.000000
81.170006,67.667160,-550.585205,-0.002134,-0.001163,-0.029538,300.998566,15.333597,-0.295377,-550.585205,299.999725,0.000000
81.180000,67.650772,-550.674194,-0.002104,-0.001163,-0.029538,300.925659,15.329885,-0.295377,-550.674194,299.999725,0.000000
81.190002,67.665665,-550.585205,-0.002087,-0.001163,-0.029538,300.991913,15.333259,-0.295377,-550.585205,299.999725,0.000000
81.200005,67.669388,-550.629700,-0.002065,-0.001163,-0.029538,301.008484,15.334103,-0.295377,-550.629700,299.999725,0.000000
81.210007,67.668274,-550.674194,-0.002104,-0.001163,-0.029538,301.003510,15.333850,-0.295377,-550.674194,299.999725,0.000000
81.220001,67.674240,-550.585205,-0.002121,-0.001163,-0.029538,301.030060,15.335202,-0.295377,-550.585205,299.999725,0.000000
81.230003,67.663055,-550.674194,-0.002104,-0.001163,-0.029538,300.980316,15.332668,-0.295377,-550.674194,299.999725,0.000000
81.240005,67.662323,-550.540710,-0.002139,-0.001163,-0.029538,300.977051,15.332501,-0.295377,-550.540710,299.999725,0.000000
81.250008,67.671249,-550.674194,-0.002117,-0.001163,-0.029538,301.016754,15.334524,-0.295377,-550.674194,299.999725,0.000000
81.260002,67.657104,-550.585205,-0.002113,-0.001163,-0.029538,300.953827,15.331319,-0.295377,-550.585205,299.999725,0.000000
81.270004,67.671631,-550.496277,-0.002126,-0.001163,-0.029538,301.018463,15.334611,-0.295377,-550.496277,299.999725,0.000000
81.280006,67.667908,-550.763123,-0.002151,-0.001163,-0.029538,301.001892,15.333767,-0.295377,-550.763123,299.999725,0.000000
81.290001,67.664917,-550.585205,-0.002139,-0.001163,-0.029538,300.988586,15.333089,-0.295377,-550.585205,299.999725,0.000000
81.300003,67.679443,-550.585205,-0.002147,-0.001163,-0.029538,301.053192,15.336381,-0.295377,-550.585205,299.999725,0.000000
81.310005,67.645187,-550.674194,-0.002108,-0.001163,-0.029538,300.900818,15.328619,-0.295377,-550.674194,299.999725,0.000000
81.320007,67.657852,-550.496277,-0.002039,-0.001163,-0.029538,300.957153,15.331489,-0.295377,-550.496277,299.999725,0.000000
81.330002,67.656357,-550.674194,-0.002052,-0.001163,-0.029538,300.950500,15.331150,-0.295377,-550.674194,299.999725,0.000000
81.340004,67.653015,-550.585205,-0.002082,-0.001163,-0.029538,300.935638,15.330393,-0.295377,-550.585205,299.999725,0.000000
81.350006,67.653748,-550.674194,-0.002134,-0.001163,-0.029538,300.938904,15.330558,-0.295377,-550.674194,299.999725,0.000000
81.360001,67.667160,-550.674194,-0.002164,-0.001163,-0.029538,300.998566,15.333597,-0.295377,-550.674194,299.999725,0.000000
81.370003,67.678696,-550.585205,-0.002156,-0.001163,-0.029538,301.049866,15.336211,-0.295377,-550.585205,299.999725,0.000000
81.380005,67.620605,-550.674194,-0.002143,-0.001163,-0.029538,300.791473,15.323049,-0.295377,-550.674194,299.999725,0.000000
81.390007,67.645935,-550.585205,-0.002160,-0.001163,-0.029538,300.904144,15.328788,-0.295377,-550.585205,299.999725,0.000000
81.400002,67.651154,-550.629700,-0.002156,-0.001163,-0.029538,300.927368,15.329970,-0.295377,-550.629700,299.999725,0.000000
81.410004,67.655243,-550.674194,-0.002126,-0.001163,-0.029538,300.945557,15.330897,-0.295377,-550.674194,299.999725,0.000000
81.420006,67.664185,-550.585205,-0.002074,-0.001163,-0.029538,300.985321,15.332924,-0.295377,-550.585205,299.999725,0.000000
81.430000,67.667160,-550.674194,-0.002013,-0.001163,-0.029538,300.998566,15.333597,-0.295377,-550.674194,299.999725,0.000000
81.440002,67.663437,-550.585205,-0.002065,-0.001163,-0.029538,300.981995,15.332754,-0.295377,-550.585205,299.999725,0.000000
81.450005,67.645935,-550.585205,-0.002061,-0.001163,-0.029538,300.904144,15.328788,-0.295377,-550.585205,299.999725,0.000000
81.460007,67.653015,-550.629700,-0.002108,-0.001163,-0.029538,300.935638,15.330393,-0.295377,-550.629700,299.999725,0.000000
81.470001,67.658218,-550.585205,-0.002190,-0.001163,-0.029538,300.958801,15.331572,-0.295377,-550.585205,299.999725,0.000000
81.480003,67.654877,-550.674194,-0.002156,-0.001163,-0.029538,300.943909,15.330813,-0.295377,-550.674194,299.999725,0.000000
81.490005,67.653381,-550.585205,-0.002117,-0.001163,-0.029538,300.937256,15.330476,-0.295377,-550.585205,299.999725,0.000000
81.500008,67.655243,-550.674194,-0.002108,-0.001163,-0.029538,300.945557,15.330897,-0.295377,-550.674194,299.999725,0.000000
81.510002,67.661575,-550.674194,-0.002100,-0.001163,-0.029538,300.973724,15.332332,-0.295377,-550.674194,299.999725,0.000000
81.520004,67.663055,-550.540710,-0.002078,-0.001163,-0.029538,300.980316,15.332668,-0.295377,-550.540710,299.999725,0.000000
81.530006,67.670883,-550.718628,-0.002061,-0.001163,-0.029538,301.015137,15.334442,-0.295377,-550.718628,299.999725,0.000000
81.540001,67.665298,-550.585205,-0.002022,-0.001163,-0.029538,300.990265,15.333177,-0.295377,-550.585205,299.999725,0.000000
81.550003,67.661942,-550.585205,-0.002091,-0.001163,-0.029538,300.975342,15.332416,-0.295377,-550.585205,299.999725,0.000000
81.560005,67.668274,-550.629700,-0.002104,-0.001163,-0.029538,301.003510,15.333850,-0.295377,-550.629700,299.999725,0.000000
81.570007,67.673492,-550.540710,-0.002147,-0.001163,-0.029538,301.026733,15.335032,-0.295377,-550.540710,299.999725,0.000000
81.580002,67.661575,-550.674194,-0.002134,-0.001163,-0.029538,300.973724,15.332332,-0.295377,-550.674194,299.999725,0.000000
81.590004,67.638489,-550.585205,-0.002147,-0.001163,-0.029538,300.871033,15.327101,-0.295377,-550.585205,299.999725,0.000000
81.600006,67.650406,-550.629700,-0.002164,-0.001163,-0.029538,300.924042,15.329801,-0.295377,-550.629700,299.999725,0.000000
81.610001,67.647049,-550.629700,-0.002151,-0.001163,-0.029538,300.909088,15.329041,-0.295377,-550.629700,299.999725,0.000000
81.620003,67.643692,-550.585205,-0.002169,-0.001163,-0.029538,300.894165,15.328279,-0.295377,-550.585205,299.999725,0.000000
81.630005,67.646683,-550.629700,-0.002082,-0.001163,-0.029538,300.907471,15.328958,-0.295377,-550.629700,299.999725,0.000000
81.640007,67.651886,-550.585205,-0.002022,-0.001163,-0.029538,300.930634,15.330137,-0.295377,-550.585205,299.999725,0.000000
81.650002,67.661194,-550.674194,-0.002091,-0.001163,-0.029538,300.972015,15.332246,-0.295377,-550.674194,299.999725,0.000000
81.660004,67.644440,-550.629700,-0.002121,-0.001163,-0.029538,300.897491,15.328449,-0.295377,-550.629700,299.999725,0.000000
81.670006,67.640717,-550.540710,-0.002156,-0.001163,-0.029538,300.880920,15.327606,-0.295377,-550.540710,299.999725,0.000000
81.680000,67.645935,-550.718628,-0.002134,-0.001163,-0.029538,300.904144,15.328788,-0.295377,-550.718628,299.999725,0.000000
81.690002,67.647049,-550.585205,-0.002160,-0.001163,-0.029538,300.909088,15.329041,-0.295377,-550.585205,299.999725,0.000000
81.700005,67.651520,-550.629700,-0.002117,-0.001163,-0.029538,300.928986,15.330053,-0.295377,-550.629700,299.999725,0.000000
81.710007,67.650772,-550.718628,-0.002057,-0.001163,-0.029538,300.925659,15.329885,-0.295377,-550.718628,299.999725,0.000000
81.720001,67.639236,-550.585205,-0.002087,-0.001163,-0.029538,300.874359,15.327270,-0.295377,-550.585205,299.999725,0.000000
81.730003,67.642578,-550.718628,-0.002100,-0.001163,-0.029538,300.889221,15.328027,-0.295377,-550.718628,299.999725,0.000000
81.740005,67.646683,-550.585205,-0.002117,-0.001163,-0.029538,300.907471,15.328958,-0.295377,-550.585205,299.999725,0.000000
81.750008,67.650024,-550.674194,-0.002151,-0.001163,-0.029538,300.922333,15.329715,-0.295377,-550.674194,299.999725,0.000000
81.760002,67.644073,-550.629700,-0.002156,-0.001163,-0.029538,300.895874,15.328366,-0.295377,-550.629700,299.999725,0.000000
81.770004,67.645554,-550.585205,-0.002164,-0.001163,-0.029538,300.902435,15.328702,-0.295377,-550.585205,299.999725,0.000000
81.780006,67.636627,-550.763123,-0.002190,-0.001163,-0.029538,300.862732,15.326678,-0.295377,-550.763123,299.999725,0.000000
81.790001,67.645554,-550.585205,-0.002151,-0.001163,-0.029538,300.902435,15.328702,-0.295377,-550.585205,299.999725,0.000000
81.800003,67.643692,-550.629700,-0.002156,-0.001163,-0.029538,300.894165,15.328279,-0.295377,-550.629700,299.999725,0.000000
81.810005,67.646301,-550.718628,-0.002151,-0.001163,-0.029538,300.905762,15.328872,-0.295377,-550.718628,299.999725,0.000000
81.820007,67.646683,-550.629700,-0.002095,-0.001163,-0.029538,300.907471,15.328958,-0.295377,-550.629700,299.999725,0.000000
81.830002,67.646301,-550.674194,-0.002074,-0.001163,-0.029538,300.905762,15.328872,-0.295377,-550.674194,299.999725,0.000000
81.840004,67.642212,-550.629700,-0.002031,-0.001163,-0.029538,300.887573,15.327944,-0.295377,-550.629700,299.999725,0.000000
81.850006,67.637375,-550.674194,-0.002022,-0.001163,-0.029538,300.866058,15.326848,-0.295377,-550.674194,299.999725,0.000000
81.860001,67.648163,-550.674194,-0.002074,-0.001163,-0.029538,300.914062,15.329292,-0.295377,-550.674194,299.999725,0.000000
81.870003,67.643326,-550.540710,-0.002108,-0.001163,-0.029538,300.892548,15.328197,-0.295377,-550.540710,299.999725,0.000000
81.880005,67.632523,-550.629700,-0.002121,-0.001163,-0.029538,300.844482,15.325748,-0.295377,-550.629700,299.999725,0.000000
81.890007,67.644440,-550.629700,-0.002143,-0.001163,-0.029538,300.897491,15.328449,-0.295377,-550.629700,299.999725,0.000000
81.900002,67.654129,-550.629700,-0.002151,-0.001163,-0.029538,300.940582,15.330645,-0.295377,-550.629700,299.999725,0.000000
81.910004,67.633270,-550.674194,-0.002057,-0.001163,-0.029538,300.847809,15.325918,-0.295377,-550.674194,299.999725,0.000000
81.920006,67.631790,-550.540710,-0.002031,-0.001163,-0.029538,300.841217,15.325583,-0.295377,-550.540710,299.999725,0.000000
81.930000,67.641830,-550.718628,-0.002039,-0.001163,-0.029538,300.885895,15.327858,-0.295377,-550.718628,299.999725,0.000000
81.940002,67.638855,-550.585205,-0.002082,-0.001163,-0.029538,300.872650,15.327184,-0.295377,-550.585205,299.999725,0.000000
81.950005,67.641464,-550.674194,-0.002169,-0.001163,-0.029538,300.884247,15.327774,-0.295377,-550.674194,299.999725,0.000000
81.960007,67.638107,-550.629700,-0.002182,-0.001163,-0.029538,300.869324,15.327014,-0.295377,-550.629700,299.999725,0.000000
81.970001,67.640350,-550.540710,-0.002143,-0.001163,-0.029538,300.879303,15.327522,-0.295377,-550.540710,299.999725,0.000000
81.980003,67.646683,-550.718628,-0.002061,-0.001163,-0.029538,300.907471,15.328958,-0.295377,-550.718628,299.999725,0.000000
81.990005,67.644440,-550.629700,-0.002052,-0.001163,-0.029538,300.897491,15.328449,-0.295377,-550.629700,299.999725,0.000000
82.000008,67.634766,-550.629700,-0.002061,-0.001163,-0.029538,300.854462,15.326257,-0.295377,-550.629700,299.999725,0.000000
82.010002,67.635132,-550.629700,-0.002074,-0.001163,-0.029538,300.856079,15.326341,-0.295377,-550.629700,299.999725,0.000000
82.020004,67.634018,-550.585205,-0.002104,-0.001163,-0.029538,300.851135,15.326088,-0.295377,-550.585205,299.999725,0.000000
82.030006,67.636627,-550.718628,-0.002177,-0.001163,-0.029538,300.862732,15.326678,-0.295377,-550.718628,299.999725,0.000000
82.040001,67.638107,-550.585205,-0.002113,-0.001163,-0.029538,300.869324,15.327014,-0.295377,-550.585205,299.999725,0.000000
82.050003,67.634384,-550.629700,-0.002061,-0.001163,-0.029538,300.852753,15.326171,-0.295377,-550.629700,299.999725,0.000000
82.060005,67.640717,-550.674194,-0.002126,-0.001163,-0.029538,300.880920,15.327606,-0.295377,-550.674194,299.999725,0.000000
82.070007,67.628799,-550.629700,-0.002160,-0.001163,-0.029538,300.827911,15.324905,-0.295377,-550.629700,299.999725,0.000000
82.080002,67.632523,-550.718628,-0.002186,-0.001163,-0.029538,300.844482,15.325748,-0.295377,-550.718628,299.999725,0.000000
82.090004,67.639603,-550.585205,-0.002139,-0.001163,-0.029538,300.875977,15.327353,-0.295377,-550.585205,299.999725,0.000000
82.100006,67.631042,-550.585205,-0.002052,-0.001163,-0.029538,300.837891,15.325413,-0.295377,-550.585205,299.999725,0.000000
82.110001,67.628067,-550.674194,-0.002057,-0.001163,-0.029538,300.824677,15.324739,-0.295377,-550.674194,299.999725,0.000000
82.120003,67.635880,-550.629700,-0.002057,-0.001163,-0.029538,300.859406,15.326509,-0.295377,-550.629700,299.999725,0.000000
82.130005,67.639603,-550.718628,-0.002070,-0.001163,-0.029538,300.875977,15.327353,-0.295377,-550.718628,299.999725,0.000000
82.140007,67.640717,-550.585205,-0.002065,-0.001163,-0.029538,300.880920,15.327606,-0.295377,-550.585205,299.999725,0.000000
82.150002,67.636627,-550.674194,-0.002061,-0.001163,-0.029538,300.862732,15.326678,-0.295377,-550.674194,299.999725,0.000000
82.160004,67.624710,-550.718628,-0.002052,-0.001163,-0.029538,300.809723,15.323977,-0.295377,-550.718628,299.999725,0.000000
82.170006,67.633270,-550.585205,-0.002065,-0.001163,-0.029538,300.847809,15.325918,-0.295377,-550.585205,299.999725,0.000000
82.180000,67.633652,-550.718628,-0.002113,-0.001163,-0.029538,300.849518,15.326004,-0.295377,-550.718628,299.999725,0.000000
82.190002,67.631409,-550.540710,-0.002147,-0.001163,-0.029538,300.839539,15.325496,-0.295377,-550.540710,299.999725,0.000000
82.200005,67.631790,-550.629700,-0.002143,-0.001163,-0.029538,300.841217,15.325583,-0.295377,-550.629700,299.999725,0.000000
82.210007,67.634018,-550.674194,-0.002156,-0.001163,-0.029538,300.851135,15.326088,-0.295377,-550.674194,299.999725,0.000000
82.220001,67.642212,-550.585205,-0.002121,-0.001163,-0.029538,300.887573,15.327944,-0.295377,-550.585205,299.999725,0.000000
82.230003,67.638107,-550.674194,-0.002065,-0.001163,-0.029538,300.869324,15.327014,-0.295377,-550.674194,299.999725,0.000000
82.240005,67.631790,-550.585205,-0.002061,-0.001163,-0.029538,300.841217,15.325583,-0.295377,-550.585205,299.999725,0.000000
82.250008,67.631790,-550.718628,-0.002074,-0.001163,-0.029538,300.841217,15.325583,-0.295377,-550.718628,299.999725,0.000000
82.260002,67.622101,-550.674194,-0.002147,-0.001163,-0.029538,300.798126,15.323387,-0.295377,-550.674194,299.999725,0.000000
82.270004,67.636993,-550.585205,-0.002108,-0.001163,-0.029538,300.864380,15.326761,-0.295377,-550.585205,299.999725,0.000000
82.280006,67.648163,-550.674194,-0.002121,-0.001163,-0.029538,300.914062,15.329292,-0.295377,-550.674194,299.999725,0.000000
82.290001,67.635880,-550.629700,-0.002156,-0.001163,-0.029538,300.859406,15.326509,-0.295377,-550.629700,299.999725,0.000000
82.300003,67.635513,-550.674194,-0.002151,-0.001163,-0.029538,300.857788,15.326427,-0.295377,-550.674194,299.999725,0.000000
82.310005,67.628067,-550.674194,-0.002160,-0.001163,-0.029538,300.824677,15.324739,-0.295377,-550.674194,299.999725,0.000000
82.320007,67.628799,-550.585205,-0.002151,-0.001163,-0.029538,300.827911,15.324905,-0.295377,-550.585205,299.999725,0.000000
82.330002,67.629547,-550.718628,-0.002164,-0.001163,-0.029538,300.831238,15.325074,-0.295377,-550.718628,299.999725,0.000000
82.340004,67.634766,-550.674194,-0.002160,-0.001163,-0.029538,300.854462,15.326257,-0.295377,-550.674194,299.999725,0.000000
82.350006,67.628433,-550.674194,-0.002156,-0.001163,-0.029538,300.826294,15.324822,-0.295377,-550.674194,299.999725,0.000000
82.360001,67.622467,-550.674194,-0.002134,-0.001163,-0.029538,300.799744,15.323470,-0.295377,-550.674194,299.999725,0.000000
82.370003,67.640717,-550.629700,-0.002139,-0.001163,-0.029538,300.880920,15.327606,-0.295377,-550.629700,299.999725,0.000000
82.380005,67.635132,-550.718628,-0.002113,-0.001163,-0.029538,300.856079,15.326341,-0.295377,-550.718628,299.999725,0.000000
82.390007,67.632904,-550.629700,-0.002057,-0.001163,-0.029538,300.846191,15.325835,-0.295377,-550.629700,299.999725,0.000000
82.400002,67.626572,-550.674194,-0.002070,-0.001163,-0.029538,300.818024,15.324400,-0.295377,-550.674194,299.999725,0.000000
82.410004,67.626572,-550.674194,-0.002108,-0.001163,-0.029538,300.818024,15.324400,-0.295377,-550.674194,299.999725,0.000000
82.420006,67.638855,-550.585205,-0.002164,-0.001163,-0.029538,300.872650,15.327184,-0.295377,-550.585205,299.999725,0.000000
82.430000,67.623596,-550.674194,-0.002169,-0.001163,-0.029538,300.804779,15.323727,-0.295377,-550.674194,299.999725,0.000000
82.440002,67.623962,-550.585205,-0.002169,-0.001163,-0.029538,300.806396,15.323809,-0.295377,-550.585205,299.999725,0.000000
82.450005,67.621735,-550.674194,-0.002151,-0.001163,-0.029538,300.796509,15.323304,-0.295377,-550.674194,299.999725,0.000000
82.460007,67.627686,-550.674194,-0.002164,-0.001163,-0.029538,300.822968,15.324653,-0.295377,-550.674194,299.999725,0.000000
82.470001,67.633270,-550.629700,-0.002177,-0.001163,-0.029538,300.847809,15.325918,-0.295377,-550.629700,299.999725,0.000000
82.480003,67.633652,-550.718628,-0.002113,-0.001163,-0.029538,300.849518,15.326004,-0.295377,-550.718628,299.999725,0.000000
82.490005,67.624329,-550.629700,-0.002061,-0.001163,-0.029538,300.808044,15.323892,-0.295377,-550.629700,299.999725,0.000000
82.500008,67.623215,-550.674194,-0.002074,-0.001163,-0.029538,300.803070,15.323639,-0.295377,-550.674194,299.999725,0.000000
82.510002,67.629929,-550.718628,-0.002104,-0.001163,-0.029538,300.832947,15.325161,-0.295377,-550.718628,299.999725,0.000000
82.520004,67.628067,-550.540710,-0.002074,-0.001163,-0.029538,300.824677,15.324739,-0.295377,-550.540710,299.999725,0.000000
82.530006,67.627686,-550.674194,-0.002095,-0.001163,-0.029538,300.822968,15.324653,-0.295377,-550.674194,299.999725,0.000000
82.540001,67.625824,-550.629700,-0.002078,-0.001163,-0.029538,300.814697,15.324230,-0.295377,-550.629700,299.999725,0.000000
82.550003,67.628433,-550.629700,-0.002091,-0.001163,-0.029538,300.826294,15.324822,-0.295377,-550.629700,299.999725,0.000000
82.560005,67.625824,-550.629700,-0.002177,-0.001163,-0.029538,300.814697,15.324230,-0.295377,-550.629700,299.999725,0.000000
82.570007,67.619492,-550.674194,-0.002139,-0.001163,-0.029538,300.786530,15.322796,-0.295377,-550.674194,299.999725,0.000000
82.580002,67.628433,-550.763123,-0.002074,-0.001163,-0.029538,300.826294,15.324822,-0.295377,-550.763123,299.999725,0.000000
82.590004,67.628799,-550.629700,-0.002039,-0.001163,-0.029538,300.827911,15.324905,-0.295377,-550.629700,299.999725,0.000000
82.600006,67.625824,-550.718628,-0.002078,-0.001163,-0.029538,300.814697,15.324230,-0.295377,-550.718628,299.999725,0.000000
82.610001,67.627319,-550.674194,-0.002087,-0.001163,-0.029538,300.821350,15.324570,-0.295377,-550.674194,299.999725,0.000000
82.620003,67.632156,-550.585205,-0.002126,-0.001163,-0.029538,300.842865,15.325665,-0.295377,-550.585205,299.999725,0.000000
82.630005,67.617264,-550.763123,-0.002121,-0.001163,-0.029538,300.776611,15.322291,-0.295377,-550.763123,299.999725,0.000000
82.640007,67.625076,-550.629700,-0.002177,-0.001163,-0.029538,300.811371,15.324061,-0.295377,-550.629700,299.999725,0.000000
82.650002,67.632523,-550.674194,-0.002139,-0.001163,-0.029538,300.844482,15.325748,-0.295377,-550.674194,299.999725,0.000000
82.660004,67.634384,-550.718628,-0.002177,-0.001163,-0.029538,300.852753,15.326171,-0.295377,-550.718628,299.999725,0.000000
82.670006,67.627686,-550.629700,-0.002143,-0.001163,-0.029538,300.822968,15.324653,-0.295377,-550.629700,299.999725,0.000000
82.680000,67.621353,-550.718628,-0.002139,-0.001163,-0.029538,300.794800,15.323217,-0.295377,-550.718628,299.999725,0.000000
82.690002,67.622101,-550.629700,-0.002134,-0.001163,-0.029538,300.798126,15.323387,-0.295377,-550.629700,299.999725,0.000000
82.700005,67.626938,-550.718628,-0.002070,-0.001163,-0.029538,300.819641,15.324483,-0.295377,-550.718628,299.999725,0.000000
82.710007,67.633652,-550.674194,-0.002078,-0.001163,-0.029538,300.849518,15.326004,-0.295377,-550.674194,299.999725,0.000000
82.720001,67.627319,-550.585205,-0.002091,-0.001163,-0.029538,300.821350,15.324570,-0.295377,-550.585205,299.999725,0.000000
82.730003,67.613907,-550.718628,-0.002130,-0.001163,-0.029538,300.761688,15.321530,-0.295377,-550.718628,299.999725,0.000000
82.740005,67.628433,-550.585205,-0.002117,-0.001163,-0.029538,300.826294,15.324822,-0.295377,-550.585205,299.999725,0.000000
82.750008,67.618744,-550.674194,-0.002164,-0.001163,-0.029538,300.783203,15.322626,-0.295377,-550.674194,299.999725,0.000000
82.760002,67.613541,-550.629700,-0.002121,-0.001163,-0.029538,300.760040,15.321447,-0.295377,-550.629700,299.999725,0.000000
82.770004,67.615768,-550.585205,-0.002130,-0.001163,-0.029538,300.769958,15.321953,-0.295377,-550.585205,299.999725,0.000000
82.780006,67.620987,-550.718628,-0.002173,-0.001163,-0.029538,300.793182,15.323134,-0.295377,-550.718628,299.999725,0.000000
82.790001,67.622467,-550.540710,-0.002156,-0.001163,-0.029538,300.799744,15.323470,-0.295377,-550.540710,299.999725,0.000000
82.800003,67.623215,-550.674194,-0.002151,-0.001163,-0.029538,300.803070,15.323639,-0.295377,-550.674194,299.999725,0.000000
82.810005,67.620605,-550.718628,-0.002169,-0.001163,-0.029538,300.791473,15.323049,-0.295377,-550.718628,299.999725,0.000000
82.820007,67.629181,-550.585205,-0.002121,-0.001163,-0.029538,300.829620,15.324991,-0.295377,-550.585205,299.999725,0.000000
82.830002,67.625824,-550.718628,-0.002039,-0.001163,-0.029538,300.814697,15.324230,-0.295377,-550.718628,299.999725,0.000000
82.840004,67.617630,-550.585205,-0.002048,-0.001163,-0.029538,300.778229,15.322373,-0.295377,-550.585205,299.999725,0.000000
82.850006,67.620605,-550.674194,-0.002057,-0.001163,-0.029538,300.791473,15.323049,-0.295377,-550.674194,299.999725,0.000000
82.860001,67.621353,-550.674194,-0.002065,-0.001163,-0.029538,300.794800,15.323217,-0.295377,-550.674194,299.999725,0.000000
82.870003,67.613541,-550.629700,-0.002113,-0.001163,-0.029538,300.760040,15.321447,-0.295377,-550.629700,299.999725,0.000000
82.880005,67.611298,-550.718628,-0.002095,-0.001163,-0.029538,300.750061,15.320938,-0.295377,-550.718628,299.999725,0.000000
82.890007,67.621735,-550.674194,-0.002130,-0.001163,-0.029538,300.796509,15.323304,-0.295377,-550.674194,299.999725,0.000000
82.900002,67.617264,-550.718628,-0.002156,-0.001163,-0.029538,300.776611,15.322291,-0.295377,-550.718628,299.999725,0.000000
82.910004,67.618744,-550.718628,-0.002121,-0.001163,-0.029538,300.783203,15.322626,-0.295377,-550.718628,299.999725,0.000000
82.920006,67.619492,-550.629700,-0.002100,-0.001163,-0.029538,300.786530,15.322796,-0.295377,-550.629700,299.999725,0.000000
82.930000,67.619873,-550.674194,-0.002070,-0.001163,-0.029538,300.788208,15.322882,-0.295377,-550.674194,299.999725,0.000000
82.940002,67.620987,-550.629700,-0.002031,-0.001163,-0.029538,300.793182,15.323134,-0.295377,-550.629700,299.999725,0.000000
82.950005,67.618744,-550.718628,-0.002052,-0.001163,-0.029538,300.783203,15.322626,-0.295377,-550.718628,299.999725,0.000000
82.960007,67.620987,-550.718628,-0.002065,-0.001163,-0.029538,300.793182,15.323134,-0.295377,-550.718628,299.999725,0.000000
82.970001,67.623215,-550.585205,-0.002078,-0.001163,-0.029538,300.803070,15.323639,-0.295377,-550.585205,299.999725,0.000000
82.980003,67.618011,-550.718628,-0.002065,-0.001163,-0.029538,300.779938,15.322461,-0.295377,-550.718628,299.999725,0.000000
82.990005,67.615402,-550.629700,-0.002104,-0.001163,-0.029538,300.768341,15.321869,-0.295377,-550.629700,299.999725,0.000000
83.000008,67.616516,-550.718628,-0.002147,-0.001163,-0.029538,300.773285,15.322122,-0.295377,-550.718628,299.999725,0.000000
83.010002,67.619125,-550.674194,-0.002164,-0.001163,-0.029538,300.784882,15.322713,-0.295377,-550.674194,299.999725,0.000000
83.020004,67.619125,-550.629700,-0.002164,-0.001163,-0.029538,300.784882,15.322713,-0.295377,-550.629700,299.999725,0.000000
83.030006,67.621353,-550.763123,-0.002147,-0.001163,-0.029538,300.794800,15.323217,-0.295377,-550.763123,299.999725,0.000000
83.040001,67.620239,-550.629700,-0.002095,-0.001163,-0.029538,300.789856,15.322965,-0.295377,-550.629700,299.999725,0.000000
83.050003,67.613907,-550.674194,-0.002065,-0.001163,-0.029538,300.761688,15.321530,-0.295377,-550.674194,299.999725,0.000000
83.060005,67.617264,-550.718628,-0.002022,-0.001163,-0.029538,300.776611,15.322291,-0.295377,-550.718628,299.999725,0.000000
83.070007,67.623596,-550.629700,-0.002048,-0.001163,-0.029538,300.804779,15.323727,-0.295377,-550.629700,299.999725,0.000000
83.080002,67.618744,-550.718628,-0.002048,-0.001163,-0.029538,300.783203,15.322626,-0.295377,-550.718628,299.999725,0.000000
83.090004,67.618011,-550.629700,-0.002057,-0.001163,-0.029538,300.779938,15.322461,-0.295377,-550.629700,299.999725,0.000000
83.100006,67.618744,-550.674194,-0.002095,-0.001163,-0.029538,300.783203,15.322626,-0.295377,-550.674194,299.999725,0.000000
83.110001,67.612793,-550.674194,-0.002134,-0.001163,-0.029538,300.756714,15.321278,-0.295377,-550.674194,299.999725,0.000000
83.120003,67.615768,-550.585205,-0.002134,-0.001163,-0.029538,300.769958,15.321953,-0.295377,-550.585205,299.999725,0.000000
83.130005,67.617264,-550.763123,-0.002164,-0.001163,-0.029538,300.776611,15.322291,-0.295377,-550.763123,299.999725,0.000000
83.140007,67.629181,-550.674194,-0.002151,-0.001163,-0.029538,300.829620,15.324991,-0.295377,-550.674194,299.999725,0.000000
83.150002,67.622467,-550.718628,-0.002156,-0.001163,-0.029538,300.799744,15.323470,-0.295377,-550.718628,299.999725,0.000000
83.160004,67.610565,-550.718628,-0.002121,-0.001163,-0.029538,300.746826,15.320773,-0.295377,-550.718628,299.999725,0.000000
83.170006,67.605347,-550.629700,-0.002139,-0.001163,-0.029538,300.723602,15.319591,-0.295377,-550.629700,299.999725,0.000000
83.180000,67.612793,-550.674194,-0.002130,-0.001163,-0.029538,300.756714,15.321278,-0.295377,-550.674194,299.999725,0.000000
83.190002,67.613159,-550.629700,-0.002082,-0.001163,-0.029538,300.758362,15.321361,-0.295377,-550.629700,299.999725,0.000000
83.200005,67.609070,-550.674194,-0.002070,-0.001163,-0.029538,300.740173,15.320435,-0.295377,-550.674194,299.999725,0.000000
83.210007,67.614655,-550.674194,-0.002031,-0.001163,-0.029538,300.765015,15.321700,-0.295377,-550.674194,299.999725,0.000000
83.220001,67.615768,-550.629700,-0.002065,-0.001163,-0.029538,300.769958,15.321953,-0.295377,-550.629700,299.999725,0.000000
83.230003,67.607574,-550.763123,-0.002156,-0.001163,-0.029538,300.733521,15.320095,-0.295377,-550.763123,299.999725,0.000000
83.240005,67.601242,-550.629700,-0.002164,-0.001163,-0.029538,300.705353,15.318661,-0.295377,-550.629700,299.999725,0.000000
83.250008,67.605347,-550.674194,-0.002160,-0.001163,-0.029538,300.723602,15.319591,-0.295377,-550.674194,299.999725,0.000000
83.260002,67.607208,-550.718628,-0.002082,-0.001163,-0.029538,300.731873,15.320012,-0.295377,-550.718628,299.999725,0.000000
83.270004,67.622849,-550.629700,-0.002044,-0.001163,-0.029538,300.801453,15.323557,-0.295377,-550.629700,299.999725,0.000000
83.280006,67.620605,-550.763123,-0.002048,-0.001163,-0.029538,300.791473,15.323049,-0.295377,-550.763123,299.999725,0.000000
83.290001,67.616882,-550.674194,-0.002052,-0.001163,-0.029538,300.774902,15.322204,-0.295377,-550.674194,299.999725,0.000000
83.300003,67.604599,-550.674194,-0.002078,-0.001163,-0.029538,300.720276,15.319422,-0.295377,-550.674194,299.999725,0.000000
83.310005,67.605347,-550.674194,-0.002182,-0.001163,-0.029538,300.723602,15.319591,-0.295377,-550.674194,299.999725,0.000000
83.320007,67.617630,-550.629700,-0.002151,-0.001163,-0.029538,300.778229,15.322373,-0.295377,-550.629700,299.999725,0.000000
83.330002,67.613541,-550.763123,-0.002139,-0.001163,-0.029538,300.760040,15.321447,-0.295377,-550.763123,299.999725,0.000000
83.340004,67.603485,-550.629700,-0.002113,-0.001163,-0.029538,300.715332,15.319169,-0.295377,-550.629700,299.999725,0.000000
83.350006,67.613159,-550.718628,-0.002108,-0.001163,-0.029538,300.758362,15.321361,-0.295377,-550.718628,299.999725,0.000000
83.360001,67.606461,-550.718628,-0.002065,-0.001163,-0.029538,300.728546,15.319842,-0.295377,-550.718628,299.999725,0.000000
83.370003,67.610565,-550.629700,-0.002052,-0.001163,-0.029538,300.746826,15.320773,-0.295377,-550.629700,299.999725,0.000000
83.380005,67.610184,-550.718628,-0.002061,-0.001163,-0.029538,300.745117,15.320687,-0.295377,-550.718628,299.999725,0.000000
83.390007,67.609818,-550.629700,-0.002130,-0.001163,-0.029538,300.743500,15.320603,-0.295377,-550.629700,299.999725,0.000000
83.400002,67.595657,-550.674194,-0.002169,-0.001163,-0.029538,300.680511,15.317395,-0.295377,-550.674194,299.999725,0.000000
83.410004,67.600510,-550.763123,-0.002130,-0.001163,-0.029538,300.702087,15.318495,-0.295377,-550.763123,299.999725,0.000000
83.420006,67.604599,-550.674194,-0.002044,-0.001163,-0.029538,300.720276,15.319422,-0.295377,-550.674194,299.999725,0.000000
83.430000,67.609070,-550.763123,-0.002039,-0.001163,-0.029538,300.740173,15.320435,-0.295377,-550.763123,299.999725,0.000000
83.440002,67.611679,-550.629700,-0.002057,-0.001163,-0.029538,300.751770,15.321026,-0.295377,-550.629700,299.999725,0.000000
83.450005,67.606461,-550.674194,-0.002065,-0.001163,-0.029538,300.728546,15.319842,-0.295377,-550.674194,299.999725,0.000000
83.460007,67.609070,-550.718628,-0.002113,-0.001163,-0.029538,300.740173,15.320435,-0.295377,-550.718628,299.999725,0.000000
83.470001,67.607574,-550.629700,-0.002160,-0.001163,-0.029538,300.733521,15.320095,-0.295377,-550.629700,299.999725,0.000000
83.480003,67.604965,-550.763123,-0.002147,-0.001163,-0.029538,300.721893,15.319504,-0.295377,-550.763123,299.999725,0.000000
83.490005,67.606827,-550.629700,-0.002035,-0.001163,-0.029538,300.730194,15.319926,-0.295377,-550.629700,299.999725,0.000000
83.500008,67.601624,-550.718628,-0.002026,-0.001163,-0.029538,300.707031,15.318747,-0.295377,-550.718628,299.999725,0.000000
83.510002,67.602737,-550.718628,-0.002026,-0.001163,-0.029538,300.712006,15.318999,-0.295377,-550.718628,299.999725,0.000000
83.520004,67.610184,-550.585205,-0.002065,-0.001163,-0.029538,300.745117,15.320687,-0.295377,-550.585205,299.999725,0.000000
83.530006,67.597900,-550.763123,-0.002126,-0.001163,-0.029538,300.690491,15.317904,-0.295377,-550.763123,299.999725,0.000000
83.540001,67.597900,-550.629700,-0.002139,-0.001163,-0.029538,300.690491,15.317904,-0.295377,-550.629700,299.999725,0.000000
83.550003,67.598267,-550.718628,-0.002078,-0.001163,-0.029538,300.692108,15.317986,-0.295377,-550.718628,299.999725,0.000000
83.560005,67.607956,-550.718628,-0.002044,-0.001163,-0.029538,300.735199,15.320182,-0.295377,-550.718628,299.999725,0.000000
83.570007,67.604233,-550.629700,-0.002151,-0.001163,-0.029538,300.718658,15.319338,-0.295377,-550.629700,299.999725,0.000000
83.580002,67.606094,-550.674194,-0.002126,-0.001163,-0.029538,300.726929,15.319760,-0.295377,-550.674194,299.999725,0.000000
83.590004,67.603104,-550.718628,-0.002143,-0.001163,-0.029538,300.713623,15.319082,-0.295377,-550.718628,299.999725,0.000000
83.600006,67.602737,-550.718628,-0.002052,-0.001163,-0.029538,300.712006,15.318999,-0.295377,-550.718628,299.999725,0.000000
83.610001,67.613907,-550.763123,-0.002048,-0.001163,-0.029538,300.761688,15.321530,-0.295377,-550.763123,299.999725,0.000000
83.620003,67.610184,-550.629700,-0.002074,-0.001163,-0.029538,300.745117,15.320687,-0.295377,-550.629700,299.999725,0.000000
83.630005,67.609070,-550.763123,-0.002022,-0.001163,-0.029538,300.740173,15.320435,-0.295377,-550.763123,299.999725,0.000000
83.640007,67.603104,-550.629700,-0.002061,-0.001163,-0.029538,300.713623,15.319082,-0.295377,-550.629700,299.999725,0.000000
83.650002,67.604233,-550.718628,-0.002065,-0.001163,-0.029538,300.718658,15.319338,-0.295377,-550.718628,299.999725,0.000000
83.660004,67.604965,-550.674194,-0.002121,-0.001163,-0.029538,300.721893,15.319504,-0.295377,-550.674194,299.999725,0.000000
83.670006,67.609818,-550.585205,-0.002139,-0.001163,-0.029538,300.743500,15.320603,-0.295377,-550.585205,299.999725,0.000000
83.680000,67.604965,-550.807617,-0.002160,-0.001163,-0.029538,300.721893,15.319504,-0.295377,-550.807617,299.999725,0.000000
83.690002,67.600876,-550.585205,-0.002108,-0.001163,-0.029538,300.703705,15.318577,-0.295377,-550.585205,299.999725,0.000000
83.700005,67.603851,-550.718628,-0.002151,-0.001163,-0.029538,300.716949,15.319252,-0.295377,-550.718628,299.999725,0.000000
83.710007,67.597519,-550.763123,-0.002139,-0.001163,-0.029538,300.688782,15.317817,-0.295377,-550.763123,299.999725,0.000000
83.720001,67.595657,-550.629700,-0.002121,-0.001163,-0.029538,300.680511,15.317395,-0.295377,-550.629700,299.999725,0.000000
83.730003,67.601624,-550.763123,-0.002065,-0.001163,-0.029538,300.707031,15.318747,-0.295377,-550.763123,299.999725,0.000000
83.740005,67.609436,-550.629700,-0.002039,-0.001163,-0.029538,300.741791,15.320518,-0.295377,-550.629700,299.999725,0.000000
83.750008,67.598648,-550.718628,-0.002026,-0.001163,-0.029538,300.693817,15.318072,-0.295377,-550.718628,299.999725,0.000000
83.760002,67.600876,-550.718628,-0.002052,-0.001163,-0.029538,300.703705,15.318577,-0.295377,-550.718628,299.999725,0.000000
83.770004,67.595657,-550.629700,-0.002057,-0.001163,-0.029538,300.680511,15.317395,-0.295377,-550.629700,299.999725,0.000000
83.780006,67.601990,-550.763123,-0.002078,-0.001163,-0.029538,300.708679,15.318830,-0.295377,-550.763123,299.999725,0.000000
83.790001,67.588959,-550.674194,-0.002087,-0.001163,-0.029538,300.650696,15.315877,-0.295377,-550.674194,299.999725,0.000000
83.800003,67.600510,-550.718628,-0.002087,-0.001163,-0.029538,300.702087,15.318495,-0.295377,-550.718628,299.999725,0.000000
83.810005,67.605713,-550.674194,-0.002074,-0.001163,-0.029538,300.725220,15.319674,-0.295377,-550.674194,299.999725,0.000000
83.820007,67.605347,-550.629700,-0.002108,-0.001163,-0.029538,300.723602,15.319591,-0.295377,-550.629700,299.999725,0.000000
83.830002,67.604965,-550.718628,-0.002108,-0.001163,-0.029538,300.721893,15.319504,-0.295377,-550.718628,299.999725,0.000000
83.840004,67.599014,-550.629700,-0.002143,-0.001163,-0.029538,300.695435,15.318156,-0.295377,-550.629700,299.999725,0.000000
83.850006,67.585983,-550.718628,-0.002151,-0.001163,-0.029538,300.637482,15.315203,-0.295377,-550.718628,299.999725,0.000000
83.860001,67.596039,-550.718628,-0.002139,-0.001163,-0.029538,300.682190,15.317481,-0.295377,-550.718628,299.999725,0.000000
83.870003,67.590820,-550.540710,-0.002139,-0.001163,-0.029538,300.658997,15.316298,-0.295377,-550.540710,299.999725,0.000000
83.880005,67.594177,-550.718628,-0.002156,-0.001163,-0.029538,300.673920,15.317060,-0.295377,-550.718628,299.999725,0.000000
83.890007,67.609818,-550.629700,-0.002151,-0.001163,-0.029538,300.743500,15.320603,-0.295377,-550.629700,299.999725,0.000000
83.900002,67.608322,-550.718628,-0.002126,-0.001163,-0.029538,300.736847,15.320265,-0.295377,-550.718628,299.999725,0.000000
83.910004,67.594177,-550.763123,-0.002147,-0.001163,-0.029538,300.673920,15.317060,-0.295377,-550.763123,299.999725,0.000000
83.920006,67.592682,-550.718628,-0.002164,-0.001163,-0.029538,300.667267,15.316721,-0.295377,-550.718628,299.999725,0.000000
83.930000,67.592316,-550.807617,-0.002100,-0.001163,-0.029538,300.665649,15.316638,-0.295377,-550.807617,299.999725,0.000000
83.940002,67.603104,-550.718628,-0.002052,-0.001163,-0.029538,300.713623,15.319082,-0.295377,-550.718628,299.999725,0.000000
83.950005,67.601990,-550.718628,-0.002031,-0.001163,-0.029538,300.708679,15.318830,-0.295377,-550.718628,299.999725,0.000000
83.960007,67.600876,-550.718628,-0.002039,-0.001163,-0.029538,300.703705,15.318577,-0.295377,-550.718628,299.999725,0.000000
83.970001,67.605347,-550.629700,-0.002061,-0.001163,-0.029538,300.723602,15.319591,-0.295377,-550.629700,299.999725,0.000000
83.980003,67.596786,-550.807617,-0.002091,-0.001163,-0.029538,300.685516,15.317651,-0.295377,-550.807617,299.999725,0.000000
83.990005,67.598267,-550.674194,-0.002100,-0.001163,-0.029538,300.692108,15.317986,-0.295377,-550.674194,299.999725,0.000000
84.000008,67.600510,-550.718628,-0.002164,-0.001163,-0.029538,300.702087,15.318495,-0.295377,-550.718628,299.999725,0.000000
84.010002,67.592316,-550.718628,-0.002169,-0.001163,-0.029538,300.665649,15.316638,-0.295377,-550.718628,299.999725,0.000000
84.020004,67.593796,-550.629700,-0.002151,-0.001163,-0.029538,300.672211,15.316973,-0.295377,-550.629700,299.999725,0.000000
84.030006,67.593430,-550.807617,-0.002164,-0.001163,-0.029538,300.670593,15.316891,-0.295377,-550.807617,299.999725,0.000000
84.040001,67.601242,-550.674194,-0.002082,-0.001163,-0.029538,300.705353,15.318661,-0.295377,-550.674194,299.999725,0.000000
84.050003,67.594177,-550.718628,-0.002065,-0.001163,-0.029538,300.673920,15.317060,-0.295377,-550.718628,299.999725,0.000000
84.060005,67.593796,-550.763123,-0.002052,-0.001163,-0.029538,300.672211,15.316973,-0.295377,-550.763123,299.999725,0.000000
84.070007,67.585236,-550.629700,-0.002048,-0.001163,-0.029538,300.634155,15.315033,-0.295377,-550.629700,299.999725,0.000000
84.080002,67.600876,-550.852112,-0.002057,-0.001163,-0.029538,300.703705,15.318577,-0.295377,-550.852112,299.999725,0.000000
84.090004,67.604233,-550.718628,-0.002113,-0.001163,-0.029538,300.718658,15.319338,-0.295377,-550.718628,299.999725,0.000000
84.100006,67.602371,-550.718628,-0.002143,-0.001163,-0.029538,300.710358,15.318916,-0.295377,-550.718628,299.999725,0.000000
84.110001,67.600510,-550.763123,-0.002160,-0.001163,-0.029538,300.702087,15.318495,-0.295377,-550.763123,299.999725,0.000000
84.120003,67.593430,-550.674194,-0.002151,-0.001163,-0.029538,300.670593,15.316891,-0.295377,-550.674194,299.999725,0.000000
84.130005,67.594543,-550.763123,-0.002143,-0.001163,-0.029538,300.675537,15.317142,-0.295377,-550.763123,299.999725,0.000000
84.140007,67.589340,-550.629700,-0.002121,-0.001163,-0.029538,300.652405,15.315964,-0.295377,-550.629700,299.999725,0.000000
84.150002,67.589706,-550.674194,-0.002117,-0.001163,-0.029538,300.654022,15.316046,-0.295377,-550.674194,299.999725,0.000000
84.160004,67.587463,-550.763123,-0.002031,-0.001163,-0.029538,300.644043,15.315537,-0.295377,-550.763123,299.999725,0.000000
84.170006,67.586349,-550.585205,-0.002057,-0.001163,-0.029538,300.639099,15.315286,-0.295377,-550.585205,299.999725,0.000000
84.180000,67.587463,-550.763123,-0.002108,-0.001163,-0.029538,300.644043,15.315537,-0.295377,-550.763123,299.999725,0.000000
84.190002,67.591202,-550.674194,-0.002160,-0.001163,-0.029538,300.660675,15.316385,-0.295377,-550.674194,299.999725,0.000000
84.200005,67.595291,-550.718628,-0.002143,-0.001163,-0.029538,300.678864,15.317311,-0.295377,-550.718628,299.999725,0.000000
84.210007,67.589706,-550.718628,-0.002156,-0.001163,-0.029538,300.654022,15.316046,-0.295377,-550.718628,299.999725,0.000000
84.220001,67.599014,-550.674194,-0.002134,-0.001163,-0.029538,300.695435,15.318156,-0.295377,-550.674194,299.999725,0.000000
84.230003,67.604965,-550.718628,-0.002095,-0.001163,-0.029538,300.721893,15.319504,-0.295377,-550.718628,299.999725,0.000000
84.240005,67.600510,-550.674194,-0.002052,-0.001163,-0.029538,300.702087,15.318495,-0.295377,-550.674194,299.999725,0.000000
84.250008,67.593796,-550.718628,-0.002095,-0.001163,-0.029538,300.672211,15.316973,-0.295377,-550.718628,299.999725,0.000000
84.260002,67.590073,-550.718628,-0.002100,-0.001163,-0.029538,300.655670,15.316130,-0.295377,-550.718628,299.999725,0.000000
84.270004,67.594177,-550.674194,-0.002091,-0.001163,-0.029538,300.673920,15.317060,-0.295377,-550.674194,299.999725,0.000000
84.280006,67.587097,-550.807617,-0.002091,-0.001163,-0.029538,300.642426,15.315455,-0.295377,-550.807617,299.999725,0.000000
84.290001,67.591934,-550.674194,-0.002039,-0.001163,-0.029538,300.663940,15.316551,-0.295377,-550.674194,299.999725,0.000000
84.300003,67.597153,-550.718628,-0.002044,-0.001163,-0.029538,300.687164,15.317734,-0.295377,-550.718628,299.999725,0.000000
84.310005,67.594177,-550.763123,-0.002087,-0.001163,-0.029538,300.673920,15.317060,-0.295377,-550.763123,299.999725,0.000000
84.320007,67.590454,-550.674194,-0.002061,-0.001163,-0.029538,300.657349,15.316216,-0.295377,-550.674194,299.999725,0.000000
84.330002,67.588959,-550.807617,-0.002095,-0.001163,-0.029538,300.650696,15.315877,-0.295377,-550.807617,299.999725,0.000000
84.340004,67.596405,-550.674194,-0.002082,-0.001163,-0.029538,300.683838,15.317564,-0.295377,-550.674194,299.999725,0.000000
84.350006,67.594177,-550.763123,-0.002117,-0.001163,-0.029538,300.673920,15.317060,-0.295377,-550.763123,299.999725,0.000000
84.360001,67.593430,-550.807617,-0.002091,-0.001163,-0.029538,300.670593,15.316891,-0.295377,-550.807617,299.999725,0.000000
84.370003,67.598648,-550.718628,-0.002044,-0.001163,-0.029538,300.693817,15.318072,-0.295377,-550.718628,299.999725,0.000000
84.380005,67.596786,-550.718628,-0.002039,-0.001163,-0.029538,300.685516,15.317651,-0.295377,-550.718628,299.999725,0.000000
84.390007,67.590073,-550.674194,-0.002065,-0.001163,-0.029538,300.655670,15.316130,-0.295377,-550.674194,299.999725,0.000000
84.400002,67.581879,-550.718628,-0.002065,-0.001163,-0.029538,300.619202,15.314272,-0.295377,-550.718628,299.999725,0.000000
84.410004,67.590073,-550.718628,-0.002031,-0.001163,-0.029538,300.655670,15.316130,-0.295377,-550.718628,299.999725,0.000000
84.420006,67.595657,-550.674194,-0.002061,-0.001163,-0.029538,300.680511,15.317395,-0.295377,-550.674194,299.999725,0.000000
84.430000,67.604965,-550.807617,-0.002061,-0.001163,-0.029538,300.721893,15.319504,-0.295377,-550.807617,299.999725,0.000000
84.440002,67.595291,-550.674194,-0.002048,-0.001163,-0.029538,300.678864,15.317311,-0.295377,-550.674194,299.999725,0.000000
84.450005,67.598267,-550.718628,-0.002061,-0.001163,-0.029538,300.692108,15.317986,-0.295377,-550.718628,299.999725,0.000000
84.460007,67.594543,-550.763123,-0.002082,-0.001163,-0.029538,300.675537,15.317142,-0.295377,-550.763123,299.999725,0.000000
84.470001,67.596786,-550.629700,-0.002100,-0.001163,-0.029538,300.685516,15.317651,-0.295377,-550.629700,299.999725,0.000000
84.480003,67.584488,-550.763123,-0.002143,-0.001163,-0.029538,300.630829,15.314864,-0.295377,-550.763123,299.999725,0.000000
84.490005,67.588211,-550.674194,-0.002070,-0.001163,-0.029538,300.647369,15.315707,-0.295377,-550.674194,299.999725,0.000000
84.500008,67.583374,-550.718628,-0.002074,-0.001163,-0.029538,300.625854,15.314611,-0.295377,-550.718628,299.999725,0.000000
84.510002,67.594177,-550.763123,-0.002078,-0.001163,-0.029538,300.673920,15.317060,-0.295377,-550.763123,299.999725,0.000000
84.520004,67.586349,-550.674194,-0.002126,-0.001163,-0.029538,300.639099,15.315286,-0.295377,-550.674194,299.999725,0.000000
84.530006,67.584122,-550.763123,-0.002139,-0.001163,-0.029538,300.629181,15.314780,-0.295377,-550.763123,299.999725,0.000000
84.540001,67.581512,-550.718628,-0.002160,-0.001163,-0.029538,300.617584,15.314190,-0.295377,-550.718628,299.999725,0.000000
84.550003,67.583740,-550.852112,-0.002113,-0.001163,-0.029538,300.627502,15.314694,-0.295377,-550.852112,299.999725,0.000000
84.560005,67.588959,-550.763123,-0.002091,-0.001163,-0.029538,300.650696,15.315877,-0.295377,-550.763123,299.999725,0.000000
84.570007,67.593063,-550.674194,-0.002057,-0.001163,-0.029538,300.668976,15.316807,-0.295377,-550.674194,299.999725,0.000000
84.580002,67.601624,-550.763123,-0.002074,-0.001163,-0.029538,300.707031,15.318747,-0.295377,-550.763123,299.999725,0.000000
84.590004,67.594543,-550.674194,-0.002057,-0.001163,-0.029538,300.675537,15.317142,-0.295377,-550.674194,299.999725,0.000000
84.600006,67.586349,-550.718628,-0.002065,-0.001163,-0.029538,300.639099,15.315286,-0.295377,-550.718628,299.999725,0.000000
84.610001,67.596405,-550.718628,-0.002082,-0.001163,-0.029538,300.683838,15.317564,-0.295377,-550.718628,299.999725,0.000000
84.620003,67.588211,-550.718628,-0.002139,-0.001163,-0.029538,300.647369,15.315707,-0.295377,-550.718628,299.999725,0.000000
84.630005,67.581512,-550.852112,-0.002139,-0.001163,-0.029538,300.617584,15.314190,-0.295377,-550.852112,299.999725,0.000000
84.640007,67.585983,-550.718628,-0.002113,-0.001163,-0.029538,300.637482,15.315203,-0.295377,-550.718628,299.999725,0.000000
84.650002,67.593430,-550.718628,-0.002130,-0.001163,-0.029538,300.670593,15.316891,-0.295377,-550.718628,299.999725,0.000000
84.660004,67.593430,-550.763123,-0.002100,-0.001163,-0.029538,300.670593,15.316891,-0.295377,-550.763123,299.999725,0.000000
84.670006,67.597519,-550.674194,-0.002074,-0.001163,-0.029538,300.688782,15.317817,-0.295377,-550.674194,299.999725,0.000000
84.680000,67.584869,-550.763123,-0.002048,-0.001163,-0.029538,300.632507,15.314950,-0.295377,-550.763123,299.999725,0.000000
84.690002,67.587845,-550.718628,-0.002070,-0.001163,-0.029538,300.645752,15.315625,-0.295377,-550.718628,299.999725,0.000000
84.700005,67.585983,-550.807617,-0.002104,-0.001163,-0.029538,300.637482,15.315203,-0.295377,-550.807617,299.999725,0.000000
84.710007,67.586731,-550.718628,-0.002134,-0.001163,-0.029538,300.640808,15.315372,-0.295377,-550.718628,299.999725,0.000000
84.720001,67.590073,-550.718628,-0.002160,-0.001163,-0.029538,300.655670,15.316130,-0.295377,-550.718628,299.999725,0.000000
84.730003,67.589340,-550.852112,-0.002151,-0.001163,-0.029538,300.652405,15.315964,-0.295377,-550.852112,299.999725,0.000000
84.740005,67.582260,-550.718628,-0.002147,-0.001163,-0.029538,300.620911,15.314360,-0.295377,-550.718628,299.999725,0.000000
84.750008,67.578537,-550.763123,-0.002143,-0.001163,-0.029538,300.604340,15.313515,-0.295377,-550.763123,299.999725,0.000000
84.760002,67.583740,-550.718628,-0.002048,-0.001163,-0.029538,300.627502,15.314694,-0.295377,-550.718628,299.999725,0.000000
84.770004,67.591202,-550.674194,-0.002074,-0.001163,-0.029538,300.660675,15.316385,-0.295377,-550.674194,299.999725,0.000000
84.780006,67.587845,-550.807617,-0.002121,-0.001163,-0.029538,300.645752,15.315625,-0.295377,-550.807617,299.999725,0.000000
84.790001,67.584488,-550.674194,-0.002147,-0.001163,-0.029538,300.630829,15.314864,-0.295377,-550.674194,299.999725,0.000000
84.800003,67.586731,-550.763123,-0.002143,-0.001163,-0.029538,300.640808,15.315372,-0.295377,-550.763123,299.999725,0.000000
84.810005,67.579285,-550.763123,-0.002095,-0.001163,-0.029538,300.607666,15.313684,-0.295377,-550.763123,299.999725,0.000000
84.820007,67.580017,-550.718628,-0.002070,-0.001163,-0.029538,300.610931,15.313851,-0.295377,-550.718628,299.999725,0.000000
84.830002,67.577789,-550.763123,-0.002061,-0.001163,-0.029538,300.601013,15.313346,-0.295377,-550.763123,299.999725,0.000000
84.840004,67.587463,-550.718628,-0.002057,-0.001163,-0.029538,300.644043,15.315537,-0.295377,-550.718628,299.999725,0.000000
84.850006,67.583740,-550.763123,-0.002095,-0.001163,-0.029538,300.627502,15.314694,-0.295377,-550.763123,299.999725,0.000000
84.860001,67.590820,-550.807617,-0.002126,-0.001163,-0.029538,300.658997,15.316298,-0.295377,-550.807617,299.999725,0.000000
84.870003,67.582260,-550.629700,-0.002147,-0.001163,-0.029538,300.620911,15.314360,-0.295377,-550.629700,299.999725,0.000000
84.880005,67.572952,-550.763123,-0.002169,-0.001163,-0.029538,300.579498,15.312249,-0.295377,-550.763123,299.999725,0.000000
84.890007,67.588959,-550.718628,-0.002151,-0.001163,-0.029538,300.650696,15.315877,-0.295377,-550.718628,299.999725,0.000000
84.900002,67.597519,-550.807617,-0.002121,-0.001163,-0.029538,300.688782,15.317817,-0.295377,-550.807617,299.999725,0.000000
84.910004,67.592682,-550.763123,-0.002074,-0.001163,-0.029538,300.667267,15.316721,-0.295377,-550.763123,299.999725,0.000000
84.920006,67.580399,-550.674194,-0.002057,-0.001163,-0.029538,300.612640,15.313937,-0.295377,-550.674194,299.999725,0.000000
84.930000,67.575928,-550.807617,-0.002061,-0.001163,-0.029538,300.592743,15.312924,-0.295377,-550.807617,299.999725,0.000000
84.940002,67.583374,-550.674194,-0.002087,-0.001163,-0.029538,300.625854,15.314611,-0.295377,-550.674194,299.999725,0.000000
84.950005,67.578537,-550.763123,-0.002091,-0.001163,-0.029538,300.604340,15.313515,-0.295377,-550.763123,299.999725,0.000000
84.960007,67.586349,-550.807617,-0.002070,-0.001163,-0.029538,300.639099,15.315286,-0.295377,-550.807617,299.999725,0.000000
84.970001,67.581146,-550.674194,-0.002070,-0.001163,-0.029538,300.615967,15.314107,-0.295377,-550.674194,299.999725,0.000000
84.980003,67.587845,-550.807617,-0.002052,-0.001163,-0.029538,300.645752,15.315625,-0.295377,-550.807617,299.999725,0.000000
84.990005,67.591934,-550.718628,-0.002057,-0.001163,-0.029538,300.663940,15.316551,-0.295377,-550.718628,299.999725,0.000000
85.000008,67.588211,-550.718628,-0.002039,-0.001163,-0.029538,300.647369,15.315707,-0.295377,-550.718628,299.999725,0.000000
85.010002,67.581879,-550.718628,-0.002065,-0.001163,-0.029538,300.619202,15.314272,-0.295377,-550.718628,299.999725,0.000000
85.020004,67.574814,-550.718628,-0.002039,-0.001163,-0.029538,300.587799,15.312672,-0.295377,-550.718628,299.999725,0.000000
85.030006,67.579651,-550.763123,-0.002070,-0.001163,-0.029538,300.609314,15.313767,-0.295377,-550.763123,299.999725,0.000000
85.040001,67.583374,-550.674194,-0.002026,-0.001163,-0.029538,300.625854,15.314611,-0.295377,-550.674194,299.999725,0.000000
85.050003,67.578537,-550.674194,-0.002065,-0.001163,-0.029538,300.604340,15.313515,-0.295377,-550.674194,299.999725,0.000000
85.060005,67.577042,-550.807617,-0.002052,-0.001163,-0.029538,300.597687,15.313176,-0.295377,-550.807617,299.999725,0.000000
85.070007,67.577042,-550.718628,-0.002035,-0.001163,-0.029538,300.597687,15.313176,-0.295377,-550.718628,299.999725,0.000000
85.080002,67.583008,-550.763123,-0.002039,-0.001163,-0.029538,300.624237,15.314528,-0.295377,-550.763123,299.999725,0.000000
85.090004,67.590454,-550.718628,-0.002087,-0.001163,-0.029538,300.657349,15.316216,-0.295377,-550.718628,299.999725,0.000000
85.100006,67.584869,-550.807617,-0.002048,-0.001163,-0.029538,300.632507,15.314950,-0.295377,-550.807617,299.999725,0.000000
85.110001,67.585236,-550.763123,-0.002091,-0.001163,-0.029538,300.634155,15.315033,-0.295377,-550.763123,299.999725,0.000000
85.120003,67.584122,-550.718628,-0.002074,-0.001163,-0.029538,300.629181,15.314780,-0.295377,-550.718628,299.999725,0.000000
85.130005,67.591568,-550.807617,-0.002087,-0.001163,-0.029538,300.662323,15.316468,-0.295377,-550.807617,299.999725,0.000000
85.140007,67.587463,-550.718628,-0.002078,-0.001163,-0.029538,300.644043,15.315537,-0.295377,-550.718628,299.999725,0.000000
85.150002,67.575562,-550.763123,-0.002065,-0.001163,-0.029538,300.591125,15.312841,-0.295377,-550.763123,299.999725,0.000000
85.160004,67.578156,-550.763123,-0.002074,-0.001163,-0.029538,300.602661,15.313429,-0.295377,-550.763123,299.999725,0.000000
85.170006,67.580017,-550.718628,-0.002100,-0.001163,-0.029538,300.610931,15.313851,-0.295377,-550.718628,299.999725,0.000000
85.180000,67.576294,-550.763123,-0.002100,-0.001163,-0.029538,300.594360,15.313006,-0.295377,-550.763123,299.999725,0.000000
85.190002,67.575180,-550.718628,-0.002100,-0.001163,-0.029538,300.589417,15.312755,-0.295377,-550.718628,299.999725,0.000000
85.200005,67.583008,-550.763123,-0.002147,-0.001163,-0.029538,300.624237,15.314528,-0.295377,-550.763123,299.999725,0.000000
85.210007,67.568100,-550.763123,-0.002164,-0.001163,-0.029538,300.557922,15.311151,-0.295377,-550.763123,299.999725,0.000000
85.220001,67.579285,-550.674194,-0.002151,-0.001163,-0.029538,300.607666,15.313684,-0.295377,-550.674194,299.999725,0.000000
85.230003,67.582626,-550.763123,-0.002117,-0.001163,-0.029538,300.622528,15.314442,-0.295377,-550.763123,299.999725,0.000000
85.240005,67.575180,-550.763123,-0.002048,-0.001163,-0.029538,300.589417,15.312755,-0.295377,-550.763123,299.999725,0.000000
85.250008,67.574432,-550.718628,-0.002104,-0.001163,-0.029538,300.586090,15.312586,-0.295377,-550.718628,299.999725,0.000000
85.260002,67.575928,-550.807617,-0.002126,-0.001163,-0.029538,300.592743,15.312924,-0.295377,-550.807617,299.999725,0.000000
85.270004,67.590820,-550.718628,-0.002139,-0.001163,-0.029538,300.658997,15.316298,-0.295377,-550.718628,299.999725,0.000000
85.280006,67.588593,-550.763123,-0.002139,-0.001163,-0.029538,300.649078,15.315794,-0.295377,-550.763123,299.999725,0.000000
85.290001,67.577042,-550.718628,-0.002147,-0.001163,-0.029538,300.597687,15.313176,-0.295377,-550.718628,299.999725,0.000000
85.300003,67.572952,-550.763123,-0.002139,-0.001163,-0.029538,300.579498,15.312249,-0.295377,-550.763123,299.999725,0.000000
85.310005,67.577423,-550.852112,-0.002100,-0.001163,-0.029538,300.599396,15.313263,-0.295377,-550.852112,299.999725,0.000000
85.320007,67.575562,-550.718628,-0.002065,-0.001163,-0.029538,300.591125,15.312841,-0.295377,-550.718628,299.999725,0.000000
85.330002,67.572571,-550.852112,-0.002065,-0.001163,-0.029538,300.577820,15.312163,-0.295377,-550.852112,299.999725,0.000000
85.340004,67.575180,-550.718628,-0.002048,-0.001163,-0.029538,300.589417,15.312755,-0.295377,-550.718628,299.999725,0.000000
85.350006,67.578903,-550.763123,-0.002091,-0.001163,-0.029538,300.605988,15.313599,-0.295377,-550.763123,299.999725,0.000000
85.360001,67.579285,-550.763123,-0.002057,-0.001163,-0.029538,300.607666,15.313684,-0.295377,-550.763123,299.999725,0.000000
85.370003,67.576675,-550.718628,-0.002005,-0.001163,-0.029538,300.596069,15.313094,-0.295377,-550.718628,299.999725,0.000000
85.380005,67.571838,-550.807617,-0.002057,-0.001163,-0.029538,300.574554,15.311997,-0.295377,-550.807617,299.999725,0.000000
85.390007,67.576675,-550.718628,-0.002100,-0.001163,-0.029538,300.596069,15.313094,-0.295377,-550.718628,299.999725,0.000000
85.400002,67.573318,-550.763123,-0.002078,-0.001163,-0.029538,300.581146,15.312333,-0.295377,-550.763123,299.999725,0.000000
85.410004,67.578537,-550.763123,-0.002095,-0.001163,-0.029538,300.604340,15.313515,-0.295377,-550.763123,299.999725,0.000000
85.420006,67.574066,-550.674194,-0.002087,-0.001163,-0.029538,300.584473,15.312502,-0.295377,-550.674194,299.999725,0.000000
85.430000,67.587097,-550.852112,-0.002151,-0.001163,-0.029538,300.642426,15.315455,-0.295377,-550.852112,299.999725,0.000000
85.440002,67.580399,-550.763123,-0.002151,-0.001163,-0.029538,300.612640,15.313937,-0.295377,-550.763123,299.999725,0.000000
85.450005,67.574066,-550.763123,-0.002169,-0.001163,-0.029538,300.584473,15.312502,-0.295377,-550.763123,299.999725,0.000000
85.460007,67.578537,-550.807617,-0.002156,-0.001163,-0.029538,300.604340,15.313515,-0.295377,-550.807617,299.999725,0.000000
85.470001,67.577789,-550.718628,-0.002160,-0.001163,-0.029538,300.601013,15.313346,-0.295377,-550.718628,299.999725,0.000000
85.480003,67.573700,-550.852112,-0.002100,-0.001163,-0.029538,300.582825,15.312419,-0.295377,-550.852112,299.999725,0.000000
85.490005,67.574432,-550.674194,-0.002070,-0.001163,-0.029538,300.586090,15.312586,-0.295377,-550.674194,299.999725,0.000000
85.500008,67.577423,-550.763123,-0.002078,-0.001163,-0.029538,300.599396,15.313263,-0.295377,-550.763123,299.999725,0.000000
85.510002,67.577042,-550.763123,-0.002057,-0.001163,-0.029538,300.597687,15.313176,-0.295377,-550.763123,299.999725,0.000000
85.520004,67.582260,-550.718628,-0.002065,-0.001163,-0.029538,300.620911,15.314360,-0.295377,-550.718628,299.999725,0.000000
85.530006,67.574814,-550.807617,-0.002100,-0.001163,-0.029538,300.587799,15.312672,-0.295377,-550.807617,299.999725,0.000000
85.540001,67.566620,-550.718628,-0.002139,-0.001163,-0.029538,300.551331,15.310815,-0.295377,-550.718628,299.999725,0.000000
85.550003,67.569977,-550.807617,-0.002164,-0.001163,-0.029538,300.566254,15.311576,-0.295377,-550.807617,299.999725,0.000000
85.560005,67.574432,-550.807617,-0.002164,-0.001163,-0.029538,300.586090,15.312586,-0.295377,-550.807617,299.999725,0.000000
85.570007,67.575180,-550.718628,-0.002164,-0.001163,-0.029538,300.589417,15.312755,-0.295377,-550.718628,299.999725,0.000000
85.580002,67.570709,-550.807617,-0.002104,-0.001163,-0.029538,300.569519,15.311741,-0.295377,-550.807617,299.999725,0.000000
85.590004,67.574814,-550.718628,-0.002087,-0.001163,-0.029538,300.587799,15.312672,-0.295377,-550.718628,299.999725,0.000000
85.600006,67.567368,-550.763123,-0.002026,-0.001163,-0.029538,300.554657,15.310984,-0.295377,-550.763123,299.999725,0.000000
85.610001,67.571457,-550.763123,-0.002074,-0.001163,-0.029538,300.572845,15.311911,-0.295377,-550.763123,299.999725,0.000000
85.620003,67.565506,-550.718628,-0.002044,-0.001163,-0.029538,300.546387,15.310563,-0.295377,-550.718628,299.999725,0.000000
85.630005,67.559174,-550.852112,-0.002091,-0.001163,-0.029538,300.518219,15.309128,-0.295377,-550.852112,299.999725,0.000000
85.640007,67.565872,-550.718628,-0.002074,-0.001163,-0.029538,300.548004,15.310645,-0.295377,-550.718628,299.999725,0.000000
85.650002,67.571457,-550.718628,-0.002078,-0.001163,-0.029538,300.572845,15.311911,-0.295377,-550.718628,299.999725,0.000000
85.660004,67.578537,-550.852112,-0.002070,-0.001163,-0.029538,300.604340,15.313515,-0.295377,-550.852112,299.999725,0.000000
85.670006,67.575562,-550.718628,-0.002052,-0.001163,-0.029538,300.591125,15.312841,-0.295377,-550.718628,299.999725,0.000000
85.680000,67.568848,-550.763123,-0.002139,-0.001163,-0.029538,300.561249,15.311320,-0.295377,-550.763123,299.999725,0.000000
85.690002,67.574814,-550.807617,-0.002143,-0.001163,-0.029538,300.587799,15.312672,-0.295377,-550.807617,299.999725,0.000000
85.700005,67.571457,-550.763123,-0.002121,-0.001163,-0.029538,300.572845,15.311911,-0.295377,-550.763123,299.999725,0.000000
85.710007,67.567368,-550.852112,-0.002164,-0.001163,-0.029538,300.554657,15.310984,-0.295377,-550.852112,299.999725,0.000000
85.720001,67.569229,-550.674194,-0.002139,-0.001163,-0.029538,300.562927,15.311406,-0.295377,-550.674194,299.999725,0.000000
85.730003,67.577789,-550.896606,-0.002139,-0.001163,-0.029538,300.601013,15.313346,-0.295377,-550.896606,299.999725,0.000000
85.740005,67.580017,-550.674194,-0.002100,-0.001163,-0.029538,300.610931,15.313851,-0.295377,-550.674194,299.999725,0.000000
85.750008,67.575928,-550.763123,-0.002044,-0.001163,-0.029538,300.592743,15.312924,-0.295377,-550.763123,299.999725,0.000000
85.760002,67.573700,-550.763123,-0.002048,-0.001163,-0.029538,300.582825,15.312419,-0.295377,-550.763123,299.999725,0.000000
85.770004,67.570343,-550.674194,-0.002091,-0.001163,-0.029538,300.567902,15.311659,-0.295377,-550.674194,299.999725,0.000000
85.780006,67.565506,-550.852112,-0.002156,-0.001163,-0.029538,300.546387,15.310563,-0.295377,-550.852112,299.999725,0.000000
85.790001,67.564758,-550.718628,-0.002173,-0.001163,-0.029538,300.543060,15.310393,-0.295377,-550.718628,299.999725,0.000000
85.800003,67.576675,-550.763123,-0.002121,-0.001163,-0.029538,300.596069,15.313094,-0.295377,-550.763123,299.999725,0.000000
85.810005,67.584488,-550.763123,-0.002121,-0.001163,-0.029538,300.630829,15.314864,-0.295377,-550.763123,299.999725,0.000000
85.820007,67.570343,-550.718628,-0.002104,-0.001163,-0.029538,300.567902,15.311659,-0.295377,-550.718628,299.999725,0.000000
85.830002,67.571457,-550.807617,-0.002078,-0.001163,-0.029538,300.572845,15.311911,-0.295377,-550.807617,299.999725,0.000000
85.840004,67.572571,-550.718628,-0.002044,-0.001163,-0.029538,300.577820,15.312163,-0.295377,-550.718628,299.999725,0.000000
85.850006,67.574432,-550.807617,-0.002070,-0.001163,-0.029538,300.586090,15.312586,-0.295377,-550.807617,299.999725,0.000000
85.860001,67.568848,-550.807617,-0.002091,-0.001163,-0.029538,300.561249,15.311320,-0.295377,-550.807617,299.999725,0.000000
85.870003,67.574066,-550.718628,-0.002130,-0.001163,-0.029538,300.584473,15.312502,-0.295377,-550.718628,299.999725,0.000000
85.880005,67.578903,-550.807617,-0.002173,-0.001163,-0.029538,300.605988,15.313599,-0.295377,-550.807617,299.999725,0.000000
85.890007,67.579651,-550.763123,-0.002130,-0.001163,-0.029538,300.609314,15.313767,-0.295377,-550.763123,299.999725,0.000000
85.900002,67.563263,-550.807617,-0.002091,-0.001163,-0.029538,300.536407,15.310055,-0.295377,-550.807617,299.999725,0.000000
85.910004,67.566986,-550.763123,-0.002121,-0.001163,-0.029538,300.552979,15.310898,-0.295377,-550.763123,299.999725,0.000000
85.920006,67.565872,-550.718628,-0.002100,-0.001163,-0.029538,300.548004,15.310645,-0.295377,-550.718628,299.999725,0.000000
85.930000,67.559540,-550.852112,-0.002130,-0.001163,-0.029538,300.519836,15.309210,-0.295377,-550.852112,299.999725,0.000000
85.940002,67.572205,-550.718628,-0.002048,-0.001163,-0.029538,300.576172,15.312080,-0.295377,-550.718628,299.999725,0.000000
85.950005,67.582260,-550.718628,-0.002074,-0.001163,-0.029538,300.620911,15.314360,-0.295377,-550.718628,299.999725,0.000000
85.960007,67.574814,-550.763123,-0.002095,-0.001163,-0.029538,300.587799,15.312672,-0.295377,-550.763123,299.999725,0.000000
85.970001,67.569977,-550.674194,-0.002048,-0.001163,-0.029538,300.566254,15.311576,-0.295377,-550.674194,299.999725,0.000000
85.980003,67.564011,-550.763123,-0.002091,-0.001163,-0.029538,300.539734,15.310224,-0.295377,-550.763123,299.999725,0.000000
85.990005,67.574814,-550.718628,-0.002121,-0.001163,-0.029538,300.587799,15.312672,-0.295377,-550.718628,299.999725,0.000000
86.000008,67.568100,-550.807617,-0.002095,-0.001163,-0.029538,300.557922,15.311151,-0.295377,-550.807617,299.999725,0.000000
86.010002,67.571838,-550.763123,-0.002130,-0.001163,-0.029538,300.574554,15.311997,-0.295377,-550.763123,299.999725,0.000000
86.020004,67.571457,-550.718628,-0.002104,-0.001163,-0.029538,300.572845,15.311911,-0.295377,-550.718628,299.999725,0.000000
86.030006,67.570343,-550.807617,-0.002065,-0.001163,-0.029538,300.567902,15.311659,-0.295377,-550.807617,299.999725,0.000000
86.040001,67.575562,-550.718628,-0.002074,-0.001163,-0.029538,300.591125,15.312841,-0.295377,-550.718628,299.999725,0.000000
86.050003,67.559921,-550.807617,-0.002078,-0.001163,-0.029538,300.521545,15.309298,-0.295377,-550.807617,299.999725,0.000000
86.060005,67.561035,-550.807617,-0.002082,-0.001163,-0.029538,300.526489,15.309549,-0.295377,-550.807617,299.999725,0.000000
86.070007,67.571838,-550.718628,-0.002048,-0.001163,-0.029538,300.574554,15.311997,-0.295377,-550.718628,299.999725,0.000000
86.080002,67.567368,-550.807617,-0.002048,-0.001163,-0.029538,300.554657,15.310984,-0.295377,-550.807617,299.999725,0.000000
86.090004,67.571091,-550.763123,-0.002065,-0.001163,-0.029538,300.571228,15.311829,-0.295377,-550.763123,299.999725,0.000000
86.100006,67.566238,-550.807617,-0.002052,-0.001163,-0.029538,300.549652,15.310728,-0.295377,-550.807617,299.999725,0.000000
86.110001,67.559540,-550.763123,-0.002065,-0.001163,-0.029538,300.519836,15.309210,-0.295377,-550.763123,299.999725,0.000000
86.120003,67.569229,-550.718628,-0.002026,-0.001163,-0.029538,300.562927,15.311406,-0.295377,-550.718628,299.999725,0.000000
86.130005,67.562149,-550.852112,-0.002130,-0.001163,-0.029538,300.531464,15.309802,-0.295377,-550.852112,299.999725,0.000000
86.140007,67.567368,-550.763123,-0.002156,-0.001163,-0.029538,300.554657,15.310984,-0.295377,-550.763123,299.999725,0.000000
86.150002,67.566238,-550.807617,-0.002151,-0.001163,-0.029538,300.549652,15.310728,-0.295377,-550.807617,299.999725,0.000000
86.160004,67.567368,-550.807617,-0.002160,-0.001163,-0.029538,300.554657,15.310984,-0.295377,-550.807617,299.999725,0.000000
86.170006,67.563644,-550.718628,-0.002186,-0.001163,-0.029538,300.538086,15.310141,-0.295377,-550.718628,299.999725,0.000000
86.180000,67.562149,-550.807617,-0.002130,-0.001163,-0.029538,300.531464,15.309802,-0.295377,-550.807617,299.999725,0.000000
86.190002,67.568848,-550.763123,-0.002151,-0.001163,-0.029538,300.561249,15.311320,-0.295377,-550.763123,299.999725,0.000000
86.200005,67.572205,-550.807617,-0.002151,-0.001163,-0.029538,300.576172,15.312080,-0.295377,-550.807617,299.999725,0.000000
86.210007,67.570709,-550.763123,-0.002160,-0.001163,-0.029538,300.569519,15.311741,-0.295377,-550.763123,299.999725,0.000000
86.220001,67.559921,-550.763123,-0.002134,-0.001163,-0.029538,300.521545,15.309298,-0.295377,-550.763123,299.999725,0.000000
86.230003,67.564011,-550.852112,-0.002117,-0.001163,-0.029538,300.539734,15.310224,-0.295377,-550.852112,299.999725,0.000000
86.240005,67.553589,-550.763123,-0.002061,-0.001163,-0.029538,300.493378,15.307862,-0.295377,-550.763123,299.999725,0.000000
86.250008,67.558060,-550.807617,-0.002070,-0.001163,-0.029538,300.513245,15.308875,-0.295377,-550.807617,299.999725,0.000000
86.260002,67.563263,-550.807617,-0.002082,-0.001163,-0.029538,300.536407,15.310055,-0.295377,-550.807617,299.999725,0.000000
86.270004,67.572205,-550.718628,-0.002108,-0.001163,-0.029538,300.576172,15.312080,-0.295377,-550.718628,299.999725,0.000000
86.280006,67.568481,-550.896606,-0.002130,-0.001163,-0.029538,300.559631,15.311236,-0.295377,-550.896606,299.999725,0.000000
86.290001,67.564758,-550.807617,-0.002095,-0.001163,-0.029538,300.543060,15.310393,-0.295377,-550.807617,299.999725,0.000000
86.300003,67.554337,-550.852112,-0.002147,-0.001163,-0.029538,300.496704,15.308032,-0.295377,-550.852112,299.999725,0.000000
86.310005,67.558060,-550.763123,-0.002121,-0.001163,-0.029538,300.513245,15.308875,-0.295377,-550.763123,299.999725,0.000000
86.320007,67.564011,-550.718628,-0.002108,-0.001163,-0.029538,300.539734,15.310224,-0.295377,-550.718628,299.999725,0.000000
86.330002,67.569229,-550.896606,-0.002134,-0.001163,-0.029538,300.562927,15.311406,-0.295377,-550.896606,299.999725,0.000000
86.340004,67.565506,-550.674194,-0.002117,-0.001163,-0.029538,300.546387,15.310563,-0.295377,-550.674194,299.999725,0.000000
86.350006,67.564758,-550.807617,-0.002121,-0.001163,-0.029538,300.543060,15.310393,-0.295377,-550.807617,299.999725,0.000000
86.360001,67.565872,-550.807617,-0.002087,-0.001163,-0.029538,300.548004,15.310645,-0.295377,-550.807617,299.999725,0.000000
86.370003,67.561401,-550.718628,-0.002113,-0.001163,-0.029538,300.528137,15.309632,-0.295377,-550.718628,299.999725,0.000000
86.380005,67.563263,-550.852112,-0.002061,-0.001163,-0.029538,300.536407,15.310055,-0.295377,-550.852112,299.999725,0.000000
86.390007,67.558792,-550.674194,-0.002104,-0.001163,-0.029538,300.516510,15.309041,-0.295377,-550.674194,299.999725,0.000000
86.400002,67.554337,-550.852112,-0.002134,-0.001163,-0.029538,300.496704,15.308032,-0.295377,-550.852112,299.999725,0.000000
86.410004,67.566620,-550.807617,-0.002147,-0.001163,-0.029538,300.551331,15.310815,-0.295377,-550.807617,299.999725,0.000000
86.420006,67.571838,-550.674194,-0.002164,-0.001163,-0.029538,300.574554,15.311997,-0.295377,-550.674194,299.999725,0.000000
86.430000,67.580399,-550.896606,-0.002130,-0.001163,-0.029538,300.612640,15.313937,-0.295377,-550.896606,299.999725,0.000000
86.440002,67.576294,-550.718628,-0.002139,-0.001163,-0.029538,300.594360,15.313006,-0.295377,-550.718628,299.999725,0.000000
86.450005,67.563644,-550.763123,-0.002121,-0.001163,-0.029538,300.538086,15.310141,-0.295377,-550.763123,299.999725,0.000000
86.460007,67.559174,-550.763123,-0.002160,-0.001163,-0.029538,300.518219,15.309128,-0.295377,-550.763123,299.999725,0.000000
86.470001,67.578156,-550.718628,-0.002160,-0.001163,-0.029538,300.602661,15.313429,-0.295377,-550.718628,299.999725,0.000000
86.480003,67.569229,-550.852112,-0.002186,-0.001163,-0.029538,300.562927,15.311406,-0.295377,-550.852112,299.999725,0.000000
86.490005,67.569595,-550.718628,-0.002134,-0.001163,-0.029538,300.564575,15.311489,-0.295377,-550.718628,299.999725,0.000000
86.500008,67.561783,-550.718628,-0.002121,-0.001163,-0.029538,300.529816,15.309718,-0.295377,-550.718628,299.999725,0.000000
86.510002,67.559174,-550.763123,-0.002130,-0.001163,-0.029538,300.518219,15.309128,-0.295377,-550.763123,299.999725,0.000000
86.520004,67.562515,-550.718628,-0.002057,-0.001163,-0.029538,300.533081,15.309885,-0.295377,-550.718628,299.999725,0.000000
86.530006,67.564011,-550.941040,-0.002074,-0.001163,-0.029538,300.539734,15.310224,-0.295377,-550.941040,299.999725,0.000000
86.540001,67.559921,-550.674194,-0.002100,-0.001163,-0.029538,300.521545,15.309298,-0.295377,-550.674194,299.999725,0.000000
86.550003,67.565872,-550.807617,-0.002130,-0.001163,-0.029538,300.548004,15.310645,-0.295377,-550.807617,299.999725,0.000000
86.560005,67.569595,-550.763123,-0.002095,-0.001163,-0.029538,300.564575,15.311489,-0.295377,-550.763123,299.999725,0.000000
86.570007,67.570343,-550.763123,-0.002134,-0.001163,-0.029538,300.567902,15.311659,-0.295377,-550.763123,299.999725,0.000000
86.580002,67.559921,-550.896606,-0.002130,-0.001163,-0.029538,300.521545,15.309298,-0.295377,-550.896606,299.999725,0.000000
86.590004,67.550980,-550.718628,-0.002078,-0.001163,-0.029538,300.481750,15.307271,-0.295377,-550.718628,299.999725,0.000000
86.600006,67.556564,-550.807617,-0.002130,-0.001163,-0.029538,300.506592,15.308537,-0.295377,-550.807617,299.999725,0.000000
86.610001,67.569229,-550.852112,-0.002117,-0.001163,-0.029538,300.562927,15.311406,-0.295377,-550.852112,299.999725,0.000000
86.620003,67.572571,-550.763123,-0.002087,-0.001163,-0.029538,300.577820,15.312163,-0.295377,-550.763123,299.999725,0.000000
86.630005,67.566986,-550.896606,-0.002026,-0.001163,-0.029538,300.552979,15.310898,-0.295377,-550.896606,299.999725,0.000000
86.640007,67.570343,-550.718628,-0.002026,-0.001163,-0.029538,300.567902,15.311659,-0.295377,-550.718628,299.999725,0.000000
86.650002,67.558792,-550.807617,-0.002039,-0.001163,-0.029538,300.516510,15.309041,-0.295377,-550.807617,299.999725,0.000000
86.660004,67.561783,-550.807617,-0.002121,-0.001163,-0.029538,300.529816,15.309718,-0.295377,-550.807617,299.999725,0.000000
86.670006,67.566238,-550.718628,-0.002113,-0.001163,-0.029538,300.549652,15.310728,-0.295377,-550.718628,299.999725,0.000000
86.680000,67.554337,-550.852112,-0.002121,-0.001163,-0.029538,300.496704,15.308032,-0.295377,-550.852112,299.999725,0.000000
86.690002,67.568100,-550.807617,-0.002117,-0.001163,-0.029538,300.557922,15.311151,-0.295377,-550.807617,299.999725,0.000000
86.700005,67.567368,-550.807617,-0.002190,-0.001163,-0.029538,300.554657,15.310984,-0.295377,-550.807617,299.999725,0.000000
86.710007,67.561783,-550.763123,-0.002173,-0.001163,-0.029538,300.529816,15.309718,-0.295377,-550.763123,299.999725,0.000000
86.720001,67.563263,-550.718628,-0.002139,-0.001163,-0.029538,300.536407,15.310055,-0.295377,-550.718628,299.999725,0.000000
86.730003,67.562515,-550.852112,-0.002113,-0.001163,-0.029538,300.533081,15.309885,-0.295377,-550.852112,299.999725,0.000000
86.740005,67.558792,-550.807617,-0.002095,-0.001163,-0.029538,300.516510,15.309041,-0.295377,-550.807617,299.999725,0.000000
86.750008,67.565125,-550.852112,-0.002108,-0.001163,-0.029538,300.544678,15.310475,-0.295377,-550.852112,299.999725,0.000000
86.760002,67.562897,-550.763123,-0.002104,-0.001163,-0.029538,300.534760,15.309971,-0.295377,-550.763123,299.999725,0.000000
86.770004,67.568848,-550.718628,-0.002117,-0.001163,-0.029538,300.561249,15.311320,-0.295377,-550.718628,299.999725,0.000000
86.780006,67.555817,-550.896606,-0.002104,-0.001163,-0.029538,300.503296,15.308367,-0.295377,-550.896606,299.999725,0.000000
86.790001,67.569229,-550.763123,-0.002070,-0.001163,-0.029538,300.562927,15.311406,-0.295377,-550.763123,299.999725,0.000000
86.800003,67.569595,-550.807617,-0.002100,-0.001163,-0.029538,300.564575,15.311489,-0.295377,-550.807617,299.999725,0.000000
86.810005,67.564011,-550.807617,-0.002108,-0.001163,-0.029538,300.539734,15.310224,-0.295377,-550.807617,299.999725,0.000000
86.820007,67.564011,-550.674194,-0.002100,-0.001163,-0.029538,300.539734,15.310224,-0.295377,-550.674194,299.999725,0.000000
86.830002,67.564011,-550.896606,-0.002091,-0.001163,-0.029538,300.539734,15.310224,-0.295377,-550.896606,299.999725,0.000000
86.840004,67.553589,-550.718628,-0.002126,-0.001163,-0.029538,300.493378,15.307862,-0.295377,-550.718628,299.999725,0.000000
86.850006,67.556931,-550.807617,-0.002082,-0.001163,-0.029538,300.508240,15.308619,-0.295377,-550.807617,299.999725,0.000000
86.860001,67.555450,-550.852112,-0.002065,-0.001163,-0.029538,300.501648,15.308284,-0.295377,-550.852112,299.999725,0.000000
86.870003,67.558426,-550.763123,-0.002044,-0.001163,-0.029538,300.514893,15.308958,-0.295377,-550.763123,299.999725,0.000000
86.880005,67.564758,-550.852112,-0.002031,-0.001163,-0.029538,300.543060,15.310393,-0.295377,-550.852112,299.999725,0.000000
86.890007,67.561035,-550.763123,-0.002048,-0.001163,-0.029538,300.526489,15.309549,-0.295377,-550.763123,299.999725,0.000000
86.900002,67.560654,-550.763123,-0.002018,-0.001163,-0.029538,300.524811,15.309463,-0.295377,-550.763123,299.999725,0.000000
86.910004,67.555450,-550.852112,-0.002039,-0.001163,-0.029538,300.501648,15.308284,-0.295377,-550.852112,299.999725,0.000000
86.920006,67.553589,-550.674194,-0.002052,-0.001163,-0.029538,300.493378,15.307862,-0.295377,-550.674194,299.999725,0.000000
86.930008,67.562897,-550.896606,-0.002065,-0.001163,-0.029538,300.534760,15.309971,-0.295377,-550.896606,299.999725,0.000000
86.940002,67.561783,-550.763123,-0.002087,-0.001163,-0.029538,300.529816,15.309718,-0.295377,-550.763123,299.999725,0.000000
86.950005,67.567368,-550.807617,-0.002087,-0.001163,-0.029538,300.554657,15.310984,-0.295377,-550.807617,299.999725,0.000000
86.960007,67.558792,-550.763123,-0.002117,-0.001163,-0.029538,300.516510,15.309041,-0.295377,-550.763123,299.999725,0.000000
86.970001,67.561035,-550.718628,-0.002173,-0.001163,-0.029538,300.526489,15.309549,-0.295377,-550.718628,299.999725,0.000000
86.980003,67.554703,-550.896606,-0.002182,-0.001163,-0.029538,300.498322,15.308114,-0.295377,-550.896606,299.999725,0.000000
86.990005,67.559174,-550.807617,-0.002126,-0.001163,-0.029538,300.518219,15.309128,-0.295377,-550.807617,299.999725,0.000000
87.000008,67.555450,-550.852112,-0.002134,-0.001163,-0.029538,300.501648,15.308284,-0.295377,-550.852112,299.999725,0.000000
87.010002,67.558426,-550.852112,-0.002177,-0.001163,-0.029538,300.514893,15.308958,-0.295377,-550.852112,299.999725,0.000000
87.020004,67.567368,-550.674194,-0.002126,-0.001163,-0.029538,300.554657,15.310984,-0.295377,-550.674194,299.999725,0.000000
87.030006,67.565506,-550.807617,-0.002139,-0.001163,-0.029538,300.546387,15.310563,-0.295377,-550.807617,299.999725,0.000000
87.040001,67.562515,-550.763123,-0.002164,-0.001163,-0.029538,300.533081,15.309885,-0.295377,-550.763123,299.999725,0.000000
87.050003,67.553589,-550.807617,-0.002134,-0.001163,-0.029538,300.493378,15.307862,-0.295377,-550.807617,299.999725,0.000000
87.060005,67.551346,-550.852112,-0.002113,-0.001163,-0.029538,300.483398,15.307354,-0.295377,-550.852112,299.999725,0.000000
87.070007,67.551346,-550.763123,-0.002074,-0.001163,-0.029538,300.483398,15.307354,-0.295377,-550.763123,299.999725,0.000000
87.080002,67.560654,-550.896606,-0.002048,-0.001163,-0.029538,300.524811,15.309463,-0.295377,-550.896606,299.999725,0.000000
87.090004,67.556931,-550.763123,-0.002035,-0.001163,-0.029538,300.508240,15.308619,-0.295377,-550.763123,299.999725,0.000000
87.100006,67.560287,-550.807617,-0.002061,-0.001163,-0.029538,300.523163,15.309380,-0.295377,-550.807617,299.999725,0.000000
87.110001,67.555817,-550.896606,-0.002061,-0.001163,-0.029538,300.503296,15.308367,-0.295377,-550.896606,299.999725,0.000000
87.120003,67.556564,-550.763123,-0.002104,-0.001163,-0.029538,300.506592,15.308537,-0.295377,-550.763123,299.999725,0.000000
87.130005,67.557312,-550.807617,-0.002160,-0.001163,-0.029538,300.509918,15.308705,-0.295377,-550.807617,299.999725,0.000000
87.140007,67.554703,-550.807617,-0.002160,-0.001163,-0.029538,300.498322,15.308114,-0.295377,-550.807617,299.999725,0.000000
87.150002,67.561783,-550.852112,-0.002130,-0.001163,-0.029538,300.529816,15.309718,-0.295377,-550.852112,299.999725,0.000000
87.160004,67.550613,-550.852112,-0.002130,-0.001163,-0.029538,300.480133,15.307188,-0.295377,-550.852112,299.999725,0.000000
87.170006,67.559174,-550.763123,-0.002104,-0.001163,-0.029538,300.518219,15.309128,-0.295377,-550.763123,299.999725,0.000000
87.180008,67.562149,-550.852112,-0.002117,-0.001163,-0.029538,300.531464,15.309802,-0.295377,-550.852112,299.999725,0.000000
87.190002,67.554703,-550.763123,-0.002108,-0.001163,-0.029538,300.498322,15.308114,-0.295377,-550.763123,299.999725,0.000000
87.200005,67.552841,-550.852112,-0.002130,-0.001163,-0.029538,300.490051,15.307693,-0.295377,-550.852112,299.999725,0.000000
87.210007,67.548370,-550.896606,-0.002100,-0.001163,-0.029538,300.470154,15.306680,-0.295377,-550.896606,299.999725,0.000000
87.220001,67.552094,-550.763123,-0.002164,-0.001163,-0.029538,300.486725,15.307524,-0.295377,-550.763123,299.999725,0.000000
87.230003,67.554703,-550.896606,-0.002117,-0.001163,-0.029538,300.498322,15.308114,-0.295377,-550.896606,299.999725,0.000000
87.240005,67.559174,-550.718628,-0.002065,-0.001163,-0.029538,300.518219,15.309128,-0.295377,-550.718628,299.999725,0.000000
87.250008,67.558426,-550.852112,-0.002095,-0.001163,-0.029538,300.514893,15.308958,-0.295377,-550.852112,299.999725,0.000000
87.260002,67.550980,-550.807617,-0.002044,-0.001163,-0.029538,300.481750,15.307271,-0.295377,-550.807617,299.999725,0.000000
87.270004,67.559174,-550.807617,-0.002048,-0.001163,-0.029538,300.518219,15.309128,-0.295377,-550.807617,299.999725,0.000000
87.280006,67.551727,-550.896606,-0.002061,-0.001163,-0.029538,300.485077,15.307441,-0.295377,-550.896606,299.999725,0.000000
87.290001,67.557312,-550.763123,-0.002061,-0.001163,-0.029538,300.509918,15.308705,-0.295377,-550.763123,299.999725,0.000000
87.300003,67.562515,-550.852112,-0.002104,-0.001163,-0.029538,300.533081,15.309885,-0.295377,-550.852112,299.999725,0.000000
87.310005,67.554703,-550.763123,-0.002164,-0.001163,-0.029538,300.498322,15.308114,-0.295377,-550.763123,299.999725,0.000000
87.320007,67.562897,-550.718628,-0.002151,-0.001163,-0.029538,300.534760,15.309971,-0.295377,-550.718628,299.999725,0.000000
87.330002,67.557312,-550.941040,-0.002151,-0.001163,-0.029538,300.509918,15.308705,-0.295377,-550.941040,299.999725,0.000000
87.340004,67.550980,-550.807617,-0.002177,-0.001163,-0.029538,300.481750,15.307271,-0.295377,-550.807617,299.999725,0.000000
87.350006,67.551727,-550.852112,-0.002164,-0.001163,-0.029538,300.485077,15.307441,-0.295377,-550.852112,299.999725,0.000000
87.360001,67.556931,-550.807617,-0.002173,-0.001163,-0.029538,300.508240,15.308619,-0.295377,-550.807617,299.999725,0.000000
87.370003,67.560654,-550.807617,-0.002134,-0.001163,-0.029538,300.524811,15.309463,-0.295377,-550.807617,299.999725,0.000000
87.380005,67.563644,-550.852112,-0.002147,-0.001163,-0.029538,300.538086,15.310141,-0.295377,-550.852112,299.999725,0.000000
87.390007,67.553955,-550.763123,-0.002169,-0.001163,-0.029538,300.494995,15.307944,-0.295377,-550.763123,299.999725,0.000000
87.400002,67.540558,-550.896606,-0.002160,-0.001163,-0.029538,300.435394,15.304910,-0.295377,-550.896606,299.999725,0.000000
87.410004,67.551727,-550.807617,-0.002160,-0.001163,-0.029538,300.485077,15.307441,-0.295377,-550.807617,299.999725,0.000000
87.420006,67.552094,-550.763123,-0.002117,-0.001163,-0.029538,300.486725,15.307524,-0.295377,-550.763123,299.999725,0.000000
87.430008,67.551346,-550.852112,-0.002108,-0.001163,-0.029538,300.483398,15.307354,-0.295377,-550.852112,299.999725,0.000000
87.440002,67.559921,-550.718628,-0.002160,-0.001163,-0.029538,300.521545,15.309298,-0.295377,-550.718628,299.999725,0.000000
87.450005,67.557312,-550.852112,-0.002117,-0.001163,-0.029538,300.509918,15.308705,-0.295377,-550.852112,299.999725,0.000000
87.460007,67.558426,-550.852112,-0.002065,-0.001163,-0.029538,300.514893,15.308958,-0.295377,-550.852112,299.999725,0.000000
87.470001,67.555069,-550.763123,-0.002052,-0.001163,-0.029538,300.499969,15.308197,-0.295377,-550.763123,299.999725,0.000000
87.480003,67.545395,-550.852112,-0.002070,-0.001163,-0.029538,300.456909,15.306005,-0.295377,-550.852112,299.999725,0.000000
87.490005,67.553589,-550.807617,-0.002126,-0.001163,-0.029538,300.493378,15.307862,-0.295377,-550.807617,299.999725,0.000000
87.500008,67.544647,-550.807617,-0.002164,-0.001163,-0.029538,300.453583,15.305836,-0.295377,-550.807617,299.999725,0.000000
87.510002,67.555817,-550.896606,-0.002126,-0.001163,-0.029538,300.503296,15.308367,-0.295377,-550.896606,299.999725,0.000000
87.520004,67.555069,-550.763123,-0.002121,-0.001163,-0.029538,300.499969,15.308197,-0.295377,-550.763123,299.999725,0.000000
87.530006,67.549484,-550.896606,-0.002151,-0.001163,-0.029538,300.475098,15.306931,-0.295377,-550.896606,299.999725,0.000000
87.540001,67.540924,-550.763123,-0.002143,-0.001163,-0.029538,300.437042,15.304993,-0.295377,-550.763123,299.999725,0.000000
87.550003,67.538696,-550.852112,-0.002143,-0.001163,-0.029538,300.427124,15.304487,-0.295377,-550.852112,299.999725,0.000000
87.560005,67.553207,-550.807617,-0.002173,-0.001163,-0.029538,300.491669,15.307775,-0.295377,-550.807617,299.999725,0.000000
87.570007,67.563263,-550.807617,-0.002190,-0.001163,-0.029538,300.536407,15.310055,-0.295377,-550.807617,299.999725,0.000000
87.580002,67.553955,-550.852112,-0.002177,-0.001163,-0.029538,300.494995,15.307944,-0.295377,-550.852112,299.999725,0.000000
87.590004,67.549118,-550.718628,-0.002164,-0.001163,-0.029538,300.473480,15.306849,-0.295377,-550.718628,299.999725,0.000000
87.600006,67.558426,-550.852112,-0.002164,-0.001163,-0.029538,300.514893,15.308958,-0.295377,-550.852112,299.999725,0.000000
87.610001,67.553589,-550.852112,-0.002173,-0.001163,-0.029538,300.493378,15.307862,-0.295377,-550.852112,299.999725,0.000000
87.620003,67.543152,-550.763123,-0.002134,-0.001163,-0.029538,300.446930,15.305497,-0.295377,-550.763123,299.999725,0.000000
87.630005,67.540924,-550.852112,-0.002160,-0.001163,-0.029538,300.437042,15.304993,-0.295377,-550.852112,299.999725,0.000000
87.640007,67.555069,-550.807617,-0.002143,-0.001163,-0.029538,300.499969,15.308197,-0.295377,-550.807617,299.999725,0.000000
87.650002,67.557312,-550.852112,-0.002147,-0.001163,-0.029538,300.509918,15.308705,-0.295377,-550.852112,299.999725,0.000000
87.660004,67.553207,-550.852112,-0.002156,-0.001163,-0.029538,300.491669,15.307775,-0.295377,-550.852112,299.999725,0.000000
87.670006,67.545395,-550.763123,-0.002126,-0.001163,-0.029538,300.456909,15.306005,-0.295377,-550.763123,299.999725,0.000000
87.680008,67.544647,-550.807617,-0.002169,-0.001163,-0.029538,300.453583,15.305836,-0.295377,-550.807617,299.999725,0.000000
87.690002,67.549118,-550.763123,-0.002177,-0.001163,-0.029538,300.473480,15.306849,-0.295377,-550.763123,299.999725,0.000000
87.700005,67.554337,-550.852112,-0.002126,-0.001163,-0.029538,300.496704,15.308032,-0.295377,-550.852112,299.999725,0.000000
87.710007,67.553589,-550.807617,-0.002108,-0.001163,-0.029538,300.493378,15.307862,-0.295377,-550.807617,299.999725,0.000000
87.720001,67.549484,-550.763123,-0.002104,-0.001163,-0.029538,300.475098,15.306931,-0.295377,-550.763123,299.999725,0.000000
87.730003,67.548370,-550.941040,-0.002048,-0.001163,-0.029538,300.470154,15.306680,-0.295377,-550.941040,299.999725,0.000000
87.740005,67.557312,-550.763123,-0.002057,-0.001163,-0.029538,300.509918,15.308705,-0.295377,-550.763123,299.999725,0.000000
87.750008,67.547256,-550.852112,-0.002070,-0.001163,-0.029538,300.465210,15.306428,-0.295377,-550.852112,299.999725,0.000000
87.760002,67.544281,-550.852112,-0.002074,-0.001163,-0.029538,300.451965,15.305753,-0.295377,-550.852112,299.999725,0.000000
87.770004,67.540176,-550.763123,-0.002087,-0.001163,-0.029538,300.433716,15.304823,-0.295377,-550.763123,299.999725,0.000000
87.780006,67.544281,-550.896606,-0.002130,-0.001163,-0.029538,300.451965,15.305753,-0.295377,-550.896606,299.999725,0.000000
87.790001,67.558426,-550.807617,-0.002147,-0.001163,-0.029538,300.514893,15.308958,-0.295377,-550.807617,299.999725,0.000000
87.800003,67.546143,-550.896606,-0.002134,-0.001163,-0.029538,300.460236,15.306175,-0.295377,-550.896606,299.999725,0.000000
87.810005,67.550613,-550.852112,-0.002130,-0.001163,-0.029538,300.480133,15.307188,-0.295377,-550.852112,299.999725,0.000000
87.820007,67.547256,-550.763123,-0.002139,-0.001163,-0.029538,300.465210,15.306428,-0.295377,-550.763123,299.999725,0.000000
87.830002,67.545395,-550.852112,-0.002164,-0.001163,-0.029538,300.456909,15.306005,-0.295377,-550.852112,299.999725,0.000000
87.840004,67.550232,-550.807617,-0.002143,-0.001163,-0.029538,300.478424,15.307101,-0.295377,-550.807617,299.999725,0.000000
87.850006,67.553589,-550.807617,-0.002164,-0.001163,-0.029538,300.493378,15.307862,-0.295377,-550.807617,299.999725,0.000000
87.860001,67.540558,-550.852112,-0.002186,-0.001163,-0.029538,300.435394,15.304910,-0.295377,-550.852112,299.999725,0.000000
87.870003,67.548752,-550.763123,-0.002164,-0.001163,-0.029538,300.471863,15.306767,-0.295377,-550.763123,299.999725,0.000000
87.880005,67.553955,-550.896606,-0.002126,-0.001163,-0.029538,300.494995,15.307944,-0.295377,-550.896606,299.999725,0.000000
87.890007,67.552475,-550.763123,-0.002169,-0.001163,-0.029538,300.488403,15.307610,-0.295377,-550.763123,299.999725,0.000000
87.900002,67.552094,-550.852112,-0.002169,-0.001163,-0.029538,300.486725,15.307524,-0.295377,-550.852112,299.999725,0.000000
87.910004,67.545013,-550.896606,-0.002134,-0.001163,-0.029538,300.455231,15.305920,-0.295377,-550.896606,299.999725,0.000000
87.920006,67.546143,-550.807617,-0.002160,-0.001163,-0.029538,300.460236,15.306175,-0.295377,-550.807617,299.999725,0.000000
87.930008,67.550232,-550.852112,-0.002156,-0.001163,-0.029538,300.478424,15.307101,-0.295377,-550.852112,299.999725,0.000000
87.940002,67.556564,-550.807617,-0.002143,-0.001163,-0.029538,300.506592,15.308537,-0.295377,-550.807617,299.999725,0.000000
87.950005,67.550232,-550.807617,-0.002134,-0.001163,-0.029538,300.478424,15.307101,-0.295377,-550.807617,299.999725,0.000000
87.960007,67.549118,-550.852112,-0.002126,-0.001163,-0.029538,300.473480,15.306849,-0.295377,-550.852112,299.999725,0.000000
87.970001,67.537567,-550.763123,-0.002126,-0.001163,-0.029538,300.422089,15.304232,-0.295377,-550.763123,299.999725,0.000000
87.980003,67.549484,-550.896606,-0.002134,-0.001163,-0.029538,300.475098,15.306931,-0.295377,-550.896606,299.999725,0.000000
87.990005,67.552475,-550.763123,-0.002130,-0.001163,-0.029538,300.488403,15.307610,-0.295377,-550.763123,299.999725,0.000000
88.000008,67.548004,-550.807617,-0.002104,-0.001163,-0.029538,300.468536,15.306597,-0.295377,-550.807617,299.999725,0.000000
88.010002,67.543533,-550.896606,-0.002095,-0.001163,-0.029538,300.448639,15.305583,-0.295377,-550.896606,299.999725,0.000000
88.020004,67.549118,-550.763123,-0.002070,-0.001163,-0.029538,300.473480,15.306849,-0.295377,-550.763123,299.999725,0.000000
88.030006,67.545761,-550.852112,-0.002108,-0.001163,-0.029538,300.458557,15.306088,-0.295377,-550.852112,299.999725,0.000000
88.040001,67.546509,-550.807617,-0.002061,-0.001163,-0.029538,300.461884,15.306258,-0.295377,-550.807617,299.999725,0.000000
88.050003,67.536453,-550.852112,-0.002044,-0.001163,-0.029538,300.417145,15.303979,-0.295377,-550.852112,299.999725,0.000000
88.060005,67.542786,-550.896606,-0.002039,-0.001163,-0.029538,300.445312,15.305414,-0.295377,-550.896606,299.999725,0.000000
88.070007,67.546509,-550.763123,-0.002117,-0.001163,-0.029538,300.461884,15.306258,-0.295377,-550.763123,299.999725,0.000000
88.080002,67.546875,-550.941040,-0.002147,-0.001163,-0.029538,300.463501,15.306340,-0.295377,-550.941040,299.999725,0.000000
88.090004,67.545395,-550.763123,-0.002173,-0.001163,-0.029538,300.456909,15.306005,-0.295377,-550.763123,299.999725,0.000000
88.100006,67.531250,-550.852112,-0.002169,-0.001163,-0.029538,300.394012,15.302799,-0.295377,-550.852112,299.999725,0.000000
88.110001,67.536087,-550.896606,-0.002186,-0.001163,-0.029538,300.415527,15.303897,-0.295377,-550.896606,299.999725,0.000000
88.120003,67.537949,-550.807617,-0.002160,-0.001163,-0.029538,300.423798,15.304317,-0.295377,-550.807617,299.999725,0.000000
88.130005,67.550613,-550.896606,-0.002156,-0.001163,-0.029538,300.480133,15.307188,-0.295377,-550.896606,299.999725,0.000000
88.140007,67.544647,-550.852112,-0.002151,-0.001163,-0.029538,300.453583,15.305836,-0.295377,-550.852112,299.999725,0.000000
88.150002,67.543533,-550.941040,-0.002104,-0.001163,-0.029538,300.448639,15.305583,-0.295377,-550.941040,299.999725,0.000000
88.160004,67.542786,-550.896606,-0.002095,-0.001163,-0.029538,300.445312,15.305414,-0.295377,-550.896606,299.999725,0.000000
88.170006,67.548370,-550.807617,-0.002108,-0.001163,-0.029538,300.470154,15.306680,-0.295377,-550.807617,299.999725,0.000000
88.180008,67.542786,-550.941040,-0.002139,-0.001163,-0.029538,300.445312,15.305414,-0.295377,-550.941040,299.999725,0.000000
88.190002,67.544281,-550.807617,-0.002134,-0.001163,-0.029538,300.451965,15.305753,-0.295377,-550.807617,299.999725,0.000000
88.200005,67.541672,-550.896606,-0.002134,-0.001163,-0.029538,300.440369,15.305162,-0.295377,-550.896606,299.999725,0.000000
88.210007,67.542038,-550.896606,-0.002126,-0.001163,-0.029538,300.441986,15.305244,-0.295377,-550.896606,299.999725,0.000000
88.220001,67.554703,-550.807617,-0.002113,-0.001163,-0.029538,300.498322,15.308114,-0.295377,-550.807617,299.999725,0.000000
88.230003,67.547623,-550.852112,-0.002121,-0.001163,-0.029538,300.466827,15.306510,-0.295377,-550.852112,299.999725,0.000000
88.240005,67.533112,-550.807617,-0.002160,-0.001163,-0.029538,300.402283,15.303222,-0.295377,-550.807617,299.999725,0.000000
88.250008,67.533844,-550.896606,-0.002143,-0.001163,-0.029538,300.405548,15.303389,-0.295377,-550.896606,299.999725,0.000000
88.260002,67.546143,-550.896606,-0.002177,-0.001163,-0.029538,300.460236,15.306175,-0.295377,-550.896606,299.999725,0.000000
88.270004,67.555069,-550.852112,-0.002108,-0.001163,-0.029538,300.499969,15.308197,-0.295377,-550.852112,299.999725,0.000000
88.280006,67.545395,-550.941040,-0.002121,-0.001163,-0.029538,300.456909,15.306005,-0.295377,-550.941040,299.999725,0.000000
88.290001,67.538696,-550.807617,-0.002126,-0.001163,-0.029538,300.427124,15.304487,-0.295377,-550.807617,299.999725,0.000000
88.300003,67.549118,-550.807617,-0.002126,-0.001163,-0.029538,300.473480,15.306849,-0.295377,-550.807617,299.999725,0.000000
88.310005,67.543533,-550.852112,-0.002091,-0.001163,-0.029538,300.448639,15.305583,-0.295377,-550.852112,299.999725,0.000000
88.320007,67.544647,-550.807617,-0.002160,-0.001163,-0.029538,300.453583,15.305836,-0.295377,-550.807617,299.999725,0.000000
88.330002,67.544281,-550.941040,-0.002139,-0.001163,-0.029538,300.451965,15.305753,-0.295377,-550.941040,299.999725,0.000000
88.340004,67.548004,-550.807617,-0.002108,-0.001163,-0.029538,300.468536,15.306597,-0.295377,-550.807617,299.999725,0.000000
88.350006,67.552094,-550.852112,-0.002104,-0.001163,-0.029538,300.486725,15.307524,-0.295377,-550.852112,299.999725,0.000000
88.360001,67.552841,-550.896606,-0.002100,-0.001163,-0.029538,300.490051,15.307693,-0.295377,-550.896606,299.999725,0.000000
88.370003,67.546143,-550.807617,-0.002095,-0.001163,-0.029538,300.460236,15.306175,-0.295377,-550.807617,299.999725,0.000000
88.380005,67.541672,-550.941040,-0.002048,-0.001163,-0.029538,300.440369,15.305162,-0.295377,-550.941040,299.999725,0.000000
88.390007,67.541290,-550.807617,-0.002061,-0.001163,-0.029538,300.438660,15.305075,-0.295377,-550.807617,299.999725,0.000000
88.400002,67.534592,-550.896606,-0.002048,-0.001163,-0.029538,300.408875,15.303557,-0.295377,-550.896606,299.999725,0.000000
88.410004,67.538696,-550.896606,-0.002065,-0.001163,-0.029538,300.427124,15.304487,-0.295377,-550.896606,299.999725,0.000000
88.420006,67.548370,-550.807617,-0.002065,-0.001163,-0.029538,300.470154,15.306680,-0.295377,-550.807617,299.999725,0.000000
88.430008,67.545013,-550.985535,-0.002065,-0.001163,-0.029538,300.455231,15.305920,-0.295377,-550.985535,299.999725,0.000000
88.440002,67.540924,-550.852112,-0.002065,-0.001163,-0.029538,300.437042,15.304993,-0.295377,-550.852112,299.999725,0.000000
88.450005,67.533112,-550.941040,-0.002095,-0.001163,-0.029538,300.402283,15.303222,-0.295377,-550.941040,299.999725,0.000000
88.460007,67.530502,-550.896606,-0.002117,-0.001163,-0.029538,300.390686,15.302630,-0.295377,-550.896606,299.999725,0.000000
88.470001,67.539810,-550.763123,-0.002151,-0.001163,-0.029538,300.432068,15.304740,-0.295377,-550.763123,299.999725,0.000000
88.480003,67.544281,-550.896606,-0.002182,-0.001163,-0.029538,300.451965,15.305753,-0.295377,-550.896606,299.999725,0.000000
88.490005,67.544647,-550.807617,-0.002151,-0.001163,-0.029538,300.453583,15.305836,-0.295377,-550.807617,299.999725,0.000000
88.500008,67.534225,-550.896606,-0.002143,-0.001163,-0.029538,300.407227,15.303474,-0.295377,-550.896606,299.999725,0.000000
88.510002,67.540924,-550.941040,-0.002186,-0.001163,-0.029538,300.437042,15.304993,-0.295377,-550.941040,299.999725,0.000000
88.520004,67.543533,-550.807617,-0.002156,-0.001163,-0.029538,300.448639,15.305583,-0.295377,-550.807617,299.999725,0.000000
88.530006,67.541672,-550.941040,-0.002139,-0.001163,-0.029538,300.440369,15.305162,-0.295377,-550.941040,299.999725,0.000000
88.540001,67.540558,-550.763123,-0.002169,-0.001163,-0.029538,300.435394,15.304910,-0.295377,-550.763123,299.999725,0.000000
88.550003,67.542038,-550.896606,-0.002151,-0.001163,-0.029538,300.441986,15.305244,-0.295377,-550.896606,299.999725,0.000000
88.560005,67.541290,-550.852112,-0.002134,-0.001163,-0.029538,300.438660,15.305075,-0.295377,-550.852112,299.999725,0.000000
88.570007,67.545013,-550.763123,-0.002091,-0.001163,-0.029538,300.455231,15.305920,-0.295377,-550.763123,299.999725,0.000000
88.580002,67.536087,-551.030029,-0.002061,-0.001163,-0.029538,300.415527,15.303897,-0.295377,-551.030029,299.999725,0.000000
88.590004,67.543900,-550.807617,-0.002113,-0.001163,-0.029538,300.450256,15.305667,-0.295377,-550.807617,299.999725,0.000000
88.600006,67.540176,-550.941040,-0.002039,-0.001163,-0.029538,300.433716,15.304823,-0.295377,-550.941040,299.999725,0.000000
88.610001,67.537567,-550.852112,-0.002065,-0.001163,-0.029538,300.422089,15.304232,-0.295377,-550.852112,299.999725,0.000000
88.620003,67.533478,-550.807617,-0.002065,-0.001163,-0.029538,300.403900,15.303305,-0.295377,-550.807617,299.999725,0.000000
88.630005,67.534592,-550.896606,-0.002039,-0.001163,-0.029538,300.408875,15.303557,-0.295377,-550.896606,299.999725,0.000000
88.640007,67.539810,-550.852112,-0.002082,-0.001163,-0.029538,300.432068,15.304740,-0.295377,-550.852112,299.999725,0.000000
88.650002,67.548004,-550.896606,-0.002130,-0.001163,-0.029538,300.468536,15.306597,-0.295377,-550.896606,299.999725,0.000000
88.660004,67.542038,-550.852112,-0.002121,-0.001163,-0.029538,300.441986,15.305244,-0.295377,-550.852112,299.999725,0.000000
88.670006,67.537567,-550.807617,-0.002151,-0.001163,-0.029538,300.422089,15.304232,-0.295377,-550.807617,299.999725,0.000000
88.680008,67.537201,-550.896606,-0.002147,-0.001163,-0.029538,300.420471,15.304149,-0.295377,-550.896606,299.999725,0.000000
88.690002,67.539429,-550.763123,-0.002169,-0.001163,-0.029538,300.430389,15.304654,-0.295377,-550.763123,299.999725,0.000000
88.700005,67.547623,-550.941040,-0.002108,-0.001163,-0.029538,300.466827,15.306510,-0.295377,-550.941040,299.999725,0.000000
88.710007,67.544281,-550.896606,-0.002126,-0.001163,-0.029538,300.451965,15.305753,-0.295377,-550.896606,299.999725,0.000000
88.720001,67.542038,-550.763123,-0.002143,-0.001163,-0.029538,300.441986,15.305244,-0.295377,-550.763123,299.999725,0.000000
88.730003,67.539810,-550.985535,-0.002130,-0.001163,-0.029538,300.432068,15.304740,-0.295377,-550.985535,299.999725,0.000000
88.740005,67.541672,-550.852112,-0.002113,-0.001163,-0.029538,300.440369,15.305162,-0.295377,-550.852112,299.999725,0.000000
88.750008,67.529007,-550.941040,-0.002048,-0.001163,-0.029538,300.384033,15.302292,-0.295377,-550.941040,299.999725,0.000000
88.760002,67.537567,-550.852112,-0.002048,-0.001163,-0.029538,300.422089,15.304232,-0.295377,-550.852112,299.999725,0.000000
88.770004,67.531982,-550.852112,-0.002074,-0.001163,-0.029538,300.397247,15.302966,-0.295377,-550.852112,299.999725,0.000000
88.780006,67.537949,-550.896606,-0.002061,-0.001163,-0.029538,300.423798,15.304317,-0.295377,-550.896606,299.999725,0.000000
88.790001,67.536835,-550.852112,-0.002078,-0.001163,-0.029538,300.418854,15.304065,-0.295377,-550.852112,299.999725,0.000000
88.800003,67.525650,-550.896606,-0.002100,-0.001163,-0.029538,300.369080,15.301531,-0.295377,-550.896606,299.999725,0.000000
88.810005,67.535339,-550.852112,-0.002134,-0.001163,-0.029538,300.412201,15.303727,-0.295377,-550.852112,299.999725,0.000000
88.820007,67.542786,-550.807617,-0.002130,-0.001163,-0.029538,300.445312,15.305414,-0.295377,-550.807617,299.999725,0.000000
88.830002,67.533112,-550.896606,-0.002156,-0.001163,-0.029538,300.402283,15.303222,-0.295377,-550.896606,299.999725,0.000000
88.840004,67.526398,-550.807617,-0.002151,-0.001163,-0.029538,300.372406,15.301701,-0.295377,-550.807617,299.999725,0.000000
88.850006,67.530502,-550.941040,-0.002151,-0.001163,-0.029538,300.390686,15.302630,-0.295377,-550.941040,299.999725,0.000000
88.860001,67.540176,-550.896606,-0.002160,-0.001163,-0.029538,300.433716,15.304823,-0.295377,-550.896606,299.999725,0.000000
88.870003,67.543900,-550.807617,-0.002147,-0.001163,-0.029538,300.450256,15.305667,-0.295377,-550.807617,299.999725,0.000000
88.880005,67.537201,-550.941040,-0.002164,-0.001163,-0.029538,300.420471,15.304149,-0.295377,-550.941040,299.999725,0.000000
88.890007,67.547623,-550.807617,-0.002104,-0.001163,-0.029538,300.466827,15.306510,-0.295377,-550.807617,299.999725,0.000000
88.900002,67.540558,-550.807617,-0.002104,-0.001163,-0.029538,300.435394,15.304910,-0.295377,-550.807617,299.999725,0.000000
88.910004,67.532364,-550.852112,-0.002087,-0.001163,-0.029538,300.398956,15.303052,-0.295377,-550.852112,299.999725,0.000000
88.920006,67.534973,-550.852112,-0.002121,-0.001163,-0.029538,300.410553,15.303644,-0.295377,-550.852112,299.999725,0.000000
88.930008,67.537567,-550.896606,-0.002121,-0.001163,-0.029538,300.422089,15.304232,-0.295377,-550.896606,299.999725,0.000000
88.940002,67.541672,-550.852112,-0.002048,-0.001163,-0.029538,300.440369,15.305162,-0.295377,-550.852112,299.999725,0.000000
88.950005,67.548370,-550.852112,-0.002052,-0.001163,-0.029538,300.470154,15.306680,-0.295377,-550.852112,299.999725,0.000000
88.960007,67.537567,-550.941040,-0.002039,-0.001163,-0.029538,300.422089,15.304232,-0.295377,-550.941040,299.999725,0.000000
88.970001,67.530502,-550.852112,-0.002048,-0.001163,-0.029538,300.390686,15.302630,-0.295377,-550.852112,299.999725,0.000000
88.980003,67.538696,-550.941040,-0.002108,-0.001163,-0.029538,300.427124,15.304487,-0.295377,-550.941040,299.999725,0.000000
88.990005,67.545013,-550.807617,-0.002130,-0.001163,-0.029538,300.455231,15.305920,-0.295377,-550.807617,299.999725,0.000000
89.000008,67.543533,-550.941040,-0.002104,-0.001163,-0.029538,300.448639,15.305583,-0.295377,-550.941040,299.999725,0.000000
89.010002,67.538315,-550.896606,-0.002091,-0.001163,-0.029538,300.425415,15.304401,-0.295377,-550.896606,299.999725,0.000000
89.020004,67.536087,-550.807617,-0.002048,-0.001163,-0.029538,300.415527,15.303897,-0.295377,-550.807617,299.999725,0.000000
89.030006,67.539062,-550.941040,-0.002061,-0.001163,-0.029538,300.428741,15.304570,-0.295377,-550.941040,299.999725,0.000000
89.040001,67.533478,-550.852112,-0.002057,-0.001163,-0.029538,300.403900,15.303305,-0.295377,-550.852112,299.999725,0.000000
89.050003,67.524536,-550.896606,-0.002044,-0.001163,-0.029538,300.364136,15.301278,-0.295377,-550.896606,299.999725,0.000000
89.060005,67.530121,-550.896606,-0.002070,-0.001163,-0.029538,300.388977,15.302544,-0.295377,-550.896606,299.999725,0.000000
89.070007,67.542038,-550.852112,-0.002061,-0.001163,-0.029538,300.441986,15.305244,-0.295377,-550.852112,299.999725,0.000000
89.080002,67.547256,-550.896606,-0.002070,-0.001163,-0.029538,300.465210,15.306428,-0.295377,-550.896606,299.999725,0.000000
89.090004,67.539429,-550.852112,-0.002074,-0.001163,-0.029538,300.430389,15.304654,-0.295377,-550.852112,299.999725,0.000000
89.100006,67.530502,-550.896606,-0.002121,-0.001163,-0.029538,300.390686,15.302630,-0.295377,-550.896606,299.999725,0.000000
89.110001,67.523788,-550.941040,-0.002117,-0.001163,-0.029538,300.360809,15.301109,-0.295377,-550.941040,299.999725,0.000000
89.120003,67.535706,-550.807617,-0.002156,-0.001163,-0.029538,300.413818,15.303809,-0.295377,-550.807617,299.999725,0.000000
89.130005,67.539429,-550.941040,-0.002164,-0.001163,-0.029538,300.430389,15.304654,-0.295377,-550.941040,299.999725,0.000000
89.140007,67.535339,-550.763123,-0.002126,-0.001163,-0.029538,300.412201,15.303727,-0.295377,-550.763123,299.999725,0.000000
89.150002,67.539810,-550.941040,-0.002147,-0.001163,-0.029538,300.432068,15.304740,-0.295377,-550.941040,299.999725,0.000000
89.160004,67.540176,-550.896606,-0.002130,-0.001163,-0.029538,300.433716,15.304823,-0.295377,-550.896606,299.999725,0.000000
89.170006,67.535339,-550.807617,-0.002035,-0.001163,-0.029538,300.412201,15.303727,-0.295377,-550.807617,299.999725,0.000000
89.180008,67.533112,-550.896606,-0.002039,-0.001163,-0.029538,300.402283,15.303222,-0.295377,-550.896606,299.999725,0.000000
89.190002,67.540924,-550.852112,-0.002065,-0.001163,-0.029538,300.437042,15.304993,-0.295377,-550.852112,299.999725,0.000000
89.200005,67.540558,-550.941040,-0.002044,-0.001163,-0.029538,300.435394,15.304910,-0.295377,-550.941040,299.999725,0.000000
89.210007,67.536835,-550.896606,-0.002061,-0.001163,-0.029538,300.418854,15.304065,-0.295377,-550.896606,299.999725,0.000000
89.220001,67.537949,-550.852112,-0.002044,-0.001163,-0.029538,300.423798,15.304317,-0.295377,-550.852112,299.999725,0.000000
89.230003,67.533478,-550.896606,-0.002052,-0.001163,-0.029538,300.403900,15.303305,-0.295377,-550.896606,299.999725,0.000000
89.240005,67.525650,-550.807617,-0.002048,-0.001163,-0.029538,300.369080,15.301531,-0.295377,-550.807617,299.999725,0.000000
89.250008,67.527893,-550.807617,-0.002057,-0.001163,-0.029538,300.379059,15.302039,-0.295377,-550.807617,299.999725,0.000000
89.260002,67.535339,-550.941040,-0.002070,-0.001163,-0.029538,300.412201,15.303727,-0.295377,-550.941040,299.999725,0.000000
89.270004,67.536835,-550.807617,-0.002126,-0.001163,-0.029538,300.418854,15.304065,-0.295377,-550.807617,299.999725,0.000000
89.280006,67.526398,-550.941040,-0.002139,-0.001163,-0.029538,300.372406,15.301701,-0.295377,-550.941040,299.999725,0.000000
89.290001,67.539062,-550.852112,-0.002113,-0.001163,-0.029538,300.428741,15.304570,-0.295377,-550.852112,299.999725,0.000000
89.300003,67.534973,-550.852112,-0.002104,-0.001163,-0.029538,300.410553,15.303644,-0.295377,-550.852112,299.999725,0.000000
89.310005,67.533112,-550.941040,-0.002078,-0.001163,-0.029538,300.402283,15.303222,-0.295377,-550.941040,299.999725,0.000000
89.320007,67.539810,-550.896606,-0.002052,-0.001163,-0.029538,300.432068,15.304740,-0.295377,-550.896606,299.999725,0.000000
89.330002,67.541290,-550.985535,-0.002095,-0.001163,-0.029538,300.438660,15.305075,-0.295377,-550.985535,299.999725,0.000000
89.340004,67.536087,-550.852112,-0.002151,-0.001163,-0.029538,300.415527,15.303897,-0.295377,-550.852112,299.999725,0.000000
89.350006,67.524536,-550.896606,-0.002164,-0.001163,-0.029538,300.364136,15.301278,-0.295377,-550.896606,299.999725,0.000000
89.360001,67.529007,-550.941040,-0.002143,-0.001163,-0.029538,300.384033,15.302292,-0.295377,-550.941040,299.999725,0.000000
89.370003,67.532364,-550.852112,-0.002130,-0.001163,-0.029538,300.398956,15.303052,-0.295377,-550.852112,299.999725,0.000000
89.380005,67.531250,-550.985535,-0.002151,-0.001163,-0.029538,300.394012,15.302799,-0.295377,-550.985535,299.999725,0.000000
89.390007,67.540176,-550.807617,-0.002121,-0.001163,-0.029538,300.433716,15.304823,-0.295377,-550.807617,299.999725,0.000000
89.400002,67.537567,-550.985535,-0.002078,-0.001163,-0.029538,300.422089,15.304232,-0.295377,-550.985535,299.999725,0.000000
89.410004,67.542038,-550.896606,-0.002078,-0.001163,-0.029538,300.441986,15.305244,-0.295377,-550.896606,299.999725,0.000000
89.420006,67.539810,-550.807617,-0.002048,-0.001163,-0.029538,300.432068,15.304740,-0.295377,-550.807617,299.999725,0.000000
89.430008,67.530502,-550.985535,-0.002048,-0.001163,-0.029538,300.390686,15.302630,-0.295377,-550.985535,299.999725,0.000000
89.440002,67.532730,-550.807617,-0.002052,-0.001163,-0.029538,300.400574,15.303136,-0.295377,-550.807617,299.999725,0.000000
89.450005,67.536087,-550.941040,-0.002091,-0.001163,-0.029538,300.415527,15.303897,-0.295377,-550.941040,299.999725,0.000000
89.460007,67.529007,-550.941040,-0.002082,-0.001163,-0.029538,300.384033,15.302292,-0.295377,-550.941040,299.999725,0.000000
89.470001,67.539062,-550.852112,-0.002139,-0.001163,-0.029538,300.428741,15.304570,-0.295377,-550.852112,299.999725,0.000000
89.480003,67.527893,-550.941040,-0.002108,-0.001163,-0.029538,300.379059,15.302039,-0.295377,-550.941040,299.999725,0.000000
89.490005,67.525284,-550.852112,-0.002117,-0.001163,-0.029538,300.367462,15.301448,-0.295377,-550.852112,299.999725,0.000000
89.500008,67.529755,-550.941040,-0.002035,-0.001163,-0.029538,300.387360,15.302462,-0.295377,-550.941040,299.999725,0.000000
89.510002,67.540176,-550.896606,-0.002065,-0.001163,-0.029538,300.433716,15.304823,-0.295377,-550.896606,299.999725,0.000000
89.520004,67.530869,-550.852112,-0.002057,-0.001163,-0.029538,300.392303,15.302713,-0.295377,-550.852112,299.999725,0.000000
89.530006,67.521561,-550.985535,-0.002070,-0.001163,-0.029538,300.350891,15.300605,-0.295377,-550.985535,299.999725,0.000000
89.540001,67.526779,-550.852112,-0.002082,-0.001163,-0.029538,300.374115,15.301786,-0.295377,-550.852112,299.999725,0.000000
89.550003,67.536835,-550.896606,-0.002061,-0.001163,-0.029538,300.418854,15.304065,-0.295377,-550.896606,299.999725,0.000000
89.560005,67.527145,-550.896606,-0.002078,-0.001163,-0.029538,300.375732,15.301870,-0.295377,-550.896606,299.999725,0.000000
89.570007,67.530502,-550.896606,-0.002044,-0.001163,-0.029538,300.390686,15.302630,-0.295377,-550.896606,299.999725,0.000000
89.580002,67.531616,-550.985535,-0.002061,-0.001163,-0.029538,300.395630,15.302883,-0.295377,-550.985535,299.999725,0.000000
89.590004,67.539062,-550.807617,-0.002048,-0.001163,-0.029538,300.428741,15.304570,-0.295377,-550.807617,299.999725,0.000000
89.600006,67.531250,-550.941040,-0.002078,-0.001163,-0.029538,300.394012,15.302799,-0.295377,-550.941040,299.999725,0.000000
89.610001,67.526779,-550.896606,-0.002121,-0.001163,-0.029538,300.374115,15.301786,-0.295377,-550.896606,299.999725,0.000000
89.620003,67.526779,-550.896606,-0.002130,-0.001163,-0.029538,300.374115,15.301786,-0.295377,-550.896606,299.999725,0.000000
89.630005,67.520813,-550.941040,-0.002104,-0.001163,-0.029538,300.347565,15.300435,-0.295377,-550.941040,299.999725,0.000000
89.640007,67.525284,-550.852112,-0.002117,-0.001163,-0.029538,300.367462,15.301448,-0.295377,-550.852112,299.999725,0.000000
89.650002,67.529755,-550.941040,-0.002108,-0.001163,-0.029538,300.387360,15.302462,-0.295377,-550.941040,299.999725,0.000000
89.660004,67.535706,-550.896606,-0.002147,-0.001163,-0.029538,300.413818,15.303809,-0.295377,-550.896606,299.999725,0.000000
89.670006,67.522308,-550.807617,-0.002100,-0.001163,-0.029538,300.354218,15.300774,-0.295377,-550.807617,299.999725,0.000000
89.680008,67.527145,-550.941040,-0.002121,-0.001163,-0.029538,300.375732,15.301870,-0.295377,-550.941040,299.999725,0.000000
89.690002,67.533112,-550.763123,-0.002070,-0.001163,-0.029538,300.402283,15.303222,-0.295377,-550.763123,299.999725,0.000000
89.700005,67.540924,-550.941040,-0.002061,-0.001163,-0.029538,300.437042,15.304993,-0.295377,-550.941040,299.999725,0.000000
89.710007,67.548370,-550.896606,-0.002044,-0.001163,-0.029538,300.470154,15.306680,-0.295377,-550.896606,299.999725,0.000000
89.720001,67.531616,-550.807617,-0.002026,-0.001163,-0.029538,300.395630,15.302883,-0.295377,-550.807617,299.999725,0.000000
89.730003,67.529388,-550.985535,-0.002061,-0.001163,-0.029538,300.385712,15.302379,-0.295377,-550.985535,299.999725,0.000000
89.740005,67.526031,-550.852112,-0.002065,-0.001163,-0.029538,300.370789,15.301618,-0.295377,-550.852112,299.999725,0.000000
89.750008,67.531616,-550.896606,-0.002078,-0.001163,-0.029538,300.395630,15.302883,-0.295377,-550.896606,299.999725,0.000000
89.760002,67.530869,-550.941040,-0.002065,-0.001163,-0.029538,300.392303,15.302713,-0.295377,-550.941040,299.999725,0.000000
89.770004,67.525284,-550.896606,-0.002065,-0.001163,-0.029538,300.367462,15.301448,-0.295377,-550.896606,299.999725,0.000000
89.780006,67.535339,-550.985535,-0.002065,-0.001163,-0.029538,300.412201,15.303727,-0.295377,-550.985535,299.999725,0.000000
89.790001,67.537201,-550.852112,-0.002048,-0.001163,-0.029538,300.420471,15.304149,-0.295377,-550.852112,299.999725,0.000000
89.800003,67.539429,-550.941040,-0.002031,-0.001163,-0.029538,300.430389,15.304654,-0.295377,-550.941040,299.999725,0.000000
89.810005,67.533112,-550.852112,-0.002061,-0.001163,-0.029538,300.402283,15.303222,-0.295377,-550.852112,299.999725,0.000000
89.820007,67.523422,-550.852112,-0.002082,-0.001163,-0.029538,300.359192,15.301026,-0.295377,-550.852112,299.999725,0.000000
89.830002,67.520065,-550.985535,-0.002100,-0.001163,-0.029538,300.344238,15.300265,-0.295377,-550.985535,299.999725,0.000000
89.840004,67.526779,-550.852112,-0.002151,-0.001163,-0.029538,300.374115,15.301786,-0.295377,-550.852112,299.999725,0.000000
89.850006,67.536835,-550.985535,-0.002151,-0.001163,-0.029538,300.418854,15.304065,-0.295377,-550.985535,299.999725,0.000000
89.860001,67.530869,-550.896606,-0.002117,-0.001163,-0.029538,300.392303,15.302713,-0.295377,-550.896606,299.999725,0.000000
89.870003,67.534973,-550.852112,-0.002052,-0.001163,-0.029538,300.410553,15.303644,-0.295377,-550.852112,299.999725,0.000000
89.880005,67.535339,-551.030029,-0.002048,-0.001163,-0.029538,300.412201,15.303727,-0.295377,-551.030029,299.999725,0.000000
89.890007,67.534973,-550.896606,-0.002061,-0.001163,-0.029538,300.410553,15.303644,-0.295377,-550.896606,299.999725,0.000000
89.900002,67.523788,-550.941040,-0.002035,-0.001163,-0.029538,300.360809,15.301109,-0.295377,-550.941040,299.999725,0.000000
89.910004,67.518951,-550.941040,-0.002052,-0.001163,-0.029538,300.339294,15.300013,-0.295377,-550.941040,299.999725,0.000000
89.920006,67.527512,-550.807617,-0.002095,-0.001163,-0.029538,300.377380,15.301953,-0.295377,-550.807617,299.999725,0.000000
89.930008,67.529755,-550.985535,-0.002134,-0.001163,-0.029538,300.387360,15.302462,-0.295377,-550.985535,299.999725,0.000000
89.940002,67.539429,-550.852112,-0.002164,-0.001163,-0.029538,300.430389,15.304654,-0.295377,-550.852112,299.999725,0.000000
89.950005,67.533844,-550.985535,-0.002117,-0.001163,-0.029538,300.405548,15.303389,-0.295377,-550.985535,299.999725,0.000000
89.960007,67.524170,-550.941040,-0.002160,-0.001163,-0.029538,300.362518,15.301195,-0.295377,-550.941040,299.999725,0.000000
89.970001,67.520447,-550.896606,-0.002164,-0.001163,-0.029538,300.345947,15.300352,-0.295377,-550.896606,299.999725,0.000000
89.980003,67.521561,-550.985535,-0.002151,-0.001163,-0.029538,300.350891,15.300605,-0.295377,-550.985535,299.999725,0.000000
89.990005,67.533478,-550.852112,-0.002151,-0.001163,-0.029538,300.403900,15.303305,-0.295377,-550.852112,299.999725,0.000000
90.000008,67.530502,-550.941040,-0.002143,-0.001163,-0.029538,300.390686,15.302630,-0.295377,-550.941040,299.999725,0.000000
90.010002,67.530121,-550.941040,-0.002126,-0.001163,-0.029538,300.388977,15.302544,-0.295377,-550.941040,299.999725,0.000000
90.020004,67.530121,-550.852112,-0.002121,-0.001163,-0.029538,300.388977,15.302544,-0.295377,-550.852112,299.999725,0.000000
90.030006,67.527893,-551.030029,-0.002104,-0.001163,-0.029538,300.379059,15.302039,-0.295377,-551.030029,299.999725,0.000000
90.040001,67.523788,-550.896606,-0.002091,-0.001163,-0.029538,300.360809,15.301109,-0.295377,-550.896606,299.999725,0.000000
90.050003,67.528259,-550.941040,-0.002151,-0.001163,-0.029538,300.380707,15.302123,-0.295377,-550.941040,299.999725,0.000000
90.060005,67.531250,-550.941040,-0.002151,-0.001163,-0.029538,300.394012,15.302799,-0.295377,-550.941040,299.999725,0.000000
90.070007,67.544281,-550.852112,-0.002147,-0.001163,-0.029538,300.451965,15.305753,-0.295377,-550.852112,299.999725,0.000000
90.080002,67.533112,-551.030029,-0.002121,-0.001163,-0.029538,300.402283,15.303222,-0.295377,-551.030029,299.999725,0.000000
90.090004,67.517838,-550.852112,-0.002108,-0.001163,-0.029538,300.334351,15.299761,-0.295377,-550.852112,299.999725,0.000000
90.100006,67.514114,-550.941040,-0.002091,-0.001163,-0.029538,300.317780,15.298917,-0.295377,-550.941040,299.999725,0.000000
90.110001,67.523056,-550.896606,-0.002026,-0.001163,-0.029538,300.357544,15.300943,-0.295377,-550.896606,299.999725,0.000000
90.120003,67.532364,-550.807617,-0.002061,-0.001163,-0.029538,300.398956,15.303052,-0.295377,-550.807617,299.999725,0.000000
90.130005,67.531616,-550.985535,-0.002091,-0.001163,-0.029538,300.395630,15.302883,-0.295377,-550.985535,299.999725,0.000000
90.140007,67.537949,-550.852112,-0.002091,-0.001163,-0.029538,300.423798,15.304317,-0.295377,-550.852112,299.999725,0.000000
90.150002,67.523788,-550.941040,-0.002121,-0.001163,-0.029538,300.360809,15.301109,-0.295377,-550.941040,299.999725,0.000000
90.160004,67.516724,-550.985535,-0.002190,-0.001163,-0.029538,300.329376,15.299508,-0.295377,-550.985535,299.999725,0.000000
90.170006,67.526031,-550.852112,-0.002156,-0.001163,-0.029538,300.370789,15.301618,-0.295377,-550.852112,299.999725,0.000000
90.180008,67.533844,-550.941040,-0.002160,-0.001163,-0.029538,300.405548,15.303389,-0.295377,-550.941040,299.999725,0.000000
90.190002,67.538696,-550.852112,-0.002126,-0.001163,-0.029538,300.427124,15.304487,-0.295377,-550.852112,299.999725,0.000000
90.200005,67.529388,-550.896606,-0.002091,-0.001163,-0.029538,300.385712,15.302379,-0.295377,-550.896606,299.999725,0.000000
90.210007,67.524170,-550.896606,-0.002065,-0.001163,-0.029538,300.362518,15.301195,-0.295377,-550.896606,299.999725,0.000000
90.220001,67.523422,-550.896606,-0.002048,-0.001163,-0.029538,300.359192,15.301026,-0.295377,-550.896606,299.999725,0.000000
90.230003,67.523056,-550.985535,-0.002061,-0.001163,-0.029538,300.357544,15.300943,-0.295377,-550.985535,299.999725,0.000000
90.240005,67.524918,-550.852112,-0.002113,-0.001163,-0.029538,300.365845,15.301365,-0.295377,-550.852112,299.999725,0.000000
90.250008,67.535339,-550.941040,-0.002151,-0.001163,-0.029538,300.412201,15.303727,-0.295377,-550.941040,299.999725,0.000000
90.260002,67.522308,-550.941040,-0.002160,-0.001163,-0.029538,300.354218,15.300774,-0.295377,-550.941040,299.999725,0.000000
90.270004,67.530121,-550.896606,-0.002113,-0.001163,-0.029538,300.388977,15.302544,-0.295377,-550.896606,299.999725,0.000000
90.280006,67.526031,-550.941040,-0.002126,-0.001163,-0.029538,300.370789,15.301618,-0.295377,-550.941040,299.999725,0.000000
90.290001,67.523788,-550.852112,-0.002117,-0.001163,-0.029538,300.360809,15.301109,-0.295377,-550.852112,299.999725,0.000000
90.300003,67.520447,-550.985535,-0.002113,-0.001163,-0.029538,300.345947,15.300352,-0.295377,-550.985535,299.999725,0.000000
90.310005,67.520447,-550.896606,-0.002074,-0.001163,-0.029538,300.345947,15.300352,-0.295377,-550.896606,299.999725,0.000000
90.320007,67.530121,-550.852112,-0.002048,-0.001163,-0.029538,300.388977,15.302544,-0.295377,-550.852112,299.999725,0.000000
90.330002,67.529007,-551.074524,-0.002065,-0.001163,-0.029538,300.384033,15.302292,-0.295377,-551.074524,299.999725,0.000000
90.340004,67.530121,-550.941040,-0.002057,-0.001163,-0.029538,300.388977,15.302544,-0.295377,-550.941040,299.999725,0.000000
90.350006,67.524536,-550.941040,-0.002082,-0.001163,-0.029538,300.364136,15.301278,-0.295377,-550.941040,299.999725,0.000000
90.360001,67.529388,-550.985535,-0.002134,-0.001163,-0.029538,300.385712,15.302379,-0.295377,-550.985535,299.999725,0.000000
90.370003,67.524536,-550.896606,-0.002139,-0.001163,-0.029538,300.364136,15.301278,-0.295377,-550.896606,299.999725,0.000000
90.380005,67.521194,-550.985535,-0.002151,-0.001163,-0.029538,300.349274,15.300521,-0.295377,-550.985535,299.999725,0.000000
90.390007,67.525284,-550.896606,-0.002156,-0.001163,-0.029538,300.367462,15.301448,-0.295377,-550.896606,299.999725,0.000000
90.400002,67.524536,-550.941040,-0.002139,-0.001163,-0.029538,300.364136,15.301278,-0.295377,-550.941040,299.999725,0.000000
90.410004,67.526779,-550.941040,-0.002139,-0.001163,-0.029538,300.374115,15.301786,-0.295377,-550.941040,299.999725,0.000000
90.420006,67.520447,-550.807617,-0.002160,-0.001163,-0.029538,300.345947,15.300352,-0.295377,-550.807617,299.999725,0.000000
90.430008,67.519333,-550.985535,-0.002151,-0.001163,-0.029538,300.341003,15.300099,-0.295377,-550.985535,299.999725,0.000000
90.440002,67.522675,-550.896606,-0.002164,-0.001163,-0.029538,300.355865,15.300858,-0.295377,-550.896606,299.999725,0.000000
90.450005,67.528641,-550.941040,-0.002160,-0.001163,-0.029538,300.382385,15.302209,-0.295377,-550.941040,299.999725,0.000000
90.460007,67.527893,-550.941040,-0.002134,-0.001163,-0.029538,300.379059,15.302039,-0.295377,-550.941040,299.999725,0.000000
90.470001,67.533112,-550.941040,-0.002143,-0.001163,-0.029538,300.402283,15.303222,-0.295377,-550.941040,299.999725,0.000000
90.480003,67.519333,-550.985535,-0.002147,-0.001163,-0.029538,300.341003,15.300099,-0.295377,-550.985535,299.999725,0.000000
90.490005,67.523788,-550.896606,-0.002139,-0.001163,-0.029538,300.360809,15.301109,-0.295377,-550.896606,299.999725,0.000000
90.500008,67.527512,-550.941040,-0.002164,-0.001163,-0.029538,300.377380,15.301953,-0.295377,-550.941040,299.999725,0.000000
90.510002,67.524536,-550.941040,-0.002121,-0.001163,-0.029538,300.364136,15.301278,-0.295377,-550.941040,299.999725,0.000000
90.520004,67.530121,-550.852112,-0.002113,-0.001163,-0.029538,300.388977,15.302544,-0.295377,-550.852112,299.999725,0.000000
90.530006,67.530869,-551.030029,-0.002173,-0.001163,-0.029538,300.392303,15.302713,-0.295377,-551.030029,299.999725,0.000000
90.540001,67.537567,-550.852112,-0.002121,-0.001163,-0.029538,300.422089,15.304232,-0.295377,-550.852112,299.999725,0.000000
90.550003,67.533478,-550.985535,-0.002113,-0.001163,-0.029538,300.403900,15.303305,-0.295377,-550.985535,299.999725,0.000000
90.560005,67.529007,-550.941040,-0.002091,-0.001163,-0.029538,300.384033,15.302292,-0.295377,-550.941040,299.999725,0.000000
90.570007,67.517471,-550.852112,-0.002044,-0.001163,-0.029538,300.332703,15.299678,-0.295377,-550.852112,299.999725,0.000000
90.580002,67.513748,-551.030029,-0.002048,-0.001163,-0.029538,300.316162,15.298834,-0.295377,-551.030029,299.999725,0.000000
90.590004,67.520065,-550.852112,-0.002065,-0.001163,-0.029538,300.344238,15.300265,-0.295377,-550.852112,299.999725,0.000000
90.600006,67.525650,-550.985535,-0.002057,-0.001163,-0.029538,300.369080,15.301531,-0.295377,-550.985535,299.999725,0.000000
90.610001,67.534592,-550.985535,-0.002061,-0.001163,-0.029538,300.408875,15.303557,-0.295377,-550.985535,299.999725,0.000000
90.620003,67.526779,-550.896606,-0.002065,-0.001163,-0.029538,300.374115,15.301786,-0.295377,-550.896606,299.999725,0.000000
90.630005,67.522308,-550.985535,-0.002061,-0.001163,-0.029538,300.354218,15.300774,-0.295377,-550.985535,299.999725,0.000000
90.640007,67.521194,-550.852112,-0.002044,-0.001163,-0.029538,300.349274,15.300521,-0.295377,-550.852112,299.999725,0.000000
90.650002,67.517838,-550.985535,-0.002117,-0.001163,-0.029538,300.334351,15.299761,-0.295377,-550.985535,299.999725,0.000000
90.660004,67.526398,-550.941040,-0.002117,-0.001163,-0.029538,300.372406,15.301701,-0.295377,-550.941040,299.999725,0.000000
90.670006,67.524170,-550.896606,-0.002139,-0.001163,-0.029538,300.362518,15.301195,-0.295377,-550.896606,299.999725,0.000000
90.680008,67.522675,-551.030029,-0.002100,-0.001163,-0.029538,300.355865,15.300858,-0.295377,-551.030029,299.999725,0.000000
90.690002,67.531616,-550.852112,-0.002052,-0.001163,-0.029538,300.395630,15.302883,-0.295377,-550.852112,299.999725,0.000000
90.700005,67.533478,-550.985535,-0.002039,-0.001163,-0.029538,300.403900,15.303305,-0.295377,-550.985535,299.999725,0.000000
90.710007,67.520065,-550.985535,-0.002070,-0.001163,-0.029538,300.344238,15.300265,-0.295377,-550.985535,299.999725,0.000000
90.720001,67.516342,-550.896606,-0.002013,-0.001163,-0.029538,300.327698,15.299422,-0.295377,-550.896606,299.999725,0.000000
90.730003,67.527893,-550.985535,-0.002057,-0.001163,-0.029538,300.379059,15.302039,-0.295377,-550.985535,299.999725,0.000000
90.740005,67.529007,-550.852112,-0.002039,-0.001163,-0.029538,300.384033,15.302292,-0.295377,-550.852112,299.999725,0.000000
90.750008,67.521194,-550.941040,-0.002052,-0.001163,-0.029538,300.349274,15.300521,-0.295377,-550.941040,299.999725,0.000000
90.760002,67.525284,-550.941040,-0.002087,-0.001163,-0.029538,300.367462,15.301448,-0.295377,-550.941040,299.999725,0.000000
90.770004,67.521194,-550.852112,-0.002130,-0.001163,-0.029538,300.349274,15.300521,-0.295377,-550.852112,299.999725,0.000000
90.780006,67.515610,-550.985535,-0.002151,-0.001163,-0.029538,300.324432,15.299255,-0.295377,-550.985535,299.999725,0.000000
90.790001,67.523422,-550.941040,-0.002156,-0.001163,-0.029538,300.359192,15.301026,-0.295377,-550.941040,299.999725,0.000000
90.800003,67.531250,-550.941040,-0.002156,-0.001163,-0.029538,300.394012,15.302799,-0.295377,-550.941040,299.999725,0.000000
90.810005,67.522675,-550.941040,-0.002147,-0.001163,-0.029538,300.355865,15.300858,-0.295377,-550.941040,299.999725,0.000000
90.820007,67.521194,-550.896606,-0.002156,-0.001163,-0.029538,300.349274,15.300521,-0.295377,-550.896606,299.999725,0.000000
90.830002,67.519333,-550.985535,-0.002121,-0.001163,-0.029538,300.341003,15.300099,-0.295377,-550.985535,299.999725,0.000000
90.840004,67.523056,-550.941040,-0.002156,-0.001163,-0.029538,300.357544,15.300943,-0.295377,-550.941040,299.999725,0.000000
90.850006,67.528641,-550.985535,-0.002104,-0.001163,-0.029538,300.382385,15.302209,-0.295377,-550.985535,299.999725,0.000000
90.860001,67.523056,-550.941040,-0.002091,-0.001163,-0.029538,300.357544,15.300943,-0.295377,-550.941040,299.999725,0.000000
90.870003,67.526031,-550.896606,-0.002078,-0.001163,-0.029538,300.370789,15.301618,-0.295377,-550.896606,299.999725,0.000000
90.880005,67.536087,-551.030029,-0.002048,-0.001163,-0.029538,300.415527,15.303897,-0.295377,-551.030029,299.999725,0.000000
90.890007,67.534973,-550.896606,-0.002061,-0.001163,-0.029538,300.410553,15.303644,-0.295377,-550.896606,299.999725,0.000000
90.900002,67.526398,-550.985535,-0.002044,-0.001163,-0.029538,300.372406,15.301701,-0.295377,-550.985535,299.999725,0.000000
90.910004,67.513748,-550.941040,-0.002078,-0.001163,-0.029538,300.316162,15.298834,-0.295377,-550.941040,299.999725,0.000000
90.920006,67.520065,-550.941040,-0.002065,-0.001163,-0.029538,300.344238,15.300265,-0.295377,-550.941040,299.999725,0.000000
90.930008,67.526031,-551.030029,-0.002143,-0.001163,-0.029538,300.370789,15.301618,-0.295377,-551.030029,299.999725,0.000000
90.940002,67.529755,-550.941040,-0.002151,-0.001163,-0.029538,300.387360,15.302462,-0.295377,-550.941040,299.999725,0.000000
90.950005,67.525284,-550.985535,-0.002130,-0.001163,-0.029538,300.367462,15.301448,-0.295377,-550.985535,299.999725,0.000000
90.960007,67.520813,-550.941040,-0.002108,-0.001163,-0.029538,300.347565,15.300435,-0.295377,-550.941040,299.999725,0.000000
90.970001,67.516342,-550.896606,-0.002104,-0.001163,-0.029538,300.327698,15.299422,-0.295377,-550.896606,299.999725,0.000000
90.980003,67.524918,-550.985535,-0.002130,-0.001163,-0.029538,300.365845,15.301365,-0.295377,-550.985535,299.999725,0.000000
90.990005,67.525650,-550.941040,-0.002104,-0.001163,-0.029538,300.369080,15.301531,-0.295377,-550.941040,299.999725,0.000000
91.000008,67.525650,-550.985535,-0.002078,-0.001163,-0.029538,300.369080,15.301531,-0.295377,-550.985535,299.999725,0.000000
91.010002,67.528641,-551.030029,-0.002100,-0.001163,-0.029538,300.382385,15.302209,-0.295377,-551.030029,299.999725,0.000000
91.020004,67.528641,-550.896606,-0.002039,-0.001163,-0.029538,300.382385,15.302209,-0.295377,-550.896606,299.999725,0.000000
91.030006,67.531616,-550.985535,-0.002057,-0.001163,-0.029538,300.395630,15.302883,-0.295377,-550.985535,299.999725,0.000000
91.040001,67.521194,-550.896606,-0.002044,-0.001163,-0.029538,300.349274,15.300521,-0.295377,-550.896606,299.999725,0.000000
91.050003,67.515228,-550.985535,-0.002065,-0.001163,-0.029538,300.322723,15.299170,-0.295377,-550.985535,299.999725,0.000000
91.060005,67.521927,-550.896606,-0.002113,-0.001163,-0.029538,300.352539,15.300688,-0.295377,-550.896606,299.999725,0.000000
91.070007,67.533844,-550.896606,-0.002156,-0.001163,-0.029538,300.405548,15.303389,-0.295377,-550.896606,299.999725,0.000000
91.080002,67.521927,-551.030029,-0.002164,-0.001163,-0.029538,300.352539,15.300688,-0.295377,-551.030029,299.999725,0.000000
91.090004,67.521561,-550.896606,-0.002186,-0.001163,-0.029538,300.350891,15.300605,-0.295377,-550.896606,299.999725,0.000000
91.100006,67.518204,-551.074524,-0.002182,-0.001163,-0.029538,300.335968,15.299844,-0.295377,-551.074524,299.999725,0.000000
91.110001,67.518585,-550.985535,-0.002164,-0.001163,-0.029538,300.337677,15.299930,-0.295377,-550.985535,299.999725,0.000000
91.120003,67.518585,-550.941040,-0.002151,-0.001163,-0.029538,300.337677,15.299930,-0.295377,-550.941040,299.999725,0.000000
91.130005,67.518204,-551.074524,-0.002164,-0.001163,-0.029538,300.335968,15.299844,-0.295377,-551.074524,299.999725,0.000000
91.140007,67.524918,-550.941040,-0.002134,-0.001163,-0.029538,300.365845,15.301365,-0.295377,-550.941040,299.999725,0.000000
91.150002,67.521194,-550.985535,-0.002151,-0.001163,-0.029538,300.349274,15.300521,-0.295377,-550.985535,299.999725,0.000000
91.160004,67.520065,-551.030029,-0.002121,-0.001163,-0.029538,300.344238,15.300265,-0.295377,-551.030029,299.999725,0.000000
91.170006,67.520065,-550.896606,-0.002121,-0.001163,-0.029538,300.344238,15.300265,-0.295377,-550.896606,299.999725,0.000000
91.180008,67.523056,-551.030029,-0.002100,-0.001163,-0.029538,300.357544,15.300943,-0.295377,-551.030029,299.999725,0.000000
91.190002,67.518204,-550.896606,-0.002113,-0.001163,-0.029538,300.335968,15.299844,-0.295377,-550.896606,299.999725,0.000000
91.200005,67.513367,-550.985535,-0.002130,-0.001163,-0.029538,300.314453,15.298747,-0.295377,-550.985535,299.999725,0.000000
91.210007,67.513367,-550.941040,-0.002164,-0.001163,-0.029538,300.314453,15.298747,-0.295377,-550.941040,299.999725,0.000000
91.220001,67.520447,-550.896606,-0.002117,-0.001163,-0.029538,300.345947,15.300352,-0.295377,-550.896606,299.999725,0.000000
91.230003,67.523788,-551.074524,-0.002134,-0.001163,-0.029538,300.360809,15.301109,-0.295377,-551.074524,299.999725,0.000000
91.240005,67.520065,-550.941040,-0.002121,-0.001163,-0.029538,300.344238,15.300265,-0.295377,-550.941040,299.999725,0.000000
91.250008,67.520813,-550.985535,-0.002082,-0.001163,-0.029538,300.347565,15.300435,-0.295377,-550.985535,299.999725,0.000000
91.260002,67.521927,-550.985535,-0.002039,-0.001163,-0.029538,300.352539,15.300688,-0.295377,-550.985535,299.999725,0.000000
91.270004,67.514862,-550.941040,-0.002048,-0.001163,-0.029538,300.321106,15.299087,-0.295377,-550.941040,299.999725,0.000000
91.280006,67.509277,-551.030029,-0.002039,-0.001163,-0.029538,300.296265,15.297821,-0.295377,-551.030029,299.999725,0.000000
91.290001,67.511505,-550.896606,-0.002070,-0.001163,-0.029538,300.306183,15.298326,-0.295377,-550.896606,299.999725,0.000000
91.300003,67.517090,-551.030029,-0.002078,-0.001163,-0.029538,300.331024,15.299592,-0.295377,-551.030029,299.999725,0.000000
91.310005,67.518204,-550.985535,-0.002039,-0.001163,-0.029538,300.335968,15.299844,-0.295377,-550.985535,299.999725,0.000000
91.320007,67.527145,-550.941040,-0.002039,-0.001163,-0.029538,300.375732,15.301870,-0.295377,-550.941040,299.999725,0.000000
91.330002,67.521927,-551.030029,-0.002009,-0.001163,-0.029538,300.352539,15.300688,-0.295377,-551.030029,299.999725,0.000000
91.340004,67.510025,-550.941040,-0.002052,-0.001163,-0.029538,300.299591,15.297990,-0.295377,-550.941040,299.999725,0.000000
91.350006,67.518951,-550.985535,-0.002057,-0.001163,-0.029538,300.339294,15.300013,-0.295377,-550.985535,299.999725,0.000000
91.360001,67.522675,-551.030029,-0.002061,-0.001163,-0.029538,300.355865,15.300858,-0.295377,-551.030029,299.999725,0.000000
91.370003,67.527893,-550.941040,-0.002048,-0.001163,-0.029538,300.379059,15.302039,-0.295377,-550.941040,299.999725,0.000000
91.380005,67.523422,-550.985535,-0.002104,-0.001163,-0.029538,300.359192,15.301026,-0.295377,-550.985535,299.999725,0.000000
91.390007,67.520813,-550.852112,-0.002078,-0.001163,-0.029538,300.347565,15.300435,-0.295377,-550.852112,299.999725,0.000000
91.400002,67.519699,-551.074524,-0.002057,-0.001163,-0.029538,300.342621,15.300182,-0.295377,-551.074524,299.999725,0.000000
91.410004,67.522675,-550.985535,-0.002100,-0.001163,-0.029538,300.355865,15.300858,-0.295377,-550.985535,299.999725,0.000000
91.420006,67.520813,-550.941040,-0.002082,-0.001163,-0.029538,300.347565,15.300435,-0.295377,-550.941040,299.999725,0.000000
91.430008,67.514114,-550.985535,-0.002070,-0.001163,-0.029538,300.317780,15.298917,-0.295377,-550.985535,299.999725,0.000000
91.440002,67.519699,-550.941040,-0.002052,-0.001163,-0.029538,300.342621,15.300182,-0.295377,-550.941040,299.999725,0.000000
91.450005,67.523056,-551.030029,-0.002005,-0.001163,-0.029538,300.357544,15.300943,-0.295377,-551.030029,299.999725,0.000000
91.460007,67.524918,-550.985535,-0.002065,-0.001163,-0.029538,300.365845,15.301365,-0.295377,-550.985535,299.999725,0.000000
91.470001,67.520065,-550.941040,-0.002044,-0.001163,-0.029538,300.344238,15.300265,-0.295377,-550.941040,299.999725,0.000000
91.480003,67.504807,-551.030029,-0.002074,-0.001163,-0.029538,300.276367,15.296808,-0.295377,-551.030029,299.999725,0.000000
91.490005,67.514481,-550.852112,-0.002091,-0.001163,-0.029538,300.319397,15.299000,-0.295377,-550.852112,299.999725,0.000000
91.500008,67.511139,-551.074524,-0.002130,-0.001163,-0.029538,300.304535,15.298243,-0.295377,-551.074524,299.999725,0.000000
91.510002,67.523056,-550.985535,-0.002126,-0.001163,-0.029538,300.357544,15.300943,-0.295377,-550.985535,299.999725,0.000000
91.520004,67.518951,-550.941040,-0.002091,-0.001163,-0.029538,300.339294,15.300013,-0.295377,-550.941040,299.999725,0.000000
91.530006,67.523788,-551.030029,-0.002082,-0.001163,-0.029538,300.360809,15.301109,-0.295377,-551.030029,299.999725,0.000000
91.540001,67.521927,-550.941040,-0.002117,-0.001163,-0.029538,300.352539,15.300688,-0.295377,-550.941040,299.999725,0.000000
91.550003,67.519699,-550.985535,-0.002061,-0.001163,-0.029538,300.342621,15.300182,-0.295377,-550.985535,299.999725,0.000000
91.560005,67.521927,-550.941040,-0.002078,-0.001163,-0.029538,300.352539,15.300688,-0.295377,-550.941040,299.999725,0.000000
91.570007,67.518585,-550.941040,-0.002113,-0.001163,-0.029538,300.337677,15.299930,-0.295377,-550.941040,299.999725,0.000000
91.580002,67.510391,-551.030029,-0.002087,-0.001163,-0.029538,300.301208,15.298074,-0.295377,-551.030029,299.999725,0.000000
91.590004,67.515976,-550.985535,-0.002065,-0.001163,-0.029538,300.326050,15.299339,-0.295377,-550.985535,299.999725,0.000000
91.600006,67.514114,-551.074524,-0.002031,-0.001163,-0.029538,300.317780,15.298917,-0.295377,-551.074524,299.999725,0.000000
91.610001,67.518585,-551.030029,-0.002078,-0.001163,-0.029538,300.337677,15.299930,-0.295377,-551.030029,299.999725,0.000000
91.620003,67.514481,-550.896606,-0.002039,-0.001163,-0.029538,300.319397,15.299000,-0.295377,-550.896606,299.999725,0.000000
91.630005,67.510025,-551.074524,-0.002052,-0.001163,-0.029538,300.299591,15.297990,-0.295377,-551.074524,299.999725,0.000000
91.640007,67.511505,-550.941040,-0.002039,-0.001163,-0.029538,300.306183,15.298326,-0.295377,-550.941040,299.999725,0.000000
91.650002,67.518585,-550.941040,-0.002070,-0.001163,-0.029538,300.337677,15.299930,-0.295377,-550.941040,299.999725,0.000000
91.660004,67.518585,-550.985535,-0.002078,-0.001163,-0.029538,300.337677,15.299930,-0.295377,-550.985535,299.999725,0.000000
91.670006,67.510025,-551.030029,-0.002113,-0.001163,-0.029538,300.299591,15.297990,-0.295377,-551.030029,299.999725,0.000000
91.680008,67.515610,-551.030029,-0.002065,-0.001163,-0.029538,300.324432,15.299255,-0.295377,-551.030029,299.999725,0.000000
91.690002,67.515976,-550.941040,-0.002087,-0.001163,-0.029538,300.326050,15.299339,-0.295377,-550.941040,299.999725,0.000000
91.700005,67.520813,-550.985535,-0.002108,-0.001163,-0.029538,300.347565,15.300435,-0.295377,-550.985535,299.999725,0.000000
91.710007,67.517090,-551.030029,-0.002182,-0.001163,-0.029538,300.331024,15.299592,-0.295377,-551.030029,299.999725,0.000000
91.720001,67.519333,-550.985535,-0.002134,-0.001163,-0.029538,300.341003,15.300099,-0.295377,-550.985535,299.999725,0.000000
91.730003,67.512619,-551.030029,-0.002177,-0.001163,-0.029538,300.311127,15.298578,-0.295377,-551.030029,299.999725,0.000000
91.740005,67.515610,-550.896606,-0.002126,-0.001163,-0.029538,300.324432,15.299255,-0.295377,-550.896606,299.999725,0.000000
91.750008,67.511887,-551.030029,-0.002095,-0.001163,-0.029538,300.307861,15.298412,-0.295377,-551.030029,299.999725,0.000000
91.760002,67.513000,-551.030029,-0.002070,-0.001163,-0.029538,300.312836,15.298664,-0.295377,-551.030029,299.999725,0.000000
91.770004,67.510757,-550.941040,-0.002048,-0.001163,-0.029538,300.302856,15.298157,-0.295377,-550.941040,299.999725,0.000000
91.780006,67.517838,-551.030029,-0.002070,-0.001163,-0.029538,300.334351,15.299761,-0.295377,-551.030029,299.999725,0.000000
91.790001,67.529388,-550.941040,-0.002065,-0.001163,-0.029538,300.385712,15.302379,-0.295377,-550.941040,299.999725,0.000000
91.800003,67.518204,-550.941040,-0.002048,-0.001163,-0.029538,300.335968,15.299844,-0.295377,-550.941040,299.999725,0.000000
91.810005,67.513000,-550.985535,-0.002061,-0.001163,-0.029538,300.312836,15.298664,-0.295377,-550.985535,299.999725,0.000000
91.820007,67.512253,-550.941040,-0.002044,-0.001163,-0.029538,300.309509,15.298494,-0.295377,-550.941040,299.999725,0.000000
91.830002,67.518585,-551.074524,-0.002070,-0.001163,-0.029538,300.337677,15.299930,-0.295377,-551.074524,299.999725,0.000000
91.840004,67.523788,-550.941040,-0.002039,-0.001163,-0.029538,300.360809,15.301109,-0.295377,-550.941040,299.999725,0.000000
91.850006,67.523788,-550.985535,-0.002052,-0.001163,-0.029538,300.360809,15.301109,-0.295377,-550.985535,299.999725,0.000000
91.860001,67.511887,-551.030029,-0.002057,-0.001163,-0.029538,300.307861,15.298412,-0.295377,-551.030029,299.999725,0.000000
91.870003,67.515976,-550.941040,-0.002061,-0.001163,-0.029538,300.326050,15.299339,-0.295377,-550.941040,299.999725,0.000000
91.880005,67.522675,-551.030029,-0.002065,-0.001163,-0.029538,300.355865,15.300858,-0.295377,-551.030029,299.999725,0.000000
91.890007,67.518585,-550.985535,-0.002052,-0.001163,-0.029538,300.337677,15.299930,-0.295377,-550.985535,299.999725,0.000000
91.900002,67.526779,-551.030029,-0.002095,-0.001163,-0.029538,300.374115,15.301786,-0.295377,-551.030029,299.999725,0.000000
91.910004,67.522675,-550.985535,-0.002121,-0.001163,-0.029538,300.355865,15.300858,-0.295377,-550.985535,299.999725,0.000000
91.920006,67.515976,-550.941040,-0.002082,-0.001163,-0.029538,300.326050,15.299339,-0.295377,-550.941040,299.999725,0.000000
91.930008,67.522308,-551.074524,-0.002095,-0.001163,-0.029538,300.354218,15.300774,-0.295377,-551.074524,299.999725,0.000000
91.940002,67.514862,-550.941040,-0.002095,-0.001163,-0.029538,300.321106,15.299087,-0.295377,-550.941040,299.999725,0.000000
91.950005,67.517090,-551.074524,-0.002169,-0.001163,-0.029538,300.331024,15.299592,-0.295377,-551.074524,299.999725,0.000000
91.960007,67.509644,-551.030029,-0.002164,-0.001163,-0.029538,300.297882,15.297904,-0.295377,-551.030029,299.999725,0.000000
91.970001,67.514114,-550.941040,-0.002147,-0.001163,-0.029538,300.317780,15.298917,-0.295377,-550.941040,299.999725,0.000000
91.980003,67.518204,-551.074524,-0.002190,-0.001163,-0.029538,300.335968,15.299844,-0.295377,-551.074524,299.999725,0.000000
91.990005,67.524918,-550.941040,-0.002151,-0.001163,-0.029538,300.365845,15.301365,-0.295377,-550.941040,299.999725,0.000000
92.000008,67.513367,-551.030029,-0.002147,-0.001163,-0.029538,300.314453,15.298747,-0.295377,-551.030029,299.999725,0.000000
92.010002,67.516342,-551.030029,-0.002182,-0.001163,-0.029538,300.327698,15.299422,-0.295377,-551.030029,299.999725,0.000000
92.020004,67.517838,-550.941040,-0.002143,-0.001163,-0.029538,300.334351,15.299761,-0.295377,-550.941040,299.999725,0.000000
92.030006,67.523422,-551.030029,-0.002070,-0.001163,-0.029538,300.359192,15.301026,-0.295377,-551.030029,299.999725,0.000000
92.040001,67.529007,-550.985535,-0.002031,-0.001163,-0.029538,300.384033,15.302292,-0.295377,-550.985535,299.999725,0.000000
92.050003,67.515976,-550.985535,-0.002013,-0.001163,-0.029538,300.326050,15.299339,-0.295377,-550.985535,299.999725,0.000000
92.060005,67.508896,-551.030029,-0.002052,-0.001163,-0.029538,300.294556,15.297734,-0.295377,-551.030029,299.999725,0.000000
92.070007,67.508148,-550.896606,-0.002134,-0.001163,-0.029538,300.291229,15.297565,-0.295377,-550.896606,299.999725,0.000000
92.080002,67.509644,-551.030029,-0.002156,-0.001163,-0.029538,300.297882,15.297904,-0.295377,-551.030029,299.999725,0.000000
92.090004,67.521561,-550.941040,-0.002160,-0.001163,-0.029538,300.350891,15.300605,-0.295377,-550.941040,299.999725,0.000000
92.100006,67.507782,-550.985535,-0.002126,-0.001163,-0.029538,300.289612,15.297482,-0.295377,-550.985535,299.999725,0.000000
92.110001,67.506287,-551.030029,-0.002091,-0.001163,-0.029538,300.282959,15.297143,-0.295377,-551.030029,299.999725,0.000000
92.120003,67.511505,-550.941040,-0.002048,-0.001163,-0.029538,300.306183,15.298326,-0.295377,-550.941040,299.999725,0.000000
92.130005,67.521194,-551.074524,-0.002044,-0.001163,-0.029538,300.349274,15.300521,-0.295377,-551.074524,299.999725,0.000000
92.140007,67.516342,-550.896606,-0.002074,-0.001163,-0.029538,300.327698,15.299422,-0.295377,-550.896606,299.999725,0.000000
92.150002,67.517090,-551.074524,-0.002100,-0.001163,-0.029538,300.331024,15.299592,-0.295377,-551.074524,299.999725,0.000000
92.160004,67.520813,-551.030029,-0.002070,-0.001163,-0.029538,300.347565,15.300435,-0.295377,-551.030029,299.999725,0.000000
92.170006,67.521561,-550.941040,-0.002057,-0.001163,-0.029538,300.350891,15.300605,-0.295377,-550.941040,299.999725,0.000000
92.180008,67.520447,-551.074524,-0.002065,-0.001163,-0.029538,300.345947,15.300352,-0.295377,-551.074524,299.999725,0.000000
92.190002,67.514862,-550.941040,-0.002052,-0.001163,-0.029538,300.321106,15.299087,-0.295377,-550.941040,299.999725,0.000000
92.200005,67.512253,-550.985535,-0.002048,-0.001163,-0.029538,300.309509,15.298494,-0.295377,-550.985535,299.999725,0.000000
92.210007,67.514862,-550.985535,-0.002065,-0.001163,-0.029538,300.321106,15.299087,-0.295377,-550.985535,299.999725,0.000000
92.220001,67.517471,-550.941040,-0.002070,-0.001163,-0.029538,300.332703,15.299678,-0.295377,-550.941040,299.999725,0.000000
92.230003,67.517090,-551.074524,-0.002035,-0.001163,-0.029538,300.331024,15.299592,-0.295377,-551.074524,299.999725,0.000000
92.240005,67.512619,-550.941040,-0.002035,-0.001163,-0.029538,300.311127,15.298578,-0.295377,-550.941040,299.999725,0.000000
92.250008,67.499969,-551.030029,-0.002057,-0.001163,-0.029538,300.254852,15.295712,-0.295377,-551.030029,299.999725,0.000000
92.260002,67.508896,-551.030029,-0.002078,-0.001163,-0.029538,300.294556,15.297734,-0.295377,-551.030029,299.999725,0.000000
92.270004,67.523056,-550.941040,-0.002044,-0.001163,-0.029538,300.357544,15.300943,-0.295377,-550.941040,299.999725,0.000000
92.280006,67.517090,-551.074524,-0.002061,-0.001163,-0.029538,300.331024,15.299592,-0.295377,-551.074524,299.999725,0.000000
92.290001,67.511505,-550.941040,-0.002057,-0.001163,-0.029538,300.306183,15.298326,-0.295377,-550.941040,299.999725,0.000000
92.300003,67.513748,-551.030029,-0.002057,-0.001163,-0.029538,300.316162,15.298834,-0.295377,-551.030029,299.999725,0.000000
92.310005,67.514481,-550.985535,-0.002026,-0.001163,-0.029538,300.319397,15.299000,-0.295377,-550.985535,299.999725,0.000000
92.320007,67.510757,-550.985535,-0.002039,-0.001163,-0.029538,300.302856,15.298157,-0.295377,-550.985535,299.999725,0.000000
92.330002,67.520447,-551.074524,-0.002061,-0.001163,-0.029538,300.345947,15.300352,-0.295377,-551.074524,299.999725,0.000000
92.340004,67.521194,-550.941040,-0.002065,-0.001163,-0.029538,300.349274,15.300521,-0.295377,-550.941040,299.999725,0.000000
92.350006,67.511139,-551.030029,-0.002074,-0.001163,-0.029538,300.304535,15.298243,-0.295377,-551.030029,299.999725,0.000000
92.360001,67.523056,-550.985535,-0.002095,-0.001163,-0.029538,300.357544,15.300943,-0.295377,-550.985535,299.999725,0.000000
92.370003,67.518204,-550.985535,-0.002070,-0.001163,-0.029538,300.335968,15.299844,-0.295377,-550.985535,299.999725,0.000000
92.380005,67.515610,-551.074524,-0.002100,-0.001163,-0.029538,300.324432,15.299255,-0.295377,-551.074524,299.999725,0.000000
92.390007,67.512619,-550.941040,-0.002087,-0.001163,-0.029538,300.311127,15.298578,-0.295377,-550.941040,299.999725,0.000000
92.400002,67.518585,-551.074524,-0.002070,-0.001163,-0.029538,300.337677,15.299930,-0.295377,-551.074524,299.999725,0.000000
92.410004,67.517090,-551.030029,-0.002074,-0.001163,-0.029538,300.331024,15.299592,-0.295377,-551.030029,299.999725,0.000000
92.420006,67.513748,-550.985535,-0.002074,-0.001163,-0.029538,300.316162,15.298834,-0.295377,-550.985535,299.999725,0.000000
92.430008,67.499222,-551.074524,-0.002104,-0.001163,-0.029538,300.251526,15.295543,-0.295377,-551.074524,299.999725,0.000000
92.440002,67.506287,-551.030029,-0.002108,-0.001163,-0.029538,300.282959,15.297143,-0.295377,-551.030029,299.999725,0.000000
92.450005,67.517471,-551.030029,-0.002100,-0.001163,-0.029538,300.332703,15.299678,-0.295377,-551.030029,299.999725,0.000000
92.460007,67.507416,-550.985535,-0.002139,-0.001163,-0.029538,300.287994,15.297399,-0.295377,-550.985535,299.999725,0.000000
92.470001,67.507782,-551.030029,-0.002147,-0.001163,-0.029538,300.289612,15.297482,-0.295377,-551.030029,299.999725,0.000000
92.480003,67.515610,-551.030029,-0.002186,-0.001163,-0.029538,300.324432,15.299255,-0.295377,-551.030029,299.999725,0.000000
92.490005,67.516342,-550.941040,-0.002143,-0.001163,-0.029538,300.327698,15.299422,-0.295377,-550.941040,299.999725,0.000000
92.500008,67.514481,-551.030029,-0.002164,-0.001163,-0.029538,300.319397,15.299000,-0.295377,-551.030029,299.999725,0.000000
92.510002,67.515228,-551.074524,-0.002108,-0.001163,-0.029538,300.322723,15.299170,-0.295377,-551.074524,299.999725,0.000000
92.520004,67.518585,-550.941040,-0.002091,-0.001163,-0.029538,300.337677,15.299930,-0.295377,-550.941040,299.999725,0.000000
92.530006,67.506287,-551.074524,-0.002044,-0.001163,-0.029538,300.282959,15.297143,-0.295377,-551.074524,299.999725,0.000000
92.540001,67.521194,-550.985535,-0.002082,-0.001163,-0.029538,300.349274,15.300521,-0.295377,-550.985535,299.999725,0.000000
92.550003,67.504425,-551.030029,-0.002061,-0.001163,-0.029538,300.274689,15.296721,-0.295377,-551.030029,299.999725,0.000000
92.560005,67.508896,-551.030029,-0.002087,-0.001163,-0.029538,300.294556,15.297734,-0.295377,-551.030029,299.999725,0.000000
92.570007,67.510391,-550.941040,-0.002052,-0.001163,-0.029538,300.301208,15.298074,-0.295377,-550.941040,299.999725,0.000000
92.580002,67.510757,-551.074524,-0.002048,-0.001163,-0.029538,300.302856,15.298157,-0.295377,-551.074524,299.999725,0.000000
92.590004,67.520065,-550.985535,-0.002035,-0.001163,-0.029538,300.344238,15.300265,-0.295377,-550.985535,299.999725,0.000000
92.600006,67.518204,-551.030029,-0.002091,-0.001163,-0.029538,300.335968,15.299844,-0.295377,-551.030029,299.999725,0.000000
92.610001,67.516342,-551.074524,-0.002134,-0.001163,-0.029538,300.327698,15.299422,-0.295377,-551.074524,299.999725,0.000000
92.620003,67.517471,-550.985535,-0.002186,-0.001163,-0.029538,300.332703,15.299678,-0.295377,-550.985535,299.999725,0.000000
92.630005,67.509277,-551.074524,-0.002143,-0.001163,-0.029538,300.296265,15.297821,-0.295377,-551.074524,299.999725,0.000000
92.640007,67.510025,-550.941040,-0.002173,-0.001163,-0.029538,300.299591,15.297990,-0.295377,-550.941040,299.999725,0.000000
92.650002,67.515976,-551.030029,-0.002147,-0.001163,-0.029538,300.326050,15.299339,-0.295377,-551.030029,299.999725,0.000000
92.660004,67.507034,-551.074524,-0.002151,-0.001163,-0.029538,300.286285,15.297313,-0.295377,-551.074524,299.999725,0.000000
92.670006,67.514114,-550.941040,-0.002134,-0.001163,-0.029538,300.317780,15.298917,-0.295377,-550.941040,299.999725,0.000000
92.680008,67.519699,-551.163452,-0.002151,-0.001163,-0.029538,300.342621,15.300182,-0.295377,-551.163452,299.999725,0.000000
92.690002,67.517838,-550.941040,-0.002151,-0.001163,-0.029538,300.334351,15.299761,-0.295377,-550.941040,299.999725,0.000000
92.700005,67.519333,-551.030029,-0.002139,-0.001163,-0.029538,300.341003,15.300099,-0.295377,-551.030029,299.999725,0.000000
92.710007,67.513367,-551.074524,-0.002078,-0.001163,-0.029538,300.314453,15.298747,-0.295377,-551.074524,299.999725,0.000000
92.720001,67.511139,-550.985535,-0.002091,-0.001163,-0.029538,300.304535,15.298243,-0.295377,-550.985535,299.999725,0.000000
92.730003,67.510391,-551.074524,-0.002074,-0.001163,-0.029538,300.301208,15.298074,-0.295377,-551.074524,299.999725,0.000000
92.740005,67.508148,-550.896606,-0.002065,-0.001163,-0.029538,300.291229,15.297565,-0.295377,-550.896606,299.999725,0.000000
92.750008,67.511505,-551.074524,-0.002044,-0.001163,-0.029538,300.306183,15.298326,-0.295377,-551.074524,299.999725,0.000000
92.760002,67.511139,-551.030029,-0.002061,-0.001163,-0.029538,300.304535,15.298243,-0.295377,-551.030029,299.999725,0.000000
92.770004,67.511505,-550.941040,-0.002013,-0.001163,-0.029538,300.306183,15.298326,-0.295377,-550.941040,299.999725,0.000000
92.780006,67.519333,-551.074524,-0.002078,-0.001163,-0.029538,300.341003,15.300099,-0.295377,-551.074524,299.999725,0.000000
92.790001,67.510391,-550.941040,-0.002052,-0.001163,-0.029538,300.301208,15.298074,-0.295377,-550.941040,299.999725,0.000000
92.800003,67.503311,-551.118958,-0.002052,-0.001163,-0.029538,300.269714,15.296469,-0.295377,-551.118958,299.999725,0.000000
92.810005,67.499222,-551.074524,-0.002065,-0.001163,-0.029538,300.251526,15.295543,-0.295377,-551.074524,299.999725,0.000000
92.820007,67.507034,-550.985535,-0.002048,-0.001163,-0.029538,300.286285,15.297313,-0.295377,-550.985535,299.999725,0.000000
92.830002,67.508896,-551.118958,-0.002065,-0.001163,-0.029538,300.294556,15.297734,-0.295377,-551.118958,299.999725,0.000000
92.840004,67.523056,-550.941040,-0.002052,-0.001163,-0.029538,300.357544,15.300943,-0.295377,-550.941040,299.999725,0.000000
92.850006,67.517471,-551.030029,-0.002078,-0.001163,-0.029538,300.332703,15.299678,-0.295377,-551.030029,299.999725,0.000000
92.860001,67.501450,-551.074524,-0.002057,-0.001163,-0.029538,300.261444,15.296047,-0.295377,-551.074524,299.999725,0.000000
92.870003,67.510757,-550.941040,-0.002082,-0.001163,-0.029538,300.302856,15.298157,-0.295377,-550.941040,299.999725,0.000000
92.880005,67.517471,-551.118958,-0.002100,-0.001163,-0.029538,300.332703,15.299678,-0.295377,-551.118958,299.999725,0.000000
92.890007,67.520065,-550.985535,-0.002143,-0.001163,-0.029538,300.344238,15.300265,-0.295377,-550.985535,299.999725,0.000000
92.900002,67.520447,-551.074524,-0.002139,-0.001163,-0.029538,300.345947,15.300352,-0.295377,-551.074524,299.999725,0.000000
92.910004,67.517471,-550.985535,-0.002139,-0.001163,-0.029538,300.332703,15.299678,-0.295377,-550.985535,299.999725,0.000000
92.920006,67.511505,-550.985535,-0.002147,-0.001163,-0.029538,300.306183,15.298326,-0.295377,-550.985535,299.999725,0.000000
92.930008,67.506668,-551.118958,-0.002134,-0.001163,-0.029538,300.284668,15.297229,-0.295377,-551.118958,299.999725,0.000000
92.940002,67.513748,-550.985535,-0.002139,-0.001163,-0.029538,300.316162,15.298834,-0.295377,-550.985535,299.999725,0.000000
92.950005,67.511139,-551.074524,-0.002121,-0.001163,-0.029538,300.304535,15.298243,-0.295377,-551.074524,299.999725,0.000000
92.960007,67.520813,-551.030029,-0.002147,-0.001163,-0.029538,300.347565,15.300435,-0.295377,-551.030029,299.999725,0.000000
92.970001,67.514114,-551.030029,-0.002160,-0.001163,-0.029538,300.317780,15.298917,-0.295377,-551.030029,299.999725,0.000000
92.980003,67.505920,-551.074524,-0.002151,-0.001163,-0.029538,300.281342,15.297060,-0.295377,-551.074524,299.999725,0.000000
92.990005,67.521194,-550.985535,-0.002164,-0.001163,-0.029538,300.349274,15.300521,-0.295377,-550.985535,299.999725,0.000000
93.000008,67.511887,-551.074524,-0.002151,-0.001163,-0.029538,300.307861,15.298412,-0.295377,-551.074524,299.999725,0.000000
93.010002,67.508896,-551.074524,-0.002143,-0.001163,-0.029538,300.294556,15.297734,-0.295377,-551.074524,299.999725,0.000000
93.020004,67.510025,-550.985535,-0.002160,-0.001163,-0.029538,300.299591,15.297990,-0.295377,-550.985535,299.999725,0.000000
93.030006,67.510391,-551.074524,-0.002182,-0.001163,-0.029538,300.301208,15.298074,-0.295377,-551.074524,299.999725,0.000000
93.040001,67.513748,-550.896606,-0.002151,-0.001163,-0.029538,300.316162,15.298834,-0.295377,-550.896606,299.999725,0.000000
93.050003,67.519333,-551.074524,-0.002160,-0.001163,-0.029538,300.341003,15.300099,-0.295377,-551.074524,299.999725,0.000000
93.060005,67.506668,-551.118958,-0.002151,-0.001163,-0.029538,300.284668,15.297229,-0.295377,-551.118958,299.999725,0.000000
93.070007,67.515228,-550.985535,-0.002147,-0.001163,-0.029538,300.322723,15.299170,-0.295377,-550.985535,299.999725,0.000000
93.080002,67.507416,-551.030029,-0.002177,-0.001163,-0.029538,300.287994,15.297399,-0.295377,-551.030029,299.999725,0.000000
93.090004,67.507416,-550.985535,-0.002134,-0.001163,-0.029538,300.287994,15.297399,-0.295377,-550.985535,299.999725,0.000000
93.100006,67.508896,-551.030029,-0.002126,-0.001163,-0.029538,300.294556,15.297734,-0.295377,-551.030029,299.999725,0.000000
93.110001,67.509277,-551.118958,-0.002091,-0.001163,-0.029538,300.296265,15.297821,-0.295377,-551.118958,299.999725,0.000000
93.120003,67.521194,-551.030029,-0.002130,-0.001163,-0.029538,300.349274,15.300521,-0.295377,-551.030029,299.999725,0.000000
93.130005,67.524536,-551.030029,-0.002121,-0.001163,-0.029538,300.364136,15.301278,-0.295377,-551.030029,299.999725,0.000000
93.140007,67.517838,-550.985535,-0.002121,-0.001163,-0.029538,300.334351,15.299761,-0.295377,-550.985535,299.999725,0.000000
93.150002,67.513367,-551.118958,-0.002134,-0.001163,-0.029538,300.314453,15.298747,-0.295377,-551.118958,299.999725,0.000000
93.160004,67.510025,-551.074524,-0.002117,-0.001163,-0.029538,300.299591,15.297990,-0.295377,-551.074524,299.999725,0.000000
93.170006,67.507782,-550.941040,-0.002095,-0.001163,-0.029538,300.289612,15.297482,-0.295377,-550.941040,299.999725,0.000000
93.180008,67.510757,-551.118958,-0.002070,-0.001163,-0.029538,300.302856,15.298157,-0.295377,-551.118958,299.999725,0.000000
93.190002,67.514862,-550.985535,-0.002087,-0.001163,-0.029538,300.321106,15.299087,-0.295377,-550.985535,299.999725,0.000000
93.200005,67.524536,-551.074524,-0.002057,-0.001163,-0.029538,300.364136,15.301278,-0.295377,-551.074524,299.999725,0.000000
93.210007,67.516342,-550.985535,-0.002070,-0.001163,-0.029538,300.327698,15.299422,-0.295377,-550.985535,299.999725,0.000000
93.220001,67.514481,-550.941040,-0.002052,-0.001163,-0.029538,300.319397,15.299000,-0.295377,-550.941040,299.999725,0.000000
93.230003,67.505173,-551.118958,-0.002018,-0.001163,-0.029538,300.278015,15.296891,-0.295377,-551.118958,299.999725,0.000000
93.240005,67.507034,-550.985535,-0.002065,-0.001163,-0.029538,300.286285,15.297313,-0.295377,-550.985535,299.999725,0.000000
93.250008,67.495499,-551.074524,-0.002074,-0.001163,-0.029538,300.234985,15.294698,-0.295377,-551.074524,299.999725,0.000000
93.260002,67.504425,-551.030029,-0.002065,-0.001163,-0.029538,300.274689,15.296721,-0.295377,-551.030029,299.999725,0.000000
93.270004,67.516724,-550.985535,-0.002108,-0.001163,-0.029538,300.329376,15.299508,-0.295377,-550.985535,299.999725,0.000000
93.280006,67.515228,-551.118958,-0.002126,-0.001163,-0.029538,300.322723,15.299170,-0.295377,-551.118958,299.999725,0.000000
93.290001,67.510391,-550.985535,-0.002126,-0.001163,-0.029538,300.301208,15.298074,-0.295377,-550.985535,299.999725,0.000000
93.300003,67.519699,-551.074524,-0.002143,-0.001163,-0.029538,300.342621,15.300182,-0.295377,-551.074524,299.999725,0.000000
93.310005,67.508148,-551.030029,-0.002147,-0.001163,-0.029538,300.291229,15.297565,-0.295377,-551.030029,299.999725,0.000000
93.320007,67.507034,-550.985535,-0.002147,-0.001163,-0.029538,300.286285,15.297313,-0.295377,-550.985535,299.999725,0.000000
93.330002,67.505554,-551.118958,-0.002104,-0.001163,-0.029538,300.279694,15.296977,-0.295377,-551.118958,299.999725,0.000000
93.340004,67.504807,-551.030029,-0.002113,-0.001163,-0.029538,300.276367,15.296808,-0.295377,-551.030029,299.999725,0.000000
93.350006,67.507034,-551.118958,-0.002130,-0.001163,-0.029538,300.286285,15.297313,-0.295377,-551.118958,299.999725,0.000000
93.360008,67.510757,-551.030029,-0.002151,-0.001163,-0.029538,300.302856,15.298157,-0.295377,-551.030029,299.999725,0.000000
93.370003,67.513748,-551.030029,-0.002147,-0.001163,-0.029538,300.316162,15.298834,-0.295377,-551.030029,299.999725,0.000000
93.380005,67.507034,-551.118958,-0.002147,-0.001163,-0.029538,300.286285,15.297313,-0.295377,-551.118958,299.999725,0.000000
93.390007,67.499588,-550.985535,-0.002134,-0.001163,-0.029538,300.253174,15.295625,-0.295377,-550.985535,299.999725,0.000000
93.400002,67.503693,-551.074524,-0.002147,-0.001163,-0.029538,300.271423,15.296556,-0.295377,-551.074524,299.999725,0.000000
93.410004,67.512253,-551.074524,-0.002156,-0.001163,-0.029538,300.309509,15.298494,-0.295377,-551.074524,299.999725,0.000000
93.420006,67.516724,-551.074524,-0.002147,-0.001163,-0.029538,300.329376,15.299508,-0.295377,-551.074524,299.999725,0.000000
93.430008,67.507782,-551.118958,-0.002143,-0.001163,-0.029538,300.289612,15.297482,-0.295377,-551.118958,299.999725,0.000000
93.440002,67.511887,-550.985535,-0.002164,-0.001163,-0.029538,300.307861,15.298412,-0.295377,-550.985535,299.999725,0.000000
93.450005,67.508896,-551.074524,-0.002104,-0.001163,-0.029538,300.294556,15.297734,-0.295377,-551.074524,299.999725,0.000000
93.460007,67.516724,-551.074524,-0.002113,-0.001163,-0.029538,300.329376,15.299508,-0.295377,-551.074524,299.999725,0.000000
93.470001,67.509644,-550.985535,-0.002026,-0.001163,-0.029538,300.297882,15.297904,-0.295377,-550.985535,299.999725,0.000000
93.480003,67.508530,-551.118958,-0.002052,-0.001163,-0.029538,300.292938,15.297651,-0.295377,-551.118958,299.999725,0.000000
93.490005,67.507034,-551.030029,-0.002044,-0.001163,-0.029538,300.286285,15.297313,-0.295377,-551.030029,299.999725,0.000000
93.500008,67.511505,-551.074524,-0.002070,-0.001163,-0.029538,300.306183,15.298326,-0.295377,-551.074524,299.999725,0.000000
93.510002,67.508530,-551.030029,-0.002126,-0.001163,-0.029538,300.292938,15.297651,-0.295377,-551.030029,299.999725,0.000000
93.520004,67.508530,-551.030029,-0.002169,-0.001163,-0.029538,300.292938,15.297651,-0.295377,-551.030029,299.999725,0.000000
93.530006,67.507782,-551.163452,-0.002203,-0.001163,-0.029538,300.289612,15.297482,-0.295377,-551.163452,299.999725,0.000000
93.540001,67.503311,-551.030029,-0.002182,-0.001163,-0.029538,300.269714,15.296469,-0.295377,-551.030029,299.999725,0.000000
93.550003,67.505554,-551.074524,-0.002164,-0.001163,-0.029538,300.279694,15.296977,-0.295377,-551.074524,299.999725,0.000000
93.560005,67.507034,-550.985535,-0.002156,-0.001163,-0.029538,300.286285,15.297313,-0.295377,-550.985535,299.999725,0.000000
93.570007,67.503311,-551.030029,-0.002143,-0.001163,-0.029538,300.269714,15.296469,-0.295377,-551.030029,299.999725,0.000000
93.580002,67.496613,-551.118958,-0.002147,-0.001163,-0.029538,300.239929,15.294950,-0.295377,-551.118958,299.999725,0.000000
93.590004,67.511139,-550.985535,-0.002070,-0.001163,-0.029538,300.304535,15.298243,-0.295377,-550.985535,299.999725,0.000000
93.600006,67.507416,-551.074524,-0.002052,-0.001163,-0.029538,300.287994,15.297399,-0.295377,-551.074524,299.999725,0.000000
93.610008,67.506668,-551.030029,-0.002044,-0.001163,-0.029538,300.284668,15.297229,-0.295377,-551.030029,299.999725,0.000000
93.620003,67.515610,-551.030029,-0.002061,-0.001163,-0.029538,300.324432,15.299255,-0.295377,-551.030029,299.999725,0.000000
93.630005,67.503693,-551.163452,-0.002065,-0.001163,-0.029538,300.271423,15.296556,-0.295377,-551.163452,299.999725,0.000000
93.640007,67.511505,-551.030029,-0.002065,-0.001163,-0.029538,300.306183,15.298326,-0.295377,-551.030029,299.999725,0.000000
93.650002,67.508896,-551.118958,-0.002031,-0.001163,-0.029538,300.294556,15.297734,-0.295377,-551.118958,299.999725,0.000000
93.660004,67.511887,-551.030029,-0.002057,-0.001163,-0.029538,300.307861,15.298412,-0.295377,-551.030029,299.999725,0.000000
93.670006,67.515610,-551.074524,-0.002052,-0.001163,-0.029538,300.324432,15.299255,-0.295377,-551.074524,299.999725,0.000000
93.680008,67.501831,-551.163452,-0.002052,-0.001163,-0.029538,300.263153,15.296133,-0.295377,-551.163452,299.999725,0.000000
93.690002,67.510391,-551.074524,-0.002057,-0.001163,-0.029538,300.301208,15.298074,-0.295377,-551.074524,299.999725,0.000000
93.700005,67.512619,-551.118958,-0.002035,-0.001163,-0.029538,300.311127,15.298578,-0.295377,-551.118958,299.999725,0.000000
93.710007,67.514862,-551.074524,-0.002044,-0.001163,-0.029538,300.321106,15.299087,-0.295377,-551.074524,299.999725,0.000000
93.720001,67.504059,-550.941040,-0.002082,-0.001163,-0.029538,300.273041,15.296638,-0.295377,-550.941040,299.999725,0.000000
93.730003,67.511139,-551.118958,-0.002087,-0.001163,-0.029538,300.304535,15.298243,-0.295377,-551.118958,299.999725,0.000000
93.740005,67.515610,-551.074524,-0.002113,-0.001163,-0.029538,300.324432,15.299255,-0.295377,-551.074524,299.999725,0.000000
93.750008,67.510757,-551.074524,-0.002130,-0.001163,-0.029538,300.302856,15.298157,-0.295377,-551.074524,299.999725,0.000000
93.760002,67.511139,-551.074524,-0.002100,-0.001163,-0.029538,300.304535,15.298243,-0.295377,-551.074524,299.999725,0.000000
93.770004,67.508896,-551.074524,-0.002078,-0.001163,-0.029538,300.294556,15.297734,-0.295377,-551.074524,299.999725,0.000000
93.780006,67.508148,-551.118958,-0.002100,-0.001163,-0.029538,300.291229,15.297565,-0.295377,-551.118958,299.999725,0.000000
93.790001,67.505554,-550.985535,-0.002104,-0.001163,-0.029538,300.279694,15.296977,-0.295377,-550.985535,299.999725,0.000000
93.800003,67.507034,-551.074524,-0.002173,-0.001163,-0.029538,300.286285,15.297313,-0.295377,-551.074524,299.999725,0.000000
93.810005,67.498474,-551.074524,-0.002169,-0.001163,-0.029538,300.248199,15.295373,-0.295377,-551.074524,299.999725,0.000000
93.820007,67.504059,-551.074524,-0.002173,-0.001163,-0.029538,300.273041,15.296638,-0.295377,-551.074524,299.999725,0.000000
93.830002,67.511139,-551.163452,-0.002160,-0.001163,-0.029538,300.304535,15.298243,-0.295377,-551.163452,299.999725,0.000000
93.840004,67.505554,-551.030029,-0.002164,-0.001163,-0.029538,300.279694,15.296977,-0.295377,-551.030029,299.999725,0.000000
93.850006,67.505173,-551.074524,-0.002134,-0.001163,-0.029538,300.278015,15.296891,-0.295377,-551.074524,299.999725,0.000000
93.860008,67.503311,-551.030029,-0.002169,-0.001163,-0.029538,300.269714,15.296469,-0.295377,-551.030029,299.999725,0.000000
93.870003,67.496246,-550.985535,-0.002151,-0.001163,-0.029538,300.238312,15.294868,-0.295377,-550.985535,299.999725,0.000000
93.880005,67.496979,-551.118958,-0.002164,-0.001163,-0.029538,300.241547,15.295034,-0.295377,-551.118958,299.999725,0.000000
93.890007,67.505554,-550.985535,-0.002156,-0.001163,-0.029538,300.279694,15.296977,-0.295377,-550.985535,299.999725,0.000000
93.900002,67.505173,-551.074524,-0.002143,-0.001163,-0.029538,300.278015,15.296891,-0.295377,-551.074524,299.999725,0.000000
93.910004,67.498474,-551.074524,-0.002160,-0.001163,-0.029538,300.248199,15.295373,-0.295377,-551.074524,299.999725,0.000000
93.920006,67.507416,-551.030029,-0.002156,-0.001163,-0.029538,300.287994,15.297399,-0.295377,-551.030029,299.999725,0.000000
93.930008,67.494003,-551.118958,-0.002121,-0.001163,-0.029538,300.228333,15.294359,-0.295377,-551.118958,299.999725,0.000000
93.940002,67.507034,-550.985535,-0.002104,-0.001163,-0.029538,300.286285,15.297313,-0.295377,-550.985535,299.999725,0.000000
93.950005,67.505173,-551.074524,-0.002108,-0.001163,-0.029538,300.278015,15.296891,-0.295377,-551.074524,299.999725,0.000000
93.960007,67.511139,-551.074524,-0.002143,-0.001163,-0.029538,300.304535,15.298243,-0.295377,-551.074524,299.999725,0.000000
93.970001,67.512253,-551.030029,-0.002126,-0.001163,-0.029538,300.309509,15.298494,-0.295377,-551.030029,299.999725,0.000000
93.980003,67.499969,-551.163452,-0.002130,-0.001163,-0.029538,300.254852,15.295712,-0.295377,-551.163452,299.999725,0.000000
93.990005,67.509644,-551.074524,-0.002104,-0.001163,-0.029538,300.297882,15.297904,-0.295377,-551.074524,299.999725,0.000000
94.000008,67.501450,-551.074524,-0.002065,-0.001163,-0.029538,300.261444,15.296047,-0.295377,-551.074524,299.999725,0.000000
94.010002,67.504425,-551.118958,-0.002065,-0.001163,-0.029538,300.274689,15.296721,-0.295377,-551.118958,299.999725,0.000000
94.020004,67.507034,-550.985535,-0.002022,-0.001163,-0.029538,300.286285,15.297313,-0.295377,-550.985535,299.999725,0.000000
94.030006,67.506287,-551.163452,-0.002035,-0.001163,-0.029538,300.282959,15.297143,-0.295377,-551.163452,299.999725,0.000000
94.040001,67.505920,-551.030029,-0.002074,-0.001163,-0.029538,300.281342,15.297060,-0.295377,-551.030029,299.999725,0.000000
94.050003,67.507034,-551.074524,-0.002108,-0.001163,-0.029538,300.286285,15.297313,-0.295377,-551.074524,299.999725,0.000000
94.060005,67.502197,-551.118958,-0.002160,-0.001163,-0.029538,300.264771,15.296216,-0.295377,-551.118958,299.999725,0.000000
94.070007,67.497726,-551.030029,-0.002151,-0.001163,-0.029538,300.244873,15.295203,-0.295377,-551.030029,299.999725,0.000000
94.080002,67.500702,-551.207947,-0.002147,-0.001163,-0.029538,300.258118,15.295877,-0.295377,-551.207947,299.999725,0.000000
94.090004,67.508148,-550.985535,-0.002164,-0.001163,-0.029538,300.291229,15.297565,-0.295377,-550.985535,299.999725,0.000000
94.100006,67.505554,-551.118958,-0.002147,-0.001163,-0.029538,300.279694,15.296977,-0.295377,-551.118958,299.999725,0.000000
94.110008,67.504807,-551.074524,-0.002121,-0.001163,-0.029538,300.276367,15.296808,-0.295377,-551.074524,299.999725,0.000000
94.120003,67.507416,-551.030029,-0.002121,-0.001163,-0.029538,300.287994,15.297399,-0.295377,-551.030029,299.999725,0.000000
94.130005,67.508896,-551.118958,-0.002082,-0.001163,-0.029538,300.294556,15.297734,-0.295377,-551.118958,299.999725,0.000000
94.140007,67.508530,-550.985535,-0.002065,-0.001163,-0.029538,300.292938,15.297651,-0.295377,-550.985535,299.999725,0.000000
94.150002,67.495499,-551.118958,-0.002095,-0.001163,-0.029538,300.234985,15.294698,-0.295377,-551.118958,299.999725,0.000000
94.160004,67.505173,-551.118958,-0.002052,-0.001163,-0.029538,300.278015,15.296891,-0.295377,-551.118958,299.999725,0.000000
94.170006,67.510025,-551.030029,-0.002052,-0.001163,-0.029538,300.299591,15.297990,-0.295377,-551.030029,299.999725,0.000000
94.180008,67.511139,-551.118958,-0.002048,-0.001163,-0.029538,300.304535,15.298243,-0.295377,-551.118958,299.999725,0.000000
94.190002,67.512619,-550.985535,-0.002039,-0.001163,-0.029538,300.311127,15.298578,-0.295377,-550.985535,299.999725,0.000000
94.200005,67.513000,-551.074524,-0.002048,-0.001163,-0.029538,300.312836,15.298664,-0.295377,-551.074524,299.999725,0.000000
94.210007,67.506668,-551.074524,-0.002057,-0.001163,-0.029538,300.284668,15.297229,-0.295377,-551.074524,299.999725,0.000000
94.220001,67.494003,-551.030029,-0.002026,-0.001163,-0.029538,300.228333,15.294359,-0.295377,-551.030029,299.999725,0.000000
94.230003,67.504807,-551.118958,-0.002065,-0.001163,-0.029538,300.276367,15.296808,-0.295377,-551.118958,299.999725,0.000000
94.240005,67.505554,-551.074524,-0.002087,-0.001163,-0.029538,300.279694,15.296977,-0.295377,-551.074524,299.999725,0.000000
94.250008,67.503311,-551.074524,-0.002082,-0.001163,-0.029538,300.269714,15.296469,-0.295377,-551.074524,299.999725,0.000000
94.260002,67.492142,-551.118958,-0.002100,-0.001163,-0.029538,300.220032,15.293938,-0.295377,-551.118958,299.999725,0.000000
94.270004,67.504425,-551.074524,-0.002074,-0.001163,-0.029538,300.274689,15.296721,-0.295377,-551.074524,299.999725,0.000000
94.280006,67.504425,-551.118958,-0.002039,-0.001163,-0.029538,300.274689,15.296721,-0.295377,-551.118958,299.999725,0.000000
94.290001,67.508148,-551.030029,-0.002057,-0.001163,-0.029538,300.291229,15.297565,-0.295377,-551.030029,299.999725,0.000000
94.300003,67.506668,-551.118958,-0.002061,-0.001163,-0.029538,300.284668,15.297229,-0.295377,-551.118958,299.999725,0.000000
94.310005,67.503311,-551.074524,-0.002078,-0.001163,-0.029538,300.269714,15.296469,-0.295377,-551.074524,299.999725,0.000000
94.320007,67.510025,-551.074524,-0.002082,-0.001163,-0.029538,300.299591,15.297990,-0.295377,-551.074524,299.999725,0.000000
94.330002,67.506668,-551.074524,-0.002121,-0.001163,-0.029538,300.284668,15.297229,-0.295377,-551.074524,299.999725,0.000000
94.340004,67.507782,-551.030029,-0.002095,-0.001163,-0.029538,300.289612,15.297482,-0.295377,-551.030029,299.999725,0.000000
94.350006,67.497726,-551.118958,-0.002082,-0.001163,-0.029538,300.244873,15.295203,-0.295377,-551.118958,299.999725,0.000000
94.360008,67.495117,-551.074524,-0.002108,-0.001163,-0.029538,300.233276,15.294612,-0.295377,-551.074524,299.999725,0.000000
94.370003,67.502563,-551.030029,-0.002082,-0.001163,-0.029538,300.266388,15.296300,-0.295377,-551.030029,299.999725,0.000000
94.380005,67.508896,-551.207947,-0.002091,-0.001163,-0.029538,300.294556,15.297734,-0.295377,-551.207947,299.999725,0.000000
94.390007,67.508896,-551.030029,-0.002070,-0.001163,-0.029538,300.294556,15.297734,-0.295377,-551.030029,299.999725,0.000000
94.400002,67.499222,-551.118958,-0.002095,-0.001163,-0.029538,300.251526,15.295543,-0.295377,-551.118958,299.999725,0.000000
94.410004,67.500702,-551.118958,-0.002117,-0.001163,-0.029538,300.258118,15.295877,-0.295377,-551.118958,299.999725,0.000000
94.420006,67.503311,-551.030029,-0.002134,-0.001163,-0.029538,300.269714,15.296469,-0.295377,-551.030029,299.999725,0.000000
94.430008,67.496246,-551.118958,-0.002182,-0.001163,-0.029538,300.238312,15.294868,-0.295377,-551.118958,299.999725,0.000000
94.440002,67.502197,-551.030029,-0.002164,-0.001163,-0.029538,300.264771,15.296216,-0.295377,-551.030029,299.999725,0.000000
94.450005,67.508530,-551.163452,-0.002095,-0.001163,-0.029538,300.292938,15.297651,-0.295377,-551.163452,299.999725,0.000000
94.460007,67.504425,-551.074524,-0.002078,-0.001163,-0.029538,300.274689,15.296721,-0.295377,-551.074524,299.999725,0.000000
94.470001,67.502945,-550.985535,-0.002018,-0.001163,-0.029538,300.268097,15.296386,-0.295377,-550.985535,299.999725,0.000000
94.480003,67.499222,-551.118958,-0.002039,-0.001163,-0.029538,300.251526,15.295543,-0.295377,-551.118958,299.999725,0.000000
94.490005,67.488419,-551.030029,-0.002087,-0.001163,-0.029538,300.203491,15.293094,-0.295377,-551.030029,299.999725,0.000000
94.500008,67.501450,-551.074524,-0.002091,-0.001163,-0.029538,300.261444,15.296047,-0.295377,-551.074524,299.999725,0.000000
94.510002,67.514114,-551.074524,-0.002070,-0.001163,-0.029538,300.317780,15.298917,-0.295377,-551.074524,299.999725,0.000000
94.520004,67.499588,-551.030029,-0.002039,-0.001163,-0.029538,300.253174,15.295625,-0.295377,-551.030029,299.999725,0.000000
94.530006,67.494751,-551.118958,-0.002061,-0.001163,-0.029538,300.231659,15.294529,-0.295377,-551.118958,299.999725,0.000000
94.540001,67.501083,-551.030029,-0.002061,-0.001163,-0.029538,300.259827,15.295963,-0.295377,-551.030029,299.999725,0.000000
94.550003,67.501083,-551.207947,-0.002078,-0.001163,-0.029538,300.259827,15.295963,-0.295377,-551.207947,299.999725,0.000000
94.560005,67.500336,-551.118958,-0.002130,-0.001163,-0.029538,300.256500,15.295794,-0.295377,-551.118958,299.999725,0.000000
94.570007,67.506287,-551.030029,-0.002104,-0.001163,-0.029538,300.282959,15.297143,-0.295377,-551.030029,299.999725,0.000000
94.580002,67.499969,-551.163452,-0.002139,-0.001163,-0.029538,300.254852,15.295712,-0.295377,-551.163452,299.999725,0.000000
94.590004,67.498108,-551.030029,-0.002169,-0.001163,-0.029538,300.246582,15.295290,-0.295377,-551.030029,299.999725,0.000000
94.600006,67.501083,-551.118958,-0.002139,-0.001163,-0.029538,300.259827,15.295963,-0.295377,-551.118958,299.999725,0.000000
94.610008,67.498474,-551.118958,-0.002164,-0.001163,-0.029538,300.248199,15.295373,-0.295377,-551.118958,299.999725,0.000000
94.620003,67.496613,-551.074524,-0.002121,-0.001163,-0.029538,300.239929,15.294950,-0.295377,-551.074524,299.999725,0.000000
94.630005,67.492523,-551.163452,-0.002117,-0.001163,-0.029538,300.221741,15.294024,-0.295377,-551.163452,299.999725,0.000000
94.640007,67.505554,-551.074524,-0.002095,-0.001163,-0.029538,300.279694,15.296977,-0.295377,-551.074524,299.999725,0.000000
94.650002,67.505554,-551.163452,-0.002082,-0.001163,-0.029538,300.279694,15.296977,-0.295377,-551.163452,299.999725,0.000000
94.660004,67.500702,-551.030029,-0.002057,-0.001163,-0.029538,300.258118,15.295877,-0.295377,-551.030029,299.999725,0.000000
94.670006,67.505920,-551.030029,-0.002091,-0.001163,-0.029538,300.281342,15.297060,-0.295377,-551.030029,299.999725,0.000000
94.680008,67.502945,-551.207947,-0.002095,-0.001163,-0.029538,300.268097,15.296386,-0.295377,-551.207947,299.999725,0.000000
94.690002,67.493637,-551.118958,-0.002057,-0.001163,-0.029538,300.226685,15.294277,-0.295377,-551.118958,299.999725,0.000000
94.700005,67.502197,-551.163452,-0.002117,-0.001163,-0.029538,300.264771,15.296216,-0.295377,-551.163452,299.999725,0.000000
94.710007,67.502197,-551.118958,-0.002091,-0.001163,-0.029538,300.264771,15.296216,-0.295377,-551.118958,299.999725,0.000000
94.720001,67.495865,-551.118958,-0.002121,-0.001163,-0.029538,300.236603,15.294782,-0.295377,-551.118958,299.999725,0.000000
94.730003,67.494003,-551.118958,-0.002139,-0.001163,-0.029538,300.228333,15.294359,-0.295377,-551.118958,299.999725,0.000000
94.740005,67.506287,-551.030029,-0.002147,-0.001163,-0.029538,300.282959,15.297143,-0.295377,-551.030029,299.999725,0.000000
94.750008,67.502563,-551.163452,-0.002143,-0.001163,-0.029538,300.266388,15.296300,-0.295377,-551.163452,299.999725,0.000000
94.760002,67.509277,-551.074524,-0.002182,-0.001163,-0.029538,300.296265,15.297821,-0.295377,-551.074524,299.999725,0.000000
94.770004,67.492889,-551.074524,-0.002134,-0.001163,-0.029538,300.223358,15.294107,-0.295377,-551.074524,299.999725,0.000000
94.780006,67.501083,-551.163452,-0.002065,-0.001163,-0.029538,300.259827,15.295963,-0.295377,-551.163452,299.999725,0.000000
94.790001,67.511139,-551.074524,-0.002091,-0.001163,-0.029538,300.304535,15.298243,-0.295377,-551.074524,299.999725,0.000000
94.800003,67.506287,-551.163452,-0.002039,-0.001163,-0.029538,300.282959,15.297143,-0.295377,-551.163452,299.999725,0.000000
94.810005,67.512253,-551.074524,-0.002070,-0.001163,-0.029538,300.309509,15.298494,-0.295377,-551.074524,299.999725,0.000000
94.820007,67.508896,-551.030029,-0.002048,-0.001163,-0.029538,300.294556,15.297734,-0.295377,-551.030029,299.999725,0.000000
94.830002,67.504425,-551.163452,-0.002048,-0.001163,-0.029538,300.274689,15.296721,-0.295377,-551.163452,299.999725,0.000000
94.840004,67.494385,-551.030029,-0.002074,-0.001163,-0.029538,300.230011,15.294447,-0.295377,-551.030029,299.999725,0.000000
94.850006,67.510757,-551.118958,-0.002048,-0.001163,-0.029538,300.302856,15.298157,-0.295377,-551.118958,299.999725,0.000000
94.860008,67.500702,-551.118958,-0.002061,-0.001163,-0.029538,300.258118,15.295877,-0.295377,-551.118958,299.999725,0.000000
94.870003,67.508148,-551.030029,-0.002039,-0.001163,-0.029538,300.291229,15.297565,-0.295377,-551.030029,299.999725,0.000000
94.880005,67.498840,-551.163452,-0.002091,-0.001163,-0.029538,300.249847,15.295456,-0.295377,-551.163452,299.999725,0.000000
94.890007,67.510757,-551.074524,-0.002078,-0.001163,-0.029538,300.302856,15.298157,-0.295377,-551.074524,299.999725,0.000000
94.900002,67.508530,-551.118958,-0.002156,-0.001163,-0.029538,300.292938,15.297651,-0.295377,-551.118958,299.999725,0.000000
94.910004,67.492889,-551.074524,-0.002169,-0.001163,-0.029538,300.223358,15.294107,-0.295377,-551.074524,299.999725,0.000000
94.920006,67.490280,-551.074524,-0.002126,-0.001163,-0.029538,300.211761,15.293516,-0.295377,-551.074524,299.999725,0.000000
94.930008,67.496979,-551.163452,-0.002156,-0.001163,-0.029538,300.241547,15.295034,-0.295377,-551.163452,299.999725,0.000000
94.940002,67.504059,-551.030029,-0.002173,-0.001163,-0.029538,300.273041,15.296638,-0.295377,-551.030029,299.999725,0.000000
94.950005,67.510757,-551.118958,-0.002160,-0.001163,-0.029538,300.302856,15.298157,-0.295377,-551.118958,299.999725,0.000000
94.960007,67.495865,-551.118958,-0.002151,-0.001163,-0.029538,300.236603,15.294782,-0.295377,-551.118958,299.999725,0.000000
94.970001,67.503311,-551.074524,-0.002121,-0.001163,-0.029538,300.269714,15.296469,-0.295377,-551.074524,299.999725,0.000000
94.980003,67.504059,-551.163452,-0.002164,-0.001163,-0.029538,300.273041,15.296638,-0.295377,-551.163452,299.999725,0.000000
94.990005,67.500702,-551.074524,-0.002126,-0.001163,-0.029538,300.258118,15.295877,-0.295377,-551.074524,299.999725,0.000000
95.000008,67.501083,-551.163452,-0.002095,-0.001163,-0.029538,300.259827,15.295963,-0.295377,-551.163452,299.999725,0.000000
95.010002,67.492889,-551.163452,-0.002078,-0.001163,-0.029538,300.223358,15.294107,-0.295377,-551.163452,299.999725,0.000000
95.020004,67.493637,-551.074524,-0.002065,-0.001163,-0.029538,300.226685,15.294277,-0.295377,-551.074524,299.999725,0.000000
95.030006,67.495117,-551.163452,-0.002061,-0.001163,-0.029538,300.233276,15.294612,-0.295377,-551.163452,299.999725,0.000000
95.040001,67.501831,-551.030029,-0.002052,-0.001163,-0.029538,300.263153,15.296133,-0.295377,-551.030029,299.999725,0.000000
95.050003,67.494385,-551.118958,-0.002082,-0.001163,-0.029538,300.230011,15.294447,-0.295377,-551.118958,299.999725,0.000000
95.060005,67.491776,-551.207947,-0.002117,-0.001163,-0.029538,300.218414,15.293855,-0.295377,-551.207947,299.999725,0.000000
95.070007,67.493637,-551.074524,-0.002147,-0.001163,-0.029538,300.226685,15.294277,-0.295377,-551.074524,299.999725,0.000000
95.080002,67.505554,-551.163452,-0.002151,-0.001163,-0.029538,300.279694,15.296977,-0.295377,-551.163452,299.999725,0.000000
95.090004,67.502563,-551.074524,-0.002160,-0.001163,-0.029538,300.266388,15.296300,-0.295377,-551.074524,299.999725,0.000000
95.100006,67.502945,-551.163452,-0.002173,-0.001163,-0.029538,300.268097,15.296386,-0.295377,-551.163452,299.999725,0.000000
95.110008,67.501450,-551.163452,-0.002134,-0.001163,-0.029538,300.261444,15.296047,-0.295377,-551.163452,299.999725,0.000000
95.120003,67.502563,-550.985535,-0.002164,-0.001163,-0.029538,300.266388,15.296300,-0.295377,-550.985535,299.999725,0.000000
95.130005,67.505173,-551.207947,-0.002164,-0.001163,-0.029538,300.278015,15.296891,-0.295377,-551.207947,299.999725,0.000000
95.140007,67.504425,-551.074524,-0.002156,-0.001163,-0.029538,300.274689,15.296721,-0.295377,-551.074524,299.999725,0.000000
95.150002,67.496613,-551.118958,-0.002151,-0.001163,-0.029538,300.239929,15.294950,-0.295377,-551.118958,299.999725,0.000000
95.160004,67.492142,-551.163452,-0.002173,-0.001163,-0.029538,300.220032,15.293938,-0.295377,-551.163452,299.999725,0.000000
95.170006,67.500336,-551.074524,-0.002143,-0.001163,-0.029538,300.256500,15.295794,-0.295377,-551.074524,299.999725,0.000000
95.180008,67.501083,-551.207947,-0.002117,-0.001163,-0.029538,300.259827,15.295963,-0.295377,-551.207947,299.999725,0.000000
95.190002,67.499222,-551.074524,-0.002052,-0.001163,-0.029538,300.251526,15.295543,-0.295377,-551.074524,299.999725,0.000000
95.200005,67.495499,-551.163452,-0.002065,-0.001163,-0.029538,300.234985,15.294698,-0.295377,-551.163452,299.999725,0.000000
95.210007,67.493637,-551.118958,-0.002117,-0.001163,-0.029538,300.226685,15.294277,-0.295377,-551.118958,299.999725,0.000000
95.220001,67.486191,-551.074524,-0.002117,-0.001163,-0.029538,300.193573,15.292589,-0.295377,-551.074524,299.999725,0.000000
95.230003,67.487305,-551.207947,-0.002065,-0.001163,-0.029538,300.198517,15.292842,-0.295377,-551.207947,299.999725,0.000000
95.240005,67.492889,-551.030029,-0.002065,-0.001163,-0.029538,300.223358,15.294107,-0.295377,-551.030029,299.999725,0.000000
95.250008,67.496613,-551.118958,-0.002095,-0.001163,-0.029538,300.239929,15.294950,-0.295377,-551.118958,299.999725,0.000000
95.260002,67.492142,-551.207947,-0.002164,-0.001163,-0.029538,300.220032,15.293938,-0.295377,-551.207947,299.999725,0.000000
95.270004,67.501083,-551.074524,-0.002143,-0.001163,-0.029538,300.259827,15.295963,-0.295377,-551.074524,299.999725,0.000000
95.280006,67.500336,-551.207947,-0.002091,-0.001163,-0.029538,300.256500,15.295794,-0.295377,-551.207947,299.999725,0.000000
95.290001,67.495865,-551.074524,-0.002091,-0.001163,-0.029538,300.236603,15.294782,-0.295377,-551.074524,299.999725,0.000000
95.300003,67.489532,-551.163452,-0.002151,-0.001163,-0.029538,300.208435,15.293346,-0.295377,-551.163452,299.999725,0.000000
95.310005,67.495117,-551.163452,-0.002143,-0.001163,-0.029538,300.233276,15.294612,-0.295377,-551.163452,299.999725,0.000000
95.320007,67.495499,-551.074524,-0.002147,-0.001163,-0.029538,300.234985,15.294698,-0.295377,-551.074524,299.999725,0.000000
95.330002,67.505554,-551.207947,-0.002104,-0.001163,-0.029538,300.279694,15.296977,-0.295377,-551.207947,299.999725,0.000000
95.340004,67.501831,-551.074524,-0.002151,-0.001163,-0.029538,300.263153,15.296133,-0.295377,-551.074524,299.999725,0.000000
95.350006,67.499222,-551.207947,-0.002126,-0.001163,-0.029538,300.251526,15.295543,-0.295377,-551.207947,299.999725,0.000000
95.360008,67.507782,-551.118958,-0.002087,-0.001163,-0.029538,300.289612,15.297482,-0.295377,-551.118958,299.999725,0.000000
95.370003,67.498474,-551.074524,-0.002026,-0.001163,-0.029538,300.248199,15.295373,-0.295377,-551.074524,299.999725,0.000000
95.380005,67.492142,-551.207947,-0.002065,-0.001163,-0.029538,300.220032,15.293938,-0.295377,-551.207947,299.999725,0.000000
95.390007,67.501450,-551.074524,-0.002126,-0.001163,-0.029538,300.261444,15.296047,-0.295377,-551.074524,299.999725,0.000000
95.400002,67.499969,-551.163452,-0.002156,-0.001163,-0.029538,300.254852,15.295712,-0.295377,-551.163452,299.999725,0.000000
95.410004,67.502563,-551.030029,-0.002156,-0.001163,-0.029538,300.266388,15.296300,-0.295377,-551.030029,299.999725,0.000000
95.420006,67.512253,-551.074524,-0.002190,-0.001163,-0.029538,300.309509,15.298494,-0.295377,-551.074524,299.999725,0.000000
95.430008,67.507782,-551.163452,-0.002147,-0.001163,-0.029538,300.289612,15.297482,-0.295377,-551.163452,299.999725,0.000000
95.440002,67.503311,-551.074524,-0.002173,-0.001163,-0.029538,300.269714,15.296469,-0.295377,-551.074524,299.999725,0.000000
95.450005,67.490662,-551.118958,-0.002143,-0.001163,-0.029538,300.213470,15.293602,-0.295377,-551.118958,299.999725,0.000000
95.460007,67.489914,-551.118958,-0.002173,-0.001163,-0.029538,300.210144,15.293433,-0.295377,-551.118958,299.999725,0.000000
95.470001,67.496613,-551.118958,-0.002173,-0.001163,-0.029538,300.239929,15.294950,-0.295377,-551.118958,299.999725,0.000000
95.480003,67.499222,-551.207947,-0.002177,-0.001163,-0.029538,300.251526,15.295543,-0.295377,-551.207947,299.999725,0.000000
95.490005,67.502563,-551.030029,-0.002147,-0.001163,-0.029538,300.266388,15.296300,-0.295377,-551.030029,299.999725,0.000000
95.500008,67.500336,-551.163452,-0.002147,-0.001163,-0.029538,300.256500,15.295794,-0.295377,-551.163452,299.999725,0.000000
95.510002,67.497726,-551.074524,-0.002117,-0.001163,-0.029538,300.244873,15.295203,-0.295377,-551.074524,299.999725,0.000000
95.520004,67.498474,-551.118958,-0.002130,-0.001163,-0.029538,300.248199,15.295373,-0.295377,-551.118958,299.999725,0.000000
95.530006,67.485062,-551.163452,-0.002121,-0.001163,-0.029538,300.188538,15.292334,-0.295377,-551.163452,299.999725,0.000000
95.540001,67.492142,-551.163452,-0.002134,-0.001163,-0.029538,300.220032,15.293938,-0.295377,-551.163452,299.999725,0.000000
95.550003,67.504425,-551.207947,-0.002095,-0.001163,-0.029538,300.274689,15.296721,-0.295377,-551.207947,299.999725,0.000000
95.560005,67.495117,-551.118958,-0.002100,-0.001163,-0.029538,300.233276,15.294612,-0.295377,-551.118958,299.999725,0.000000
95.570007,67.504425,-551.030029,-0.002048,-0.001163,-0.029538,300.274689,15.296721,-0.295377,-551.030029,299.999725,0.000000
95.580002,67.492523,-551.163452,-0.002044,-0.001163,-0.029538,300.221741,15.294024,-0.295377,-551.163452,299.999725,0.000000
95.590004,67.503311,-551.030029,-0.002018,-0.001163,-0.029538,300.269714,15.296469,-0.295377,-551.030029,299.999725,0.000000
95.600006,67.485443,-551.118958,-0.002031,-0.001163,-0.029538,300.190247,15.292420,-0.295377,-551.118958,299.999725,0.000000
95.610008,67.496613,-551.118958,-0.002061,-0.001163,-0.029538,300.239929,15.294950,-0.295377,-551.118958,299.999725,0.000000
95.620003,67.504807,-551.074524,-0.002061,-0.001163,-0.029538,300.276367,15.296808,-0.295377,-551.074524,299.999725,0.000000
95.630005,67.490280,-551.207947,-0.002039,-0.001163,-0.029538,300.211761,15.293516,-0.295377,-551.207947,299.999725,0.000000
95.640007,67.494003,-551.074524,-0.002117,-0.001163,-0.029538,300.228333,15.294359,-0.295377,-551.074524,299.999725,0.000000
95.650002,67.493256,-551.163452,-0.002104,-0.001163,-0.029538,300.225006,15.294189,-0.295377,-551.163452,299.999725,0.000000
95.660004,67.496613,-551.163452,-0.002108,-0.001163,-0.029538,300.239929,15.294950,-0.295377,-551.163452,299.999725,0.000000
95.670006,67.504425,-551.118958,-0.002130,-0.001163,-0.029538,300.274689,15.296721,-0.295377,-551.118958,299.999725,0.000000
95.680008,67.499969,-551.207947,-0.002195,-0.001163,-0.029538,300.254852,15.295712,-0.295377,-551.207947,299.999725,0.000000
95.690002,67.497360,-551.074524,-0.002151,-0.001163,-0.029538,300.243256,15.295120,-0.295377,-551.074524,299.999725,0.000000
95.700005,67.491394,-551.207947,-0.002143,-0.001163,-0.029538,300.216705,15.293769,-0.295377,-551.207947,299.999725,0.000000
95.710007,67.497726,-551.163452,-0.002147,-0.001163,-0.029538,300.244873,15.295203,-0.295377,-551.163452,299.999725,0.000000
95.720001,67.494003,-551.030029,-0.002147,-0.001163,-0.029538,300.228333,15.294359,-0.295377,-551.030029,299.999725,0.000000
95.730003,67.498474,-551.207947,-0.002143,-0.001163,-0.029538,300.248199,15.295373,-0.295377,-551.207947,299.999725,0.000000
95.740005,67.498108,-551.118958,-0.002121,-0.001163,-0.029538,300.246582,15.295290,-0.295377,-551.118958,299.999725,0.000000
95.750008,67.492523,-551.207947,-0.002104,-0.001163,-0.029538,300.221741,15.294024,-0.295377,-551.207947,299.999725,0.000000
95.760002,67.493637,-551.074524,-0.002074,-0.001163,-0.029538,300.226685,15.294277,-0.295377,-551.074524,299.999725,0.000000
95.770004,67.489532,-551.074524,-0.002061,-0.001163,-0.029538,300.208435,15.293346,-0.295377,-551.074524,299.999725,0.000000
95.780006,67.506287,-551.207947,-0.002044,-0.001163,-0.029538,300.282959,15.297143,-0.295377,-551.207947,299.999725,0.000000
95.790001,67.504059,-551.074524,-0.002052,-0.001163,-0.029538,300.273041,15.296638,-0.295377,-551.074524,299.999725,0.000000
95.800003,67.497726,-551.163452,-0.002082,-0.001163,-0.029538,300.244873,15.295203,-0.295377,-551.163452,299.999725,0.000000
95.810005,67.498474,-551.163452,-0.002182,-0.001163,-0.029538,300.248199,15.295373,-0.295377,-551.163452,299.999725,0.000000
95.820007,67.491776,-551.074524,-0.002182,-0.001163,-0.029538,300.218414,15.293855,-0.295377,-551.074524,299.999725,0.000000
95.830002,67.494385,-551.163452,-0.002160,-0.001163,-0.029538,300.230011,15.294447,-0.295377,-551.163452,299.999725,0.000000
95.840004,67.498474,-551.118958,-0.002151,-0.001163,-0.029538,300.248199,15.295373,-0.295377,-551.118958,299.999725,0.000000
95.850006,67.502563,-551.163452,-0.002151,-0.001163,-0.029538,300.266388,15.296300,-0.295377,-551.163452,299.999725,0.000000
95.860008,67.503311,-551.118958,-0.002117,-0.001163,-0.029538,300.269714,15.296469,-0.295377,-551.118958,299.999725,0.000000
95.870003,67.496979,-551.074524,-0.002074,-0.001163,-0.029538,300.241547,15.295034,-0.295377,-551.074524,299.999725,0.000000
95.880005,67.490280,-551.252441,-0.002052,-0.001163,-0.029538,300.211761,15.293516,-0.295377,-551.252441,299.999725,0.000000
95.890007,67.496246,-551.074524,-0.002052,-0.001163,-0.029538,300.238312,15.294868,-0.295377,-551.074524,299.999725,0.000000
95.900002,67.492142,-551.207947,-0.002091,-0.001163,-0.029538,300.220032,15.293938,-0.295377,-551.207947,299.999725,0.000000
95.910004,67.485809,-551.163452,-0.002108,-0.001163,-0.029538,300.191864,15.292503,-0.295377,-551.163452,299.999725,0.000000
95.920006,67.488419,-551.118958,-0.002130,-0.001163,-0.029538,300.203491,15.293094,-0.295377,-551.118958,299.999725,0.000000
95.930008,67.494751,-551.207947,-0.002173,-0.001163,-0.029538,300.231659,15.294529,-0.295377,-551.207947,299.999725,0.000000
95.940002,67.492889,-551.074524,-0.002134,-0.001163,-0.029538,300.223358,15.294107,-0.295377,-551.074524,299.999725,0.000000
95.950005,67.494003,-551.163452,-0.002164,-0.001163,-0.029538,300.228333,15.294359,-0.295377,-551.163452,299.999725,0.000000
95.960007,67.503693,-551.118958,-0.002104,-0.001163,-0.029538,300.271423,15.296556,-0.295377,-551.118958,299.999725,0.000000
95.970001,67.485062,-551.074524,-0.002065,-0.001163,-0.029538,300.188538,15.292334,-0.295377,-551.074524,299.999725,0.000000
95.980003,67.485062,-551.163452,-0.002044,-0.001163,-0.029538,300.188538,15.292334,-0.295377,-551.163452,299.999725,0.000000
95.990005,67.490662,-551.074524,-0.002065,-0.001163,-0.029538,300.213470,15.293602,-0.295377,-551.074524,299.999725,0.000000
96.000008,67.498840,-551.252441,-0.002065,-0.001163,-0.029538,300.249847,15.295456,-0.295377,-551.252441,299.999725,0.000000
96.010002,67.502945,-551.118958,-0.002048,-0.001163,-0.029538,300.268097,15.296386,-0.295377,-551.118958,299.999725,0.000000
96.020004,67.490662,-551.118958,-0.002048,-0.001163,-0.029538,300.213470,15.293602,-0.295377,-551.118958,299.999725,0.000000
96.030006,67.491028,-551.163452,-0.002013,-0.001163,-0.029538,300.215088,15.293685,-0.295377,-551.163452,299.999725,0.000000
96.040001,67.492142,-551.118958,-0.002035,-0.001163,-0.029538,300.220032,15.293938,-0.295377,-551.118958,299.999725,0.000000
96.050003,67.489914,-551.163452,-0.002039,-0.001163,-0.029538,300.210144,15.293433,-0.295377,-551.163452,299.999725,0.000000
96.060005,67.497360,-551.118958,-0.002057,-0.001163,-0.029538,300.243256,15.295120,-0.295377,-551.118958,299.999725,0.000000
96.070007,67.502197,-551.074524,-0.002095,-0.001163,-0.029538,300.264771,15.296216,-0.295377,-551.074524,299.999725,0.000000
96.080002,67.497726,-551.163452,-0.002147,-0.001163,-0.029538,300.244873,15.295203,-0.295377,-551.163452,299.999725,0.000000
96.090004,67.493637,-551.074524,-0.002169,-0.001163,-0.029538,300.226685,15.294277,-0.295377,-551.074524,299.999725,0.000000
96.100006,67.498474,-551.118958,-0.002164,-0.001163,-0.029538,300.248199,15.295373,-0.295377,-551.118958,299.999725,0.000000
96.110008,67.499969,-551.118958,-0.002169,-0.001163,-0.029538,300.254852,15.295712,-0.295377,-551.118958,299.999725,0.000000
96.120003,67.498840,-551.074524,-0.002139,-0.001163,-0.029538,300.249847,15.295456,-0.295377,-551.074524,299.999725,0.000000
96.130005,67.498840,-551.207947,-0.002126,-0.001163,-0.029538,300.249847,15.295456,-0.295377,-551.207947,299.999725,0.000000
96.140007,67.497726,-551.074524,-0.002082,-0.001163,-0.029538,300.244873,15.295203,-0.295377,-551.074524,299.999725,0.000000
96.150002,67.496979,-551.207947,-0.002070,-0.001163,-0.029538,300.241547,15.295034,-0.295377,-551.207947,299.999725,0.000000
96.160004,67.500336,-551.163452,-0.002048,-0.001163,-0.029538,300.256500,15.295794,-0.295377,-551.163452,299.999725,0.000000
96.170006,67.488052,-551.118958,-0.002100,-0.001163,-0.029538,300.201843,15.293012,-0.295377,-551.118958,299.999725,0.000000
96.180008,67.489166,-551.252441,-0.002108,-0.001163,-0.029538,300.206818,15.293263,-0.295377,-551.252441,299.999725,0.000000
96.190002,67.491776,-551.074524,-0.002186,-0.001163,-0.029538,300.218414,15.293855,-0.295377,-551.074524,299.999725,0.000000
96.200005,67.497726,-551.207947,-0.002160,-0.001163,-0.029538,300.244873,15.295203,-0.295377,-551.207947,299.999725,0.000000
96.210007,67.498840,-551.118958,-0.002186,-0.001163,-0.029538,300.249847,15.295456,-0.295377,-551.118958,299.999725,0.000000
96.220001,67.491776,-551.118958,-0.002126,-0.001163,-0.029538,300.218414,15.293855,-0.295377,-551.118958,299.999725,0.000000
96.230003,67.491028,-551.207947,-0.002117,-0.001163,-0.029538,300.215088,15.293685,-0.295377,-551.207947,299.999725,0.000000
96.240005,67.495499,-551.118958,-0.002126,-0.001163,-0.029538,300.234985,15.294698,-0.295377,-551.118958,299.999725,0.000000
96.250008,67.496979,-551.207947,-0.002160,-0.001163,-0.029538,300.241547,15.295034,-0.295377,-551.207947,299.999725,0.000000
96.260002,67.491394,-551.207947,-0.002117,-0.001163,-0.029538,300.216705,15.293769,-0.295377,-551.207947,299.999725,0.000000
96.270004,67.503311,-551.074524,-0.002078,-0.001163,-0.029538,300.269714,15.296469,-0.295377,-551.074524,299.999725,0.000000
96.280006,67.499588,-551.207947,-0.002095,-0.001163,-0.029538,300.253174,15.295625,-0.295377,-551.207947,299.999725,0.000000
96.290001,67.495117,-551.074524,-0.002065,-0.001163,-0.029538,300.233276,15.294612,-0.295377,-551.074524,299.999725,0.000000
96.300003,67.480606,-551.207947,-0.002082,-0.001163,-0.029538,300.168732,15.291324,-0.295377,-551.207947,299.999725,0.000000
96.310005,67.484695,-551.163452,-0.002048,-0.001163,-0.029538,300.186920,15.292251,-0.295377,-551.163452,299.999725,0.000000
96.320007,67.486191,-551.074524,-0.002044,-0.001163,-0.029538,300.193573,15.292589,-0.295377,-551.074524,299.999725,0.000000
96.330002,67.492523,-551.252441,-0.002052,-0.001163,-0.029538,300.221741,15.294024,-0.295377,-551.252441,299.999725,0.000000
96.340004,67.505554,-551.074524,-0.002048,-0.001163,-0.029538,300.279694,15.296977,-0.295377,-551.074524,299.999725,0.000000
96.350006,67.495865,-551.207947,-0.002057,-0.001163,-0.029538,300.236603,15.294782,-0.295377,-551.207947,299.999725,0.000000
96.360008,67.498474,-551.207947,-0.002078,-0.001163,-0.029538,300.248199,15.295373,-0.295377,-551.207947,299.999725,0.000000
96.370003,67.495865,-551.074524,-0.002065,-0.001163,-0.029538,300.236603,15.294782,-0.295377,-551.074524,299.999725,0.000000
96.380005,67.489532,-551.207947,-0.002052,-0.001163,-0.029538,300.208435,15.293346,-0.295377,-551.207947,299.999725,0.000000
96.390007,67.494385,-551.118958,-0.002057,-0.001163,-0.029538,300.230011,15.294447,-0.295377,-551.118958,299.999725,0.000000
96.400002,67.494751,-551.163452,-0.002070,-0.001163,-0.029538,300.231659,15.294529,-0.295377,-551.163452,299.999725,0.000000
96.410004,67.498840,-551.207947,-0.002104,-0.001163,-0.029538,300.249847,15.295456,-0.295377,-551.207947,299.999725,0.000000
96.420006,67.492889,-551.163452,-0.002126,-0.001163,-0.029538,300.223358,15.294107,-0.295377,-551.163452,299.999725,0.000000
96.430008,67.496246,-551.163452,-0.002100,-0.001163,-0.029538,300.238312,15.294868,-0.295377,-551.163452,299.999725,0.000000
96.440002,67.492142,-551.074524,-0.002100,-0.001163,-0.029538,300.220032,15.293938,-0.295377,-551.074524,299.999725,0.000000
96.450005,67.485062,-551.163452,-0.002113,-0.001163,-0.029538,300.188538,15.292334,-0.295377,-551.163452,299.999725,0.000000
96.460007,67.488052,-551.163452,-0.002164,-0.001163,-0.029538,300.201843,15.293012,-0.295377,-551.163452,299.999725,0.000000
96.470001,67.498840,-551.163452,-0.002147,-0.001163,-0.029538,300.249847,15.295456,-0.295377,-551.163452,299.999725,0.000000
96.480003,67.496979,-551.207947,-0.002121,-0.001163,-0.029538,300.241547,15.295034,-0.295377,-551.207947,299.999725,0.000000
96.490005,67.492889,-551.074524,-0.002126,-0.001163,-0.029538,300.223358,15.294107,-0.295377,-551.074524,299.999725,0.000000
96.500008,67.499969,-551.207947,-0.002143,-0.001163,-0.029538,300.254852,15.295712,-0.295377,-551.207947,299.999725,0.000000
96.510002,67.476135,-551.163452,-0.002143,-0.001163,-0.029538,300.148834,15.290311,-0.295377,-551.163452,299.999725,0.000000
96.520004,67.482086,-551.074524,-0.002130,-0.001163,-0.029538,300.175323,15.291658,-0.295377,-551.074524,299.999725,0.000000
96.530006,67.484695,-551.252441,-0.002100,-0.001163,-0.029538,300.186920,15.292251,-0.295377,-551.252441,299.999725,0.000000
96.540001,67.495117,-551.163452,-0.002095,-0.001163,-0.029538,300.233276,15.294612,-0.295377,-551.163452,299.999725,0.000000
96.550003,67.491776,-551.163452,-0.002039,-0.001163,-0.029538,300.218414,15.293855,-0.295377,-551.163452,299.999725,0.000000
96.560005,67.502945,-551.163452,-0.002057,-0.001163,-0.029538,300.268097,15.296386,-0.295377,-551.163452,299.999725,0.000000
96.570007,67.494385,-551.118958,-0.002039,-0.001163,-0.029538,300.230011,15.294447,-0.295377,-551.118958,299.999725,0.000000
96.580002,67.496246,-551.252441,-0.002035,-0.001163,-0.029538,300.238312,15.294868,-0.295377,-551.252441,299.999725,0.000000
96.590004,67.494751,-551.074524,-0.002048,-0.001163,-0.029538,300.231659,15.294529,-0.295377,-551.074524,299.999725,0.000000
96.600006,67.489914,-551.252441,-0.002061,-0.001163,-0.029538,300.210144,15.293433,-0.295377,-551.252441,299.999725,0.000000
96.610008,67.485062,-551.207947,-0.002057,-0.001163,-0.029538,300.188538,15.292334,-0.295377,-551.207947,299.999725,0.000000
96.620003,67.505920,-551.118958,-0.002070,-0.001163,-0.029538,300.281342,15.297060,-0.295377,-551.118958,299.999725,0.000000
96.630005,67.498840,-551.296936,-0.002057,-0.001163,-0.029538,300.249847,15.295456,-0.295377,-551.296936,299.999725,0.000000
96.640007,67.500336,-551.074524,-0.002065,-0.001163,-0.029538,300.256500,15.295794,-0.295377,-551.074524,299.999725,0.000000
96.650002,67.500336,-551.207947,-0.002078,-0.001163,-0.029538,300.256500,15.295794,-0.295377,-551.207947,299.999725,0.000000
96.660004,67.504807,-551.163452,-0.002100,-0.001163,-0.029538,300.276367,15.296808,-0.295377,-551.163452,299.999725,0.000000
96.670006,67.496246,-551.163452,-0.002121,-0.001163,-0.029538,300.238312,15.294868,-0.295377,-551.163452,299.999725,0.000000
96.680008,67.494003,-551.252441,-0.002091,-0.001163,-0.029538,300.228333,15.294359,-0.295377,-551.252441,299.999725,0.000000
96.690002,67.496246,-551.074524,-0.002082,-0.001163,-0.029538,300.238312,15.294868,-0.295377,-551.074524,299.999725,0.000000
96.700005,67.487305,-551.207947,-0.002095,-0.001163,-0.029538,300.198517,15.292842,-0.295377,-551.207947,299.999725,0.000000
96.710007,67.489532,-551.074524,-0.002082,-0.001163,-0.029538,300.208435,15.293346,-0.295377,-551.074524,299.999725,0.000000
96.720001,67.486557,-551.118958,-0.002095,-0.001163,-0.029538,300.195190,15.292673,-0.295377,-551.118958,299.999725,0.000000
96.730003,67.487305,-551.252441,-0.002070,-0.001163,-0.029538,300.198517,15.292842,-0.295377,-551.252441,299.999725,0.000000
96.740005,67.484695,-551.118958,-0.002078,-0.001163,-0.029538,300.186920,15.292251,-0.295377,-551.118958,299.999725,0.000000
96.750008,67.498840,-551.207947,-0.002074,-0.001163,-0.029538,300.249847,15.295456,-0.295377,-551.207947,299.999725,0.000000
96.760002,67.498474,-551.118958,-0.002044,-0.001163,-0.029538,300.248199,15.295373,-0.295377,-551.118958,299.999725,0.000000
96.770004,67.491776,-551.163452,-0.002057,-0.001163,-0.029538,300.218414,15.293855,-0.295377,-551.163452,299.999725,0.000000
96.780006,67.492142,-551.207947,-0.002065,-0.001163,-0.029538,300.220032,15.293938,-0.295377,-551.207947,299.999725,0.000000
96.790001,67.489532,-551.163452,-0.002057,-0.001163,-0.029538,300.208435,15.293346,-0.295377,-551.163452,299.999725,0.000000
96.800003,67.491394,-551.163452,-0.002039,-0.001163,-0.029538,300.216705,15.293769,-0.295377,-551.163452,299.999725,0.000000
96.810005,67.486191,-551.163452,-0.002074,-0.001163,-0.029538,300.193573,15.292589,-0.295377,-551.163452,299.999725,0.000000
96.820007,67.494003,-551.118958,-0.002031,-0.001163,-0.029538,300.228333,15.294359,-0.295377,-551.118958,299.999725,0.000000
96.830002,67.497726,-551.252441,-0.002100,-0.001163,-0.029538,300.244873,15.295203,-0.295377,-551.252441,299.999725,0.000000
96.840004,67.501450,-551.118958,-0.002074,-0.001163,-0.029538,300.261444,15.296047,-0.295377,-551.118958,299.999725,0.000000
96.850006,67.492142,-551.207947,-0.002070,-0.001163,-0.029538,300.220032,15.293938,-0.295377,-551.207947,299.999725,0.000000
96.860008,67.496246,-551.118958,-0.002065,-0.001163,-0.029538,300.238312,15.294868,-0.295377,-551.118958,299.999725,0.000000
96.870003,67.504059,-551.074524,-0.002091,-0.001163,-0.029538,300.273041,15.296638,-0.295377,-551.074524,299.999725,0.000000
96.880005,67.496613,-551.207947,-0.002091,-0.001163,-0.029538,300.239929,15.294950,-0.295377,-551.207947,299.999725,0.000000
96.890007,67.492889,-551.074524,-0.002082,-0.001163,-0.029538,300.223358,15.294107,-0.295377,-551.074524,299.999725,0.000000
96.900002,67.493256,-551.252441,-0.002048,-0.001163,-0.029538,300.225006,15.294189,-0.295377,-551.252441,299.999725,0.000000
96.910004,67.490662,-551.163452,-0.002065,-0.001163,-0.029538,300.213470,15.293602,-0.295377,-551.163452,299.999725,0.000000
96.920006,67.497726,-551.118958,-0.002091,-0.001163,-0.029538,300.244873,15.295203,-0.295377,-551.118958,299.999725,0.000000
96.930008,67.489914,-551.296936,-0.002130,-0.001163,-0.029538,300.210144,15.293433,-0.295377,-551.296936,299.999725,0.000000
96.940002,67.487671,-551.163452,-0.002121,-0.001163,-0.029538,300.200165,15.292924,-0.295377,-551.163452,299.999725,0.000000
96.950005,67.491394,-551.252441,-0.002117,-0.001163,-0.029538,300.216705,15.293769,-0.295377,-551.252441,299.999725,0.000000
96.960007,67.492523,-551.207947,-0.002113,-0.001163,-0.029538,300.221741,15.294024,-0.295377,-551.207947,299.999725,0.000000
96.970001,67.497726,-551.118958,-0.002126,-0.001163,-0.029538,300.244873,15.295203,-0.295377,-551.118958,299.999725,0.000000
96.980003,67.490280,-551.207947,-0.002082,-0.001163,-0.029538,300.211761,15.293516,-0.295377,-551.207947,299.999725,0.000000
96.990005,67.498840,-551.118958,-0.002078,-0.001163,-0.029538,300.249847,15.295456,-0.295377,-551.118958,299.999725,0.000000
97.000008,67.490280,-551.207947,-0.002082,-0.001163,-0.029538,300.211761,15.293516,-0.295377,-551.207947,299.999725,0.000000
97.010002,67.491776,-551.163452,-0.002108,-0.001163,-0.029538,300.218414,15.293855,-0.295377,-551.163452,299.999725,0.000000
97.020004,67.486923,-551.163452,-0.002151,-0.001163,-0.029538,300.196838,15.292755,-0.295377,-551.163452,299.999725,0.000000
97.030006,67.489166,-551.207947,-0.002104,-0.001163,-0.029538,300.206818,15.293263,-0.295377,-551.207947,299.999725,0.000000
97.040001,67.499588,-551.163452,-0.002078,-0.001163,-0.029538,300.253174,15.295625,-0.295377,-551.163452,299.999725,0.000000
97.050003,67.484695,-551.207947,-0.002074,-0.001163,-0.029538,300.186920,15.292251,-0.295377,-551.207947,299.999725,0.000000
97.060005,67.487671,-551.207947,-0.002061,-0.001163,-0.029538,300.200165,15.292924,-0.295377,-551.207947,299.999725,0.000000
97.070007,67.486557,-551.163452,-0.002074,-0.001163,-0.029538,300.195190,15.292673,-0.295377,-551.163452,299.999725,0.000000
97.080002,67.485809,-551.252441,-0.002039,-0.001163,-0.029538,300.191864,15.292503,-0.295377,-551.252441,299.999725,0.000000
97.090004,67.490662,-551.118958,-0.002048,-0.001163,-0.029538,300.213470,15.293602,-0.295377,-551.118958,299.999725,0.000000
97.100006,67.493256,-551.207947,-0.002074,-0.001163,-0.029538,300.225006,15.294189,-0.295377,-551.207947,299.999725,0.000000
97.110008,67.502197,-551.163452,-0.002065,-0.001163,-0.029538,300.264771,15.296216,-0.295377,-551.163452,299.999725,0.000000
97.120003,67.498108,-551.163452,-0.002104,-0.001163,-0.029538,300.246582,15.295290,-0.295377,-551.163452,299.999725,0.000000
97.130005,67.484329,-551.207947,-0.002134,-0.001163,-0.029538,300.185303,15.292168,-0.295377,-551.207947,299.999725,0.000000
97.140007,67.491028,-551.074524,-0.002113,-0.001163,-0.029538,300.215088,15.293685,-0.295377,-551.074524,299.999725,0.000000
97.150002,67.488419,-551.207947,-0.002108,-0.001163,-0.029538,300.203491,15.293094,-0.295377,-551.207947,299.999725,0.000000
97.160004,67.480972,-551.207947,-0.002074,-0.001163,-0.029538,300.170349,15.291408,-0.295377,-551.207947,299.999725,0.000000
97.170006,67.488052,-551.163452,-0.002022,-0.001163,-0.029538,300.201843,15.293012,-0.295377,-551.163452,299.999725,0.000000
97.180008,67.494385,-551.252441,-0.002061,-0.001163,-0.029538,300.230011,15.294447,-0.295377,-551.252441,299.999725,0.000000
97.190002,67.492523,-551.118958,-0.002057,-0.001163,-0.029538,300.221741,15.294024,-0.295377,-551.118958,299.999725,0.000000
97.200005,67.482086,-551.207947,-0.002057,-0.001163,-0.029538,300.175323,15.291658,-0.295377,-551.207947,299.999725,0.000000
97.210007,67.489914,-551.163452,-0.002035,-0.001163,-0.029538,300.210144,15.293433,-0.295377,-551.163452,299.999725,0.000000
97.220001,67.491028,-551.163452,-0.002070,-0.001163,-0.029538,300.215088,15.293685,-0.295377,-551.163452,299.999725,0.000000
97.230003,67.491776,-551.341370,-0.002091,-0.001163,-0.029538,300.218414,15.293855,-0.295377,-551.341370,299.999725,0.000000
97.240005,67.482086,-551.118958,-0.002100,-0.001163,-0.029538,300.175323,15.291658,-0.295377,-551.118958,299.999725,0.000000
97.250008,67.485443,-551.207947,-0.002121,-0.001163,-0.029538,300.190247,15.292420,-0.295377,-551.207947,299.999725,0.000000
97.260002,67.488419,-551.207947,-0.002156,-0.001163,-0.029538,300.203491,15.293094,-0.295377,-551.207947,299.999725,0.000000
97.270004,67.482086,-551.118958,-0.002151,-0.001163,-0.029538,300.175323,15.291658,-0.295377,-551.118958,299.999725,0.000000
97.280006,67.479477,-551.252441,-0.002143,-0.001163,-0.029538,300.163696,15.291068,-0.295377,-551.252441,299.999725,0.000000
97.290001,67.488785,-551.118958,-0.002147,-0.001163,-0.029538,300.205109,15.293177,-0.295377,-551.118958,299.999725,0.000000
97.300003,67.495117,-551.252441,-0.002160,-0.001163,-0.029538,300.233276,15.294612,-0.295377,-551.252441,299.999725,0.000000
97.310005,67.486191,-551.207947,-0.002143,-0.001163,-0.029538,300.193573,15.292589,-0.295377,-551.207947,299.999725,0.000000
97.320007,67.488052,-551.118958,-0.002121,-0.001163,-0.029538,300.201843,15.293012,-0.295377,-551.118958,299.999725,0.000000
97.330002,67.491028,-551.163452,-0.002082,-0.001163,-0.029538,300.215088,15.293685,-0.295377,-551.163452,299.999725,0.000000
97.340004,67.482834,-551.118958,-0.002065,-0.001163,-0.029538,300.178650,15.291828,-0.295377,-551.118958,299.999725,0.000000
97.350006,67.489532,-551.252441,-0.002048,-0.001163,-0.029538,300.208435,15.293346,-0.295377,-551.252441,299.999725,0.000000
97.360008,67.494003,-551.163452,-0.002065,-0.001163,-0.029538,300.228333,15.294359,-0.295377,-551.163452,299.999725,0.000000
97.370003,67.485809,-551.163452,-0.002048,-0.001163,-0.029538,300.191864,15.292503,-0.295377,-551.163452,299.999725,0.000000
97.380005,67.488785,-551.296936,-0.002074,-0.001163,-0.029538,300.205109,15.293177,-0.295377,-551.296936,299.999725,0.000000
97.390007,67.487671,-551.118958,-0.002070,-0.001163,-0.029538,300.200165,15.292924,-0.295377,-551.118958,299.999725,0.000000
97.400002,67.489914,-551.163452,-0.002130,-0.001163,-0.029538,300.210144,15.293433,-0.295377,-551.163452,299.999725,0.000000
97.410004,67.479111,-551.163452,-0.002151,-0.001163,-0.029538,300.162079,15.290985,-0.295377,-551.163452,299.999725,0.000000
97.420006,67.477997,-551.118958,-0.002121,-0.001163,-0.029538,300.157135,15.290732,-0.295377,-551.118958,299.999725,0.000000
97.430008,67.482834,-551.207947,-0.002113,-0.001163,-0.029538,300.178650,15.291828,-0.295377,-551.207947,299.999725,0.000000
97.440002,67.489532,-551.118958,-0.002091,-0.001163,-0.029538,300.208435,15.293346,-0.295377,-551.118958,299.999725,0.000000
97.450005,67.490280,-551.296936,-0.002087,-0.001163,-0.029538,300.211761,15.293516,-0.295377,-551.296936,299.999725,0.000000
97.460007,67.495865,-551.118958,-0.002130,-0.001163,-0.029538,300.236603,15.294782,-0.295377,-551.118958,299.999725,0.000000
97.470001,67.491394,-551.118958,-0.002160,-0.001163,-0.029538,300.216705,15.293769,-0.295377,-551.118958,299.999725,0.000000
97.480003,67.489532,-551.252441,-0.002177,-0.001163,-0.029538,300.208435,15.293346,-0.295377,-551.252441,299.999725,0.000000
97.490005,67.491394,-551.163452,-0.002121,-0.001163,-0.029538,300.216705,15.293769,-0.295377,-551.163452,299.999725,0.000000
97.500008,67.492523,-551.252441,-0.002151,-0.001163,-0.029538,300.221741,15.294024,-0.295377,-551.252441,299.999725,0.000000
97.510002,67.493256,-551.207947,-0.002151,-0.001163,-0.029538,300.225006,15.294189,-0.295377,-551.207947,299.999725,0.000000
97.520004,67.483948,-551.074524,-0.002147,-0.001163,-0.029538,300.183594,15.292081,-0.295377,-551.074524,299.999725,0.000000
97.530006,67.487305,-551.252441,-0.002095,-0.001163,-0.029538,300.198517,15.292842,-0.295377,-551.252441,299.999725,0.000000
97.540001,67.492523,-551.163452,-0.002126,-0.001163,-0.029538,300.221741,15.294024,-0.295377,-551.163452,299.999725,0.000000
97.550003,67.478363,-551.252441,-0.002130,-0.001163,-0.029538,300.158752,15.290815,-0.295377,-551.252441,299.999725,0.000000
97.560005,67.480972,-551.207947,-0.002121,-0.001163,-0.029538,300.170349,15.291408,-0.295377,-551.207947,299.999725,0.000000
97.570007,67.489166,-551.163452,-0.002113,-0.001163,-0.029538,300.206818,15.293263,-0.295377,-551.163452,299.999725,0.000000
97.580002,67.483582,-551.207947,-0.002074,-0.001163,-0.029538,300.181976,15.291998,-0.295377,-551.207947,299.999725,0.000000
97.590004,67.491028,-551.118958,-0.002074,-0.001163,-0.029538,300.215088,15.293685,-0.295377,-551.118958,299.999725,0.000000
97.600006,67.490662,-551.252441,-0.002057,-0.001163,-0.029538,300.213470,15.293602,-0.295377,-551.252441,299.999725,0.000000
97.610008,67.484329,-551.207947,-0.002052,-0.001163,-0.029538,300.185303,15.292168,-0.295377,-551.207947,299.999725,0.000000
97.620003,67.489914,-551.163452,-0.002057,-0.001163,-0.029538,300.210144,15.293433,-0.295377,-551.163452,299.999725,0.000000
97.630005,67.500702,-551.296936,-0.002061,-0.001163,-0.029538,300.258118,15.295877,-0.295377,-551.296936,299.999725,0.000000
97.640007,67.496246,-551.207947,-0.002044,-0.001163,-0.029538,300.238312,15.294868,-0.295377,-551.207947,299.999725,0.000000
97.650002,67.489914,-551.252441,-0.002078,-0.001163,-0.029538,300.210144,15.293433,-0.295377,-551.252441,299.999725,0.000000
97.660004,67.481339,-551.207947,-0.002061,-0.001163,-0.029538,300.171997,15.291490,-0.295377,-551.207947,299.999725,0.000000
97.670006,67.486191,-551.118958,-0.002035,-0.001163,-0.029538,300.193573,15.292589,-0.295377,-551.118958,299.999725,0.000000
97.680008,67.489914,-551.207947,-0.002113,-0.001163,-0.029538,300.210144,15.293433,-0.295377,-551.207947,299.999725,0.000000
97.690002,67.489166,-551.163452,-0.002113,-0.001163,-0.029538,300.206818,15.293263,-0.295377,-551.163452,299.999725,0.000000
97.700005,67.493256,-551.252441,-0.002164,-0.001163,-0.029538,300.225006,15.294189,-0.295377,-551.252441,299.999725,0.000000
97.710007,67.491028,-551.163452,-0.002186,-0.001163,-0.029538,300.215088,15.293685,-0.295377,-551.163452,299.999725,0.000000
97.720001,67.476135,-551.207947,-0.002130,-0.001163,-0.029538,300.148834,15.290311,-0.295377,-551.207947,299.999725,0.000000
97.730003,67.485443,-551.252441,-0.002082,-0.001163,-0.029538,300.190247,15.292420,-0.295377,-551.252441,299.999725,0.000000
97.740005,67.495499,-551.163452,-0.002130,-0.001163,-0.029538,300.234985,15.294698,-0.295377,-551.163452,299.999725,0.000000
97.750008,67.488785,-551.252441,-0.002151,-0.001163,-0.029538,300.205109,15.293177,-0.295377,-551.252441,299.999725,0.000000
97.760002,67.488785,-551.207947,-0.002139,-0.001163,-0.029538,300.205109,15.293177,-0.295377,-551.207947,299.999725,0.000000
97.770004,67.483948,-551.163452,-0.002082,-0.001163,-0.029538,300.183594,15.292081,-0.295377,-551.163452,299.999725,0.000000
97.780006,67.477997,-551.252441,-0.002061,-0.001163,-0.029538,300.157135,15.290732,-0.295377,-551.252441,299.999725,0.000000
97.790001,67.487305,-551.118958,-0.002039,-0.001163,-0.029538,300.198517,15.292842,-0.295377,-551.118958,299.999725,0.000000
97.800003,67.489166,-551.252441,-0.002039,-0.001163,-0.029538,300.206818,15.293263,-0.295377,-551.252441,299.999725,0.000000
97.810005,67.492889,-551.207947,-0.002052,-0.001163,-0.029538,300.223358,15.294107,-0.295377,-551.207947,299.999725,0.000000
97.820007,67.482086,-551.163452,-0.002065,-0.001163,-0.029538,300.175323,15.291658,-0.295377,-551.163452,299.999725,0.000000
97.830002,67.483948,-551.252441,-0.002074,-0.001163,-0.029538,300.183594,15.292081,-0.295377,-551.252441,299.999725,0.000000
97.840004,67.488785,-551.207947,-0.002031,-0.001163,-0.029538,300.205109,15.293177,-0.295377,-551.207947,299.999725,0.000000
97.850006,67.487671,-551.207947,-0.002070,-0.001163,-0.029538,300.200165,15.292924,-0.295377,-551.207947,299.999725,0.000000
97.860008,67.483582,-551.207947,-0.002082,-0.001163,-0.029538,300.181976,15.291998,-0.295377,-551.207947,299.999725,0.000000
97.870003,67.489532,-551.163452,-0.002039,-0.001163,-0.029538,300.208435,15.293346,-0.295377,-551.163452,299.999725,0.000000
97.880005,67.482468,-551.252441,-0.002048,-0.001163,-0.029538,300.177002,15.291746,-0.295377,-551.252441,299.999725,0.000000
97.890007,67.488419,-551.163452,-0.002070,-0.001163,-0.029538,300.203491,15.293094,-0.295377,-551.163452,299.999725,0.000000
97.900002,67.492523,-551.252441,-0.002065,-0.001163,-0.029538,300.221741,15.294024,-0.295377,-551.252441,299.999725,0.000000
97.910004,67.483948,-551.207947,-0.002039,-0.001163,-0.029538,300.183594,15.292081,-0.295377,-551.207947,299.999725,0.000000
97.920006,67.481339,-551.163452,-0.002026,-0.001163,-0.029538,300.171997,15.291490,-0.295377,-551.163452,299.999725,0.000000
97.930008,67.479477,-551.252441,-0.002082,-0.001163,-0.029538,300.163696,15.291068,-0.295377,-551.252441,299.999725,0.000000
97.940002,67.494003,-551.118958,-0.002057,-0.001163,-0.029538,300.228333,15.294359,-0.295377,-551.118958,299.999725,0.000000
97.950005,67.485062,-551.207947,-0.002048,-0.001163,-0.029538,300.188538,15.292334,-0.295377,-551.207947,299.999725,0.000000
97.960007,67.483948,-551.207947,-0.002039,-0.001163,-0.029538,300.183594,15.292081,-0.295377,-551.207947,299.999725,0.000000
97.970001,67.487305,-551.207947,-0.002048,-0.001163,-0.029538,300.198517,15.292842,-0.295377,-551.207947,299.999725,0.000000
97.980003,67.483948,-551.341370,-0.002035,-0.001163,-0.029538,300.183594,15.292081,-0.295377,-551.341370,299.999725,0.000000
97.990005,67.488052,-551.118958,-0.002070,-0.001163,-0.029538,300.201843,15.293012,-0.295377,-551.118958,299.999725,0.000000
98.000008,67.489532,-551.207947,-0.002009,-0.001163,-0.029538,300.208435,15.293346,-0.295377,-551.207947,299.999725,0.000000
98.010002,67.495117,-551.207947,-0.002061,-0.001163,-0.029538,300.233276,15.294612,-0.295377,-551.207947,299.999725,0.000000
98.020004,67.499588,-551.163452,-0.002061,-0.001163,-0.029538,300.253174,15.295625,-0.295377,-551.163452,299.999725,0.000000
98.030006,67.491776,-551.252441,-0.002057,-0.001163,-0.029538,300.218414,15.293855,-0.295377,-551.252441,299.999725,0.000000
98.040001,67.485809,-551.163452,-0.002065,-0.001163,-0.029538,300.191864,15.292503,-0.295377,-551.163452,299.999725,0.000000
98.050003,67.477997,-551.296936,-0.002052,-0.001163,-0.029538,300.157135,15.290732,-0.295377,-551.296936,299.999725,0.000000
98.060005,67.475754,-551.207947,-0.002087,-0.001163,-0.029538,300.147156,15.290224,-0.295377,-551.207947,299.999725,0.000000
98.070007,67.488052,-551.207947,-0.002091,-0.001163,-0.029538,300.201843,15.293012,-0.295377,-551.207947,299.999725,0.000000
98.080002,67.486191,-551.252441,-0.002104,-0.001163,-0.029538,300.193573,15.292589,-0.295377,-551.252441,299.999725,0.000000
98.090004,67.490280,-551.163452,-0.002078,-0.001163,-0.029538,300.211761,15.293516,-0.295377,-551.163452,299.999725,0.000000
98.100006,67.481339,-551.296936,-0.002070,-0.001163,-0.029538,300.171997,15.291490,-0.295377,-551.296936,299.999725,0.000000
98.110008,67.484695,-551.252441,-0.002070,-0.001163,-0.029538,300.186920,15.292251,-0.295377,-551.252441,299.999725,0.000000
98.120003,67.499969,-551.118958,-0.002070,-0.001163,-0.029538,300.254852,15.295712,-0.295377,-551.118958,299.999725,0.000000
98.130005,67.485062,-551.296936,-0.002070,-0.001163,-0.029538,300.188538,15.292334,-0.295377,-551.296936,299.999725,0.000000
98.140007,67.492142,-551.163452,-0.002087,-0.001163,-0.029538,300.220032,15.293938,-0.295377,-551.163452,299.999725,0.000000
98.150002,67.487671,-551.252441,-0.002070,-0.001163,-0.029538,300.200165,15.292924,-0.295377,-551.252441,299.999725,0.000000
98.160004,67.486557,-551.252441,-0.002117,-0.001163,-0.029538,300.195190,15.292673,-0.295377,-551.252441,299.999725,0.000000
98.170006,67.482086,-551.207947,-0.002117,-0.001163,-0.029538,300.175323,15.291658,-0.295377,-551.207947,299.999725,0.000000
98.180008,67.480225,-551.296936,-0.002151,-0.001163,-0.029538,300.167023,15.291238,-0.295377,-551.296936,299.999725,0.000000
98.190002,67.491776,-551.207947,-0.002151,-0.001163,-0.029538,300.218414,15.293855,-0.295377,-551.207947,299.999725,0.000000
98.200005,67.488785,-551.252441,-0.002143,-0.001163,-0.029538,300.205109,15.293177,-0.295377,-551.252441,299.999725,0.000000
98.210007,67.485809,-551.207947,-0.002139,-0.001163,-0.029538,300.191864,15.292503,-0.295377,-551.207947,299.999725,0.000000
98.220001,67.488785,-551.118958,-0.002151,-0.001163,-0.029538,300.205109,15.293177,-0.295377,-551.118958,299.999725,0.000000
98.230003,67.481339,-551.252441,-0.002139,-0.001163,-0.029538,300.171997,15.291490,-0.295377,-551.252441,299.999725,0.000000
98.240005,67.481339,-551.163452,-0.002134,-0.001163,-0.029538,300.171997,15.291490,-0.295377,-551.163452,299.999725,0.000000
98.250008,67.488419,-551.296936,-0.002117,-0.001163,-0.029538,300.203491,15.293094,-0.295377,-551.296936,299.999725,0.000000
98.260002,67.485062,-551.163452,-0.002160,-0.001163,-0.029538,300.188538,15.292334,-0.295377,-551.163452,299.999725,0.000000
98.270004,67.491776,-551.207947,-0.002100,-0.001163,-0.029538,300.218414,15.293855,-0.295377,-551.207947,299.999725,0.000000
98.280006,67.485443,-551.296936,-0.002134,-0.001163,-0.029538,300.190247,15.292420,-0.295377,-551.296936,299.999725,0.000000
98.290001,67.485443,-551.163452,-0.002061,-0.001163,-0.029538,300.190247,15.292420,-0.295377,-551.163452,299.999725,0.000000
98.300003,67.492889,-551.252441,-0.002052,-0.001163,-0.029538,300.223358,15.294107,-0.295377,-551.252441,299.999725,0.000000
98.310005,67.487305,-551.207947,-0.002061,-0.001163,-0.029538,300.198517,15.292842,-0.295377,-551.207947,299.999725,0.000000
98.320007,67.493256,-551.163452,-0.002065,-0.001163,-0.029538,300.225006,15.294189,-0.295377,-551.163452,299.999725,0.000000
98.330002,67.487671,-551.296936,-0.002039,-0.001163,-0.029538,300.200165,15.292924,-0.295377,-551.296936,299.999725,0.000000
98.340004,67.482834,-551.118958,-0.002044,-0.001163,-0.029538,300.178650,15.291828,-0.295377,-551.118958,299.999725,0.000000
98.350006,67.485062,-551.252441,-0.002091,-0.001163,-0.029538,300.188538,15.292334,-0.295377,-551.252441,299.999725,0.000000
98.360008,67.488052,-551.207947,-0.002108,-0.001163,-0.029538,300.201843,15.293012,-0.295377,-551.207947,299.999725,0.000000
98.370003,67.483582,-551.207947,-0.002139,-0.001163,-0.029538,300.181976,15.291998,-0.295377,-551.207947,299.999725,0.000000
98.380005,67.475754,-551.341370,-0.002143,-0.001163,-0.029538,300.147156,15.290224,-0.295377,-551.341370,299.999725,0.000000
98.390007,67.471298,-551.207947,-0.002164,-0.001163,-0.029538,300.127319,15.289215,-0.295377,-551.207947,299.999725,0.000000
98.400002,67.477615,-551.296936,-0.002160,-0.001163,-0.029538,300.155426,15.290647,-0.295377,-551.296936,299.999725,0.000000
98.410004,67.480972,-551.207947,-0.002160,-0.001163,-0.029538,300.170349,15.291408,-0.295377,-551.207947,299.999725,0.000000
98.420006,67.499222,-551.163452,-0.002121,-0.001163,-0.029538,300.251526,15.295543,-0.295377,-551.163452,299.999725,0.000000
98.430008,67.485809,-551.296936,-0.002091,-0.001163,-0.029538,300.191864,15.292503,-0.295377,-551.296936,299.999725,0.000000
98.440002,67.481720,-551.163452,-0.002121,-0.001163,-0.029538,300.173676,15.291576,-0.295377,-551.163452,299.999725,0.000000
98.450005,67.486923,-551.252441,-0.002108,-0.001163,-0.029538,300.196838,15.292755,-0.295377,-551.252441,299.999725,0.000000
98.460007,67.477615,-551.296936,-0.002147,-0.001163,-0.029538,300.155426,15.290647,-0.295377,-551.296936,299.999725,0.000000
98.470001,67.485443,-551.163452,-0.002126,-0.001163,-0.029538,300.190247,15.292420,-0.295377,-551.163452,299.999725,0.000000
98.480003,67.485062,-551.296936,-0.002117,-0.001163,-0.029538,300.188538,15.292334,-0.295377,-551.296936,299.999725,0.000000
98.490005,67.479858,-551.207947,-0.002087,-0.001163,-0.029538,300.165405,15.291155,-0.295377,-551.207947,299.999725,0.000000
98.500008,67.481720,-551.341370,-0.002039,-0.001163,-0.029538,300.173676,15.291576,-0.295377,-551.341370,299.999725,0.000000
98.510002,67.482086,-551.296936,-0.002065,-0.001163,-0.029538,300.175323,15.291658,-0.295377,-551.296936,299.999725,0.000000
98.520004,67.482834,-551.118958,-0.002035,-0.001163,-0.029538,300.178650,15.291828,-0.295377,-551.118958,299.999725,0.000000
98.530006,67.478363,-551.296936,-0.002057,-0.001163,-0.029538,300.158752,15.290815,-0.295377,-551.296936,299.999725,0.000000
98.540001,67.480972,-551.207947,-0.002113,-0.001163,-0.029538,300.170349,15.291408,-0.295377,-551.207947,299.999725,0.000000
98.550003,67.481339,-551.252441,-0.002151,-0.001163,-0.029538,300.171997,15.291490,-0.295377,-551.252441,299.999725,0.000000
98.560005,67.494385,-551.296936,-0.002164,-0.001163,-0.029538,300.230011,15.294447,-0.295377,-551.296936,299.999725,0.000000
98.570007,67.491776,-551.207947,-0.002143,-0.001163,-0.029538,300.218414,15.293855,-0.295377,-551.207947,299.999725,0.000000
98.580002,67.483582,-551.296936,-0.002126,-0.001163,-0.029538,300.181976,15.291998,-0.295377,-551.296936,299.999725,0.000000
98.590004,67.485443,-551.207947,-0.002104,-0.001163,-0.029538,300.190247,15.292420,-0.295377,-551.207947,299.999725,0.000000
98.600006,67.489166,-551.296936,-0.002113,-0.001163,-0.029538,300.206818,15.293263,-0.295377,-551.296936,299.999725,0.000000
98.610008,67.484329,-551.163452,-0.002061,-0.001163,-0.029538,300.185303,15.292168,-0.295377,-551.163452,299.999725,0.000000
98.620003,67.492523,-551.207947,-0.002044,-0.001163,-0.029538,300.221741,15.294024,-0.295377,-551.207947,299.999725,0.000000
98.630005,67.490662,-551.296936,-0.002022,-0.001163,-0.029538,300.213470,15.293602,-0.295377,-551.296936,299.999725,0.000000
98.640007,67.489532,-551.252441,-0.002048,-0.001163,-0.029538,300.208435,15.293346,-0.295377,-551.252441,299.999725,0.000000
98.650002,67.489166,-551.296936,-0.002026,-0.001163,-0.029538,300.206818,15.293263,-0.295377,-551.296936,299.999725,0.000000
98.660004,67.485062,-551.207947,-0.002074,-0.001163,-0.029538,300.188538,15.292334,-0.295377,-551.207947,299.999725,0.000000
98.670006,67.482086,-551.207947,-0.002095,-0.001163,-0.029538,300.175323,15.291658,-0.295377,-551.207947,299.999725,0.000000
98.680008,67.474274,-551.252441,-0.002104,-0.001163,-0.029538,300.140564,15.289889,-0.295377,-551.252441,299.999725,0.000000
98.690002,67.495117,-551.163452,-0.002160,-0.001163,-0.029538,300.233276,15.294612,-0.295377,-551.163452,299.999725,0.000000
98.700005,67.487305,-551.252441,-0.002126,-0.001163,-0.029538,300.198517,15.292842,-0.295377,-551.252441,299.999725,0.000000
98.710007,67.491394,-551.296936,-0.002117,-0.001163,-0.029538,300.216705,15.293769,-0.295377,-551.296936,299.999725,0.000000
98.720001,67.483582,-551.207947,-0.002143,-0.001163,-0.029538,300.181976,15.291998,-0.295377,-551.207947,299.999725,0.000000
98.730003,67.479111,-551.296936,-0.002164,-0.001163,-0.029538,300.162079,15.290985,-0.295377,-551.296936,299.999725,0.000000
98.740005,67.476883,-551.252441,-0.002151,-0.001163,-0.029538,300.152161,15.290481,-0.295377,-551.252441,299.999725,0.000000
98.750008,67.480225,-551.296936,-0.002147,-0.001163,-0.029538,300.167023,15.291238,-0.295377,-551.296936,299.999725,0.000000
98.760002,67.489532,-551.207947,-0.002147,-0.001163,-0.029538,300.208435,15.293346,-0.295377,-551.207947,299.999725,0.000000
98.770004,67.487671,-551.207947,-0.002130,-0.001163,-0.029538,300.200165,15.292924,-0.295377,-551.207947,299.999725,0.000000
98.780006,67.488052,-551.296936,-0.002160,-0.001163,-0.029538,300.201843,15.293012,-0.295377,-551.296936,299.999725,0.000000
98.790001,67.492889,-551.207947,-0.002164,-0.001163,-0.029538,300.223358,15.294107,-0.295377,-551.207947,299.999725,0.000000
98.800003,67.476883,-551.296936,-0.002130,-0.001163,-0.029538,300.152161,15.290481,-0.295377,-551.296936,299.999725,0.000000
98.810005,67.484329,-551.207947,-0.002139,-0.001163,-0.029538,300.185303,15.292168,-0.295377,-551.207947,299.999725,0.000000
98.820007,67.476883,-551.252441,-0.002156,-0.001163,-0.029538,300.152161,15.290481,-0.295377,-551.252441,299.999725,0.000000
98.830002,67.478745,-551.296936,-0.002139,-0.001163,-0.029538,300.160461,15.290902,-0.295377,-551.296936,299.999725,0.000000
98.840004,67.488419,-551.163452,-0.002147,-0.001163,-0.029538,300.203491,15.293094,-0.295377,-551.163452,299.999725,0.000000
98.850006,67.486191,-551.207947,-0.002121,-0.001163,-0.029538,300.193573,15.292589,-0.295377,-551.207947,299.999725,0.000000
98.860008,67.480606,-551.296936,-0.002061,-0.001163,-0.029538,300.168732,15.291324,-0.295377,-551.296936,299.999725,0.000000
98.870003,67.492889,-551.163452,-0.002074,-0.001163,-0.029538,300.223358,15.294107,-0.295377,-551.163452,299.999725,0.000000
98.880005,67.492889,-551.296936,-0.002095,-0.001163,-0.029538,300.223358,15.294107,-0.295377,-551.296936,299.999725,0.000000
98.890007,67.484329,-551.163452,-0.002121,-0.001163,-0.029538,300.185303,15.292168,-0.295377,-551.163452,299.999725,0.000000
98.900002,67.483948,-551.341370,-0.002147,-0.001163,-0.029538,300.183594,15.292081,-0.295377,-551.341370,299.999725,0.000000
98.910004,67.484695,-551.296936,-0.002134,-0.001163,-0.029538,300.186920,15.292251,-0.295377,-551.296936,299.999725,0.000000
98.920006,67.482086,-551.207947,-0.002078,-0.001163,-0.029538,300.175323,15.291658,-0.295377,-551.207947,299.999725,0.000000
98.930008,67.485062,-551.296936,-0.002061,-0.001163,-0.029538,300.188538,15.292334,-0.295377,-551.296936,299.999725,0.000000
98.940002,67.481720,-551.163452,-0.002078,-0.001163,-0.029538,300.173676,15.291576,-0.295377,-551.163452,299.999725,0.000000
98.950005,67.482468,-551.296936,-0.002091,-0.001163,-0.029538,300.177002,15.291746,-0.295377,-551.296936,299.999725,0.000000
98.960007,67.475754,-551.252441,-0.002095,-0.001163,-0.029538,300.147156,15.290224,-0.295377,-551.252441,299.999725,0.000000
98.970001,67.485443,-551.207947,-0.002048,-0.001163,-0.029538,300.190247,15.292420,-0.295377,-551.207947,299.999725,0.000000
98.980003,67.482834,-551.296936,-0.002031,-0.001163,-0.029538,300.178650,15.291828,-0.295377,-551.296936,299.999725,0.000000
98.990005,67.478745,-551.118958,-0.002087,-0.001163,-0.029538,300.160461,15.290902,-0.295377,-551.118958,299.999725,0.000000
99.000008,67.480225,-551.252441,-0.002095,-0.001163,-0.029538,300.167023,15.291238,-0.295377,-551.252441,299.999725,0.000000
99.010002,67.483948,-551.207947,-0.002048,-0.001163,-0.029538,300.183594,15.292081,-0.295377,-551.207947,299.999725,0.000000
99.020004,67.477615,-551.207947,-0.002057,-0.001163,-0.029538,300.155426,15.290647,-0.295377,-551.207947,299.999725,0.000000
99.030006,67.475021,-551.296936,-0.002121,-0.001163,-0.029538,300.143890,15.290058,-0.295377,-551.296936,299.999725,0.000000
99.040001,67.479858,-551.207947,-0.002160,-0.001163,-0.029538,300.165405,15.291155,-0.295377,-551.207947,299.999725,0.000000
99.050003,67.485062,-551.296936,-0.002160,-0.001163,-0.029538,300.188538,15.292334,-0.295377,-551.296936,299.999725,0.000000
99.060005,67.491776,-551.207947,-0.002130,-0.001163,-0.029538,300.218414,15.293855,-0.295377,-551.207947,299.999725,0.000000
99.070007,67.476135,-551.207947,-0.002121,-0.001163,-0.029538,300.148834,15.290311,-0.295377,-551.207947,299.999725,0.000000
99.080002,67.469421,-551.341370,-0.002139,-0.001163,-0.029538,300.118988,15.288789,-0.295377,-551.341370,299.999725,0.000000
99.090004,67.479477,-551.118958,-0.002156,-0.001163,-0.029538,300.163696,15.291068,-0.295377,-551.118958,299.999725,0.000000
99.100006,67.483948,-551.252441,-0.002117,-0.001163,-0.029538,300.183594,15.292081,-0.295377,-551.252441,299.999725,0.000000
99.110008,67.486191,-551.252441,-0.002126,-0.001163,-0.029538,300.193573,15.292589,-0.295377,-551.252441,299.999725,0.000000
99.120003,67.484329,-551.207947,-0.002126,-0.001163,-0.029538,300.185303,15.292168,-0.295377,-551.207947,299.999725,0.000000
99.130005,67.480606,-551.341370,-0.002035,-0.001163,-0.029538,300.168732,15.291324,-0.295377,-551.341370,299.999725,0.000000
99.140007,67.472031,-551.163452,-0.002018,-0.001163,-0.029538,300.130585,15.289381,-0.295377,-551.163452,299.999725,0.000000
99.150002,67.473526,-551.296936,-0.002052,-0.001163,-0.029538,300.137238,15.289720,-0.295377,-551.296936,299.999725,0.000000
99.160004,67.477249,-551.207947,-0.002048,-0.001163,-0.029538,300.153809,15.290563,-0.295377,-551.207947,299.999725,0.000000
99.170006,67.491776,-551.207947,-0.002026,-0.001163,-0.029538,300.218414,15.293855,-0.295377,-551.207947,299.999725,0.000000
99.180008,67.480606,-551.296936,-0.002057,-0.001163,-0.029538,300.168732,15.291324,-0.295377,-551.296936,299.999725,0.000000
99.190002,67.480972,-551.163452,-0.002091,-0.001163,-0.029538,300.170349,15.291408,-0.295377,-551.163452,299.999725,0.000000
99.200005,67.475754,-551.252441,-0.002104,-0.001163,-0.029538,300.147156,15.290224,-0.295377,-551.252441,299.999725,0.000000
99.210007,67.477997,-551.252441,-0.002100,-0.001163,-0.029538,300.157135,15.290732,-0.295377,-551.252441,299.999725,0.000000
99.220001,67.483582,-551.252441,-0.002134,-0.001163,-0.029538,300.181976,15.291998,-0.295377,-551.252441,299.999725,0.000000
99.230003,67.488785,-551.341370,-0.002117,-0.001163,-0.029538,300.205109,15.293177,-0.295377,-551.341370,299.999725,0.000000
99.240005,67.487305,-551.296936,-0.002087,-0.001163,-0.029538,300.198517,15.292842,-0.295377,-551.296936,299.999725,0.000000
99.250008,67.480225,-551.296936,-0.002065,-0.001163,-0.029538,300.167023,15.291238,-0.295377,-551.296936,299.999725,0.000000
99.260002,67.472778,-551.252441,-0.002121,-0.001163,-0.029538,300.133911,15.289550,-0.295377,-551.252441,299.999725,0.000000
99.270004,67.466446,-551.252441,-0.002117,-0.001163,-0.029538,300.105743,15.288116,-0.295377,-551.252441,299.999725,0.000000
99.280006,67.478363,-551.296936,-0.002164,-0.001163,-0.029538,300.158752,15.290815,-0.295377,-551.296936,299.999725,0.000000
99.290001,67.480225,-551.207947,-0.002147,-0.001163,-0.029538,300.167023,15.291238,-0.295377,-551.207947,299.999725,0.000000
99.300003,67.475388,-551.296936,-0.002151,-0.001163,-0.029538,300.145508,15.290142,-0.295377,-551.296936,299.999725,0.000000
99.310005,67.467941,-551.207947,-0.002104,-0.001163,-0.029538,300.112396,15.288454,-0.295377,-551.207947,299.999725,0.000000
99.320007,67.480972,-551.252441,-0.002091,-0.001163,-0.029538,300.170349,15.291408,-0.295377,-551.252441,299.999725,0.000000
99.330002,67.483582,-551.341370,-0.002065,-0.001163,-0.029538,300.181976,15.291998,-0.295377,-551.341370,299.999725,0.000000
99.340004,67.478745,-551.252441,-0.002057,-0.001163,-0.029538,300.160461,15.290902,-0.295377,-551.252441,299.999725,0.000000
99.350006,67.475754,-551.296936,-0.002057,-0.001163,-0.029538,300.147156,15.290224,-0.295377,-551.296936,299.999725,0.000000
99.360008,67.476135,-551.252441,-0.002082,-0.001163,-0.029538,300.148834,15.290311,-0.295377,-551.252441,299.999725,0.000000
99.370003,67.476135,-551.207947,-0.002057,-0.001163,-0.029538,300.148834,15.290311,-0.295377,-551.207947,299.999725,0.000000
99.380005,67.482834,-551.341370,-0.002078,-0.001163,-0.029538,300.178650,15.291828,-0.295377,-551.341370,299.999725,0.000000
99.390007,67.483200,-551.207947,-0.002074,-0.001163,-0.029538,300.180267,15.291911,-0.295377,-551.207947,299.999725,0.000000
99.400002,67.479477,-551.296936,-0.002074,-0.001163,-0.029538,300.163696,15.291068,-0.295377,-551.296936,299.999725,0.000000
99.410004,67.471664,-551.296936,-0.002057,-0.001163,-0.029538,300.128967,15.289297,-0.295377,-551.296936,299.999725,0.000000
99.420006,67.474274,-551.207947,-0.002065,-0.001163,-0.029538,300.140564,15.289889,-0.295377,-551.207947,299.999725,0.000000
99.430008,67.478363,-551.296936,-0.002022,-0.001163,-0.029538,300.158752,15.290815,-0.295377,-551.296936,299.999725,0.000000
99.440002,67.472412,-551.252441,-0.002065,-0.001163,-0.029538,300.132294,15.289467,-0.295377,-551.252441,299.999725,0.000000
99.450005,67.482468,-551.296936,-0.002039,-0.001163,-0.029538,300.177002,15.291746,-0.295377,-551.296936,299.999725,0.000000
99.460007,67.482834,-551.296936,-0.002070,-0.001163,-0.029538,300.178650,15.291828,-0.295377,-551.296936,299.999725,0.000000
99.470001,67.490662,-551.252441,-0.002091,-0.001163,-0.029538,300.213470,15.293602,-0.295377,-551.252441,299.999725,0.000000
99.480003,67.478363,-551.341370,-0.002048,-0.001163,-0.029538,300.158752,15.290815,-0.295377,-551.341370,299.999725,0.000000
99.490005,67.478745,-551.207947,-0.002095,-0.001163,-0.029538,300.160461,15.290902,-0.295377,-551.207947,299.999725,0.000000
99.500008,67.476135,-551.252441,-0.002052,-0.001163,-0.029538,300.148834,15.290311,-0.295377,-551.252441,299.999725,0.000000
99.510002,67.470917,-551.207947,-0.002052,-0.001163,-0.029538,300.125641,15.289128,-0.295377,-551.207947,299.999725,0.000000
99.520004,67.475388,-551.207947,-0.002082,-0.001163,-0.029538,300.145508,15.290142,-0.295377,-551.207947,299.999725,0.000000
99.530006,67.489166,-551.296936,-0.002074,-0.001163,-0.029538,300.206818,15.293263,-0.295377,-551.296936,299.999725,0.000000
99.540001,67.496246,-551.163452,-0.002057,-0.001163,-0.029538,300.238312,15.294868,-0.295377,-551.163452,299.999725,0.000000
99.550003,67.477997,-551.252441,-0.002022,-0.001163,-0.029538,300.157135,15.290732,-0.295377,-551.252441,299.999725,0.000000
99.560005,67.480225,-551.207947,-0.002048,-0.001163,-0.029538,300.167023,15.291238,-0.295377,-551.207947,299.999725,0.000000
99.570007,67.482086,-551.207947,-0.002070,-0.001163,-0.029538,300.175323,15.291658,-0.295377,-551.207947,299.999725,0.000000
99.580002,67.476883,-551.296936,-0.002065,-0.001163,-0.029538,300.152161,15.290481,-0.295377,-551.296936,299.999725,0.000000
99.590004,67.487305,-551.207947,-0.002065,-0.001163,-0.029538,300.198517,15.292842,-0.295377,-551.207947,299.999725,0.000000
99.600006,67.477997,-551.296936,-0.002065,-0.001163,-0.029538,300.157135,15.290732,-0.295377,-551.296936,299.999725,0.000000
99.610008,67.471664,-551.252441,-0.002126,-0.001163,-0.029538,300.128967,15.289297,-0.295377,-551.252441,299.999725,0.000000
99.620003,67.476883,-551.207947,-0.002160,-0.001163,-0.029538,300.152161,15.290481,-0.295377,-551.207947,299.999725,0.000000
99.630005,67.477249,-551.341370,-0.002169,-0.001163,-0.029538,300.153809,15.290563,-0.295377,-551.341370,299.999725,0.000000
99.640007,67.481720,-551.252441,-0.002156,-0.001163,-0.029538,300.173676,15.291576,-0.295377,-551.252441,299.999725,0.000000
99.650002,67.482468,-551.341370,-0.002169,-0.001163,-0.029538,300.177002,15.291746,-0.295377,-551.341370,299.999725,0.000000
99.660004,67.477997,-551.296936,-0.002143,-0.001163,-0.029538,300.157135,15.290732,-0.295377,-551.296936,299.999725,0.000000
99.670006,67.485809,-551.207947,-0.002164,-0.001163,-0.029538,300.191864,15.292503,-0.295377,-551.207947,299.999725,0.000000
99.680008,67.477249,-551.341370,-0.002160,-0.001163,-0.029538,300.153809,15.290563,-0.295377,-551.341370,299.999725,0.000000
99.690002,67.483200,-551.207947,-0.002177,-0.001163,-0.029538,300.180267,15.291911,-0.295377,-551.207947,299.999725,0.000000
99.700005,67.474274,-551.296936,-0.002130,-0.001163,-0.029538,300.140564,15.289889,-0.295377,-551.296936,299.999725,0.000000
99.710007,67.470551,-551.296936,-0.002169,-0.001163,-0.029538,300.123993,15.289045,-0.295377,-551.296936,299.999725,0.000000
99.720001,67.485062,-551.252441,-0.002195,-0.001163,-0.029538,300.188538,15.292334,-0.295377,-551.252441,299.999725,0.000000
99.730003,67.475388,-551.341370,-0.002147,-0.001163,-0.029538,300.145508,15.290142,-0.295377,-551.341370,299.999725,0.000000
99.740005,67.479477,-551.207947,-0.002139,-0.001163,-0.029538,300.163696,15.291068,-0.295377,-551.207947,299.999725,0.000000
99.750008,67.473160,-551.341370,-0.002147,-0.001163,-0.029538,300.135590,15.289637,-0.295377,-551.341370,299.999725,0.000000
99.760002,67.474640,-551.252441,-0.002121,-0.001163,-0.029538,300.142181,15.289972,-0.295377,-551.252441,299.999725,0.000000
99.770004,67.475754,-551.296936,-0.002139,-0.001163,-0.029538,300.147156,15.290224,-0.295377,-551.296936,299.999725,0.000000
99.780006,67.483948,-551.341370,-0.002074,-0.001163,-0.029538,300.183594,15.292081,-0.295377,-551.341370,299.999725,0.000000
99.790009,67.480606,-551.207947,-0.002039,-0.001163,-0.029538,300.168732,15.291324,-0.295377,-551.207947,299.999725,0.000000
99.800003,67.475754,-551.296936,-0.002057,-0.001163,-0.029538,300.147156,15.290224,-0.295377,-551.296936,299.999725,0.000000
99.810005,67.465698,-551.252441,-0.002057,-0.001163,-0.029538,300.102417,15.287946,-0.295377,-551.252441,299.999725,0.000000
99.820007,67.477615,-551.207947,-0.002035,-0.001163,-0.029538,300.155426,15.290647,-0.295377,-551.207947,299.999725,0.000000
99.830002,67.483948,-551.296936,-0.002061,-0.001163,-0.029538,300.183594,15.292081,-0.295377,-551.296936,299.999725,0.000000
99.840004,67.484329,-551.207947,-0.002126,-0.001163,-0.029538,300.185303,15.292168,-0.295377,-551.207947,299.999725,0.000000
99.850006,67.479111,-551.296936,-0.002130,-0.001163,-0.029538,300.162079,15.290985,-0.295377,-551.296936,299.999725,0.000000
99.860008,67.476135,-551.207947,-0.002139,-0.001163,-0.029538,300.148834,15.290311,-0.295377,-551.207947,299.999725,0.000000
99.870003,67.475021,-551.207947,-0.002177,-0.001163,-0.029538,300.143890,15.290058,-0.295377,-551.207947,299.999725,0.000000
99.880005,67.468307,-551.341370,-0.002134,-0.001163,-0.029538,300.114014,15.288537,-0.295377,-551.341370,299.999725,0.000000
99.890007,67.479477,-551.207947,-0.002100,-0.001163,-0.029538,300.163696,15.291068,-0.295377,-551.207947,299.999725,0.000000
99.900002,67.472412,-551.296936,-0.002126,-0.001163,-0.029538,300.132294,15.289467,-0.295377,-551.296936,299.999725,0.000000
99.910004,67.476501,-551.252441,-0.002108,-0.001163,-0.029538,300.150482,15.290394,-0.295377,-551.252441,299.999725,0.000000
99.920006,67.479477,-551.252441,-0.002130,-0.001163,-0.029538,300.163696,15.291068,-0.295377,-551.252441,299.999725,0.000000
99.930008,67.470551,-551.341370,-0.002143,-0.001163,-0.029538,300.123993,15.289045,-0.295377,-551.341370,299.999725,0.000000
99.940002,67.471298,-551.207947,-0.002147,-0.001163,-0.029538,300.127319,15.289215,-0.295377,-551.207947,299.999725,0.000000
99.950005,67.466446,-551.341370,-0.002177,-0.001163,-0.029538,300.105743,15.288116,-0.295377,-551.341370,299.999725,0.000000
99.960007,67.470917,-551.207947,-0.002147,-0.001163,-0.029538,300.125641,15.289128,-0.295377,-551.207947,299.999725,0.000000
99.970001,67.480225,-551.207947,-0.002147,-0.001163,-0.029538,300.167023,15.291238,-0.295377,-551.207947,299.999725,0.000000
99.980003,67.480606,-551.341370,-0.002186,-0.001163,-0.029538,300.168732,15.291324,-0.295377,-551.341370,299.999725,0.000000
99.990005,67.485809,-551.252441,-0.002156,-0.001163,-0.029538,300.191864,15.292503,-0.295377,-551.252441,299.999725,0.000000
100.000008,67.480972,-551.296936,-0.002139,-0.001163,-0.029538,300.170349,15.291408,-0.295377,-551.296936,299.999725,0.000000
100.010002,67.483200,-551.296936,-0.002121,-0.001163,-0.029538,300.180267,15.291911,-0.295377,-551.296936,299.999725,0.000000
100.020004,67.484695,-551.252441,-0.002091,-0.001163,-0.029538,300.186920,15.292251,-0.295377,-551.252441,299.999725,0.000000
100.030006,67.470551,-551.385864,-0.002143,-0.001163,-0.029538,300.123993,15.289045,-0.295377,-551.385864,299.999725,0.000000
100.040009,67.480225,-551.207947,-0.002143,-0.001163,-0.029538,300.167023,15.291238,-0.295377,-551.207947,299.999725,0.000000
100.050003,67.485809,-551.385864,-0.002126,-0.001163,-0.029538,300.191864,15.292503,-0.295377,-551.385864,299.999725,0.000000
100.060005,67.488785,-551.296936,-0.002143,-0.001163,-0.029538,300.205109,15.293177,-0.295377,-551.296936,299.999725,0.000000
100.070007,67.486923,-551.252441,-0.002156,-0.001163,-0.029538,300.196838,15.292755,-0.295377,-551.252441,299.999725,0.000000
100.080002,67.482086,-551.341370,-0.002134,-0.001163,-0.029538,300.175323,15.291658,-0.295377,-551.341370,299.999725,0.000000
100.090004,67.469803,-551.207947,-0.002091,-0.001163,-0.029538,300.120667,15.288877,-0.295377,-551.207947,299.999725,0.000000
100.100006,67.476883,-551.296936,-0.002095,-0.001163,-0.029538,300.152161,15.290481,-0.295377,-551.296936,299.999725,0.000000
100.110008,67.481339,-551.296936,-0.002100,-0.001163,-0.029538,300.171997,15.291490,-0.295377,-551.296936,299.999725,0.000000
100.120003,67.472778,-551.252441,-0.002134,-0.001163,-0.029538,300.133911,15.289550,-0.295377,-551.252441,299.999725,0.000000
100.130005,67.482086,-551.385864,-0.002143,-0.001163,-0.029538,300.175323,15.291658,-0.295377,-551.385864,299.999725,0.000000
100.140007,67.483948,-551.207947,-0.002078,-0.001163,-0.029538,300.183594,15.292081,-0.295377,-551.207947,299.999725,0.000000
100.150002,67.480225,-551.341370,-0.002039,-0.001163,-0.029538,300.167023,15.291238,-0.295377,-551.341370,299.999725,0.000000
100.160004,67.490662,-551.296936,-0.002078,-0.001163,-0.029538,300.213470,15.293602,-0.295377,-551.296936,299.999725,0.000000
100.170006,67.486557,-551.296936,-0.002044,-0.001163,-0.029538,300.195190,15.292673,-0.295377,-551.296936,299.999725,0.000000
100.180008,67.473526,-551.385864,-0.002044,-0.001163,-0.029538,300.137238,15.289720,-0.295377,-551.385864,299.999725,0.000000
100.190002,67.469421,-551.252441,-0.002065,-0.001163,-0.029538,300.118988,15.288789,-0.295377,-551.252441,299.999725,0.000000
100.200005,67.469421,-551.296936,-0.002108,-0.001163,-0.029538,300.118988,15.288789,-0.295377,-551.296936,299.999725,0.000000
100.210007,67.480972,-551.252441,-0.002134,-0.001163,-0.029538,300.170349,15.291408,-0.295377,-551.252441,299.999725,0.000000
100.220001,67.482834,-551.252441,-0.002147,-0.001163,-0.029538,300.178650,15.291828,-0.295377,-551.252441,299.999725,0.000000
100.230003,67.469803,-551.341370,-0.002130,-0.001163,-0.029538,300.120667,15.288877,-0.295377,-551.341370,299.999725,0.000000
100.240005,67.471298,-551.252441,-0.002160,-0.001163,-0.029538,300.127319,15.289215,-0.295377,-551.252441,299.999725,0.000000
100.250008,67.474274,-551.296936,-0.002126,-0.001163,-0.029538,300.140564,15.289889,-0.295377,-551.296936,299.999725,0.000000
100.260002,67.468689,-551.252441,-0.002095,-0.001163,-0.029538,300.115723,15.288624,-0.295377,-551.252441,299.999725,0.000000
100.270004,67.470551,-551.252441,-0.002100,-0.001163,-0.029538,300.123993,15.289045,-0.295377,-551.252441,299.999725,0.000000
100.280006,67.478363,-551.341370,-0.002164,-0.001163,-0.029538,300.158752,15.290815,-0.295377,-551.341370,299.999725,0.000000
100.290009,67.472412,-551.296936,-0.002173,-0.001163,-0.029538,300.132294,15.289467,-0.295377,-551.296936,299.999725,0.000000
100.300003,67.474274,-551.296936,-0.002169,-0.001163,-0.029538,300.140564,15.289889,-0.295377,-551.296936,299.999725,0.000000
100.310005,67.483948,-551.341370,-0.002151,-0.001163,-0.029538,300.183594,15.292081,-0.295377,-551.341370,299.999725,0.000000
100.320007,67.478363,-551.296936,-0.002117,-0.001163,-0.029538,300.158752,15.290815,-0.295377,-551.296936,299.999725,0.000000
100.330002,67.473892,-551.385864,-0.002147,-0.001163,-0.029538,300.138855,15.289803,-0.295377,-551.385864,299.999725,0.000000
100.340004,67.474274,-551.252441,-0.002108,-0.001163,-0.029538,300.140564,15.289889,-0.295377,-551.252441,299.999725,0.000000
100.350006,67.470551,-551.296936,-0.002147,-0.001163,-0.029538,300.123993,15.289045,-0.295377,-551.296936,299.999725,0.000000
100.360008,67.467941,-551.252441,-0.002156,-0.001163,-0.029538,300.112396,15.288454,-0.295377,-551.252441,299.999725,0.000000
100.370003,67.485062,-551.252441,-0.002151,-0.001163,-0.029538,300.188538,15.292334,-0.295377,-551.252441,299.999725,0.000000
100.380005,67.478363,-551.385864,-0.002104,-0.001163,-0.029538,300.158752,15.290815,-0.295377,-551.385864,299.999725,0.000000
100.390007,67.483582,-551.252441,-0.002130,-0.001163,-0.029538,300.181976,15.291998,-0.295377,-551.252441,299.999725,0.000000
100.400002,67.475754,-551.296936,-0.002134,-0.001163,-0.029538,300.147156,15.290224,-0.295377,-551.296936,299.999725,0.000000
100.410004,67.477615,-551.341370,-0.002164,-0.001163,-0.029538,300.155426,15.290647,-0.295377,-551.341370,299.999725,0.000000
100.420006,67.472031,-551.252441,-0.002147,-0.001163,-0.029538,300.130585,15.289381,-0.295377,-551.252441,299.999725,0.000000
100.430008,67.467194,-551.385864,-0.002143,-0.001163,-0.029538,300.109070,15.288284,-0.295377,-551.385864,299.999725,0.000000
100.440002,67.477997,-551.207947,-0.002134,-0.001163,-0.029538,300.157135,15.290732,-0.295377,-551.207947,299.999725,0.000000
100.450005,67.474640,-551.296936,-0.002095,-0.001163,-0.029538,300.142181,15.289972,-0.295377,-551.296936,299.999725,0.000000
100.460007,67.476501,-551.341370,-0.002100,-0.001163,-0.029538,300.150482,15.290394,-0.295377,-551.341370,299.999725,0.000000
100.470001,67.482834,-551.252441,-0.002070,-0.001163,-0.029538,300.178650,15.291828,-0.295377,-551.252441,299.999725,0.000000
100.480003,67.476501,-551.341370,-0.002057,-0.001163,-0.029538,300.150482,15.290394,-0.295377,-551.341370,299.999725,0.000000
100.490005,67.470917,-551.207947,-0.002070,-0.001163,-0.029538,300.125641,15.289128,-0.295377,-551.207947,299.999725,0.000000
100.500008,67.474640,-551.296936,-0.002113,-0.001163,-0.029538,300.142181,15.289972,-0.295377,-551.296936,299.999725,0.000000
100.510002,67.481339,-551.296936,-0.002108,-0.001163,-0.029538,300.171997,15.291490,-0.295377,-551.296936,299.999725,0.000000
100.520004,67.479477,-551.252441,-0.002039,-0.001163,-0.029538,300.163696,15.291068,-0.295377,-551.252441,299.999725,0.000000
100.530006,67.482086,-551.341370,-0.002048,-0.001163,-0.029538,300.175323,15.291658,-0.295377,-551.341370,299.999725,0.000000
100.540009,67.480972,-551.296936,-0.002048,-0.001163,-0.029538,300.170349,15.291408,-0.295377,-551.296936,299.999725,0.000000
100.550003,67.473160,-551.296936,-0.002052,-0.001163,-0.029538,300.135590,15.289637,-0.295377,-551.296936,299.999725,0.000000
100.560005,67.480606,-551.296936,-0.002074,-0.001163,-0.029538,300.168732,15.291324,-0.295377,-551.296936,299.999725,0.000000
100.570007,67.476883,-551.296936,-0.002065,-0.001163,-0.029538,300.152161,15.290481,-0.295377,-551.296936,299.999725,0.000000
100.580002,67.473160,-551.341370,-0.002130,-0.001163,-0.029538,300.135590,15.289637,-0.295377,-551.341370,299.999725,0.000000
100.590004,67.467194,-551.296936,-0.002130,-0.001163,-0.029538,300.109070,15.288284,-0.295377,-551.296936,299.999725,0.000000
100.600006,67.468689,-551.385864,-0.002113,-0.001163,-0.029538,300.115723,15.288624,-0.295377,-551.385864,299.999725,0.000000
100.610008,67.479477,-551.296936,-0.002169,-0.001163,-0.029538,300.163696,15.291068,-0.295377,-551.296936,299.999725,0.000000
100.620003,67.480606,-551.296936,-0.002143,-0.001163,-0.029538,300.168732,15.291324,-0.295377,-551.296936,299.999725,0.000000
100.630005,67.479858,-551.341370,-0.002156,-0.001163,-0.029538,300.165405,15.291155,-0.295377,-551.341370,299.999725,0.000000
100.640007,67.473892,-551.207947,-0.002139,-0.001163,-0.029538,300.138855,15.289803,-0.295377,-551.207947,299.999725,0.000000
100.650002,67.477997,-551.341370,-0.002160,-0.001163,-0.029538,300.157135,15.290732,-0.295377,-551.341370,299.999725,0.000000
100.660004,67.469055,-551.252441,-0.002160,-0.001163,-0.029538,300.117340,15.288707,-0.295377,-551.252441,299.999725,0.000000
100.670006,67.469421,-551.296936,-0.002147,-0.001163,-0.029538,300.118988,15.288789,-0.295377,-551.296936,299.999725,0.000000
100.680008,67.469803,-551.341370,-0.002130,-0.001163,-0.029538,300.120667,15.288877,-0.295377,-551.341370,299.999725,0.000000
100.690002,67.478745,-551.252441,-0.002113,-0.001163,-0.029538,300.160461,15.290902,-0.295377,-551.252441,299.999725,0.000000
100.700005,67.485809,-551.385864,-0.002108,-0.001163,-0.029538,300.191864,15.292503,-0.295377,-551.385864,299.999725,0.000000
100.710007,67.472031,-551.341370,-0.002117,-0.001163,-0.029538,300.130585,15.289381,-0.295377,-551.341370,299.999725,0.000000
100.720001,67.463470,-551.252441,-0.002065,-0.001163,-0.029538,300.092499,15.287441,-0.295377,-551.252441,299.999725,0.000000
100.730003,67.464966,-551.341370,-0.002039,-0.001163,-0.029538,300.099152,15.287780,-0.295377,-551.341370,299.999725,0.000000
100.740005,67.478745,-551.252441,-0.002026,-0.001163,-0.029538,300.160461,15.290902,-0.295377,-551.252441,299.999725,0.000000
100.750008,67.483582,-551.341370,-0.002022,-0.001163,-0.029538,300.181976,15.291998,-0.295377,-551.341370,299.999725,0.000000
100.760002,67.479111,-551.296936,-0.002065,-0.001163,-0.029538,300.162079,15.290985,-0.295377,-551.296936,299.999725,0.000000
100.770004,67.475021,-551.252441,-0.002095,-0.001163,-0.029538,300.143890,15.290058,-0.295377,-551.252441,299.999725,0.000000
100.780006,67.476883,-551.385864,-0.002057,-0.001163,-0.029538,300.152161,15.290481,-0.295377,-551.385864,299.999725,0.000000
100.790009,67.470551,-551.252441,-0.002057,-0.001163,-0.029538,300.123993,15.289045,-0.295377,-551.252441,299.999725,0.000000
100.800003,67.465332,-551.296936,-0.002061,-0.001163,-0.029538,300.100800,15.287863,-0.295377,-551.296936,299.999725,0.000000
100.810005,67.469803,-551.296936,-0.002057,-0.001163,-0.029538,300.120667,15.288877,-0.295377,-551.296936,299.999725,0.000000
100.820007,67.473526,-551.252441,-0.002121,-0.001163,-0.029538,300.137238,15.289720,-0.295377,-551.252441,299.999725,0.000000
100.830002,67.474640,-551.385864,-0.002113,-0.001163,-0.029538,300.142181,15.289972,-0.295377,-551.385864,299.999725,0.000000
100.840004,67.482086,-551.252441,-0.002139,-0.001163,-0.029538,300.175323,15.291658,-0.295377,-551.252441,299.999725,0.000000
100.850006,67.480606,-551.385864,-0.002169,-0.001163,-0.029538,300.168732,15.291324,-0.295377,-551.385864,299.999725,0.000000
100.860008,67.467194,-551.341370,-0.002164,-0.001163,-0.029538,300.109070,15.288284,-0.295377,-551.341370,299.999725,0.000000
100.870003,67.469803,-551.252441,-0.002143,-0.001163,-0.029538,300.120667,15.288877,-0.295377,-551.252441,299.999725,0.000000
100.880005,67.459000,-551.296936,-0.002160,-0.001163,-0.029538,300.072632,15.286427,-0.295377,-551.296936,299.999725,0.000000
100.890007,67.475021,-551.252441,-0.002182,-0.001163,-0.029538,300.143890,15.290058,-0.295377,-551.252441,299.999725,0.000000
100.900002,67.474640,-551.296936,-0.002160,-0.001163,-0.029538,300.142181,15.289972,-0.295377,-551.296936,299.999725,0.000000
100.910004,67.479477,-551.341370,-0.002143,-0.001163,-0.029538,300.163696,15.291068,-0.295377,-551.341370,299.999725,0.000000
100.920006,67.477249,-551.296936,-0.002117,-0.001163,-0.029538,300.153809,15.290563,-0.295377,-551.296936,299.999725,0.000000
100.930008,67.467194,-551.385864,-0.002117,-0.001163,-0.029538,300.109070,15.288284,-0.295377,-551.385864,299.999725,0.000000
100.940002,67.477997,-551.252441,-0.002087,-0.001163,-0.029538,300.157135,15.290732,-0.295377,-551.252441,299.999725,0.000000
100.950005,67.476501,-551.385864,-0.002126,-0.001163,-0.029538,300.150482,15.290394,-0.295377,-551.385864,299.999725,0.000000
100.960007,67.468689,-551.296936,-0.002121,-0.001163,-0.029538,300.115723,15.288624,-0.295377,-551.296936,299.999725,0.000000
100.970001,67.469803,-551.252441,-0.002147,-0.001163,-0.029538,300.120667,15.288877,-0.295377,-551.252441,299.999725,0.000000
100.980003,67.465332,-551.385864,-0.002126,-0.001163,-0.029538,300.100800,15.287863,-0.295377,-551.385864,299.999725,0.000000
100.990005,67.457886,-551.252441,-0.002164,-0.001163,-0.029538,300.067657,15.286176,-0.295377,-551.252441,299.999725,0.000000
101.000008,67.460114,-551.341370,-0.002151,-0.001163,-0.029538,300.077576,15.286680,-0.295377,-551.341370,299.999725,0.000000
101.010002,67.471664,-551.296936,-0.002151,-0.001163,-0.029538,300.128967,15.289297,-0.295377,-551.296936,299.999725,0.000000
101.020004,67.475021,-551.296936,-0.002143,-0.001163,-0.029538,300.143890,15.290058,-0.295377,-551.296936,299.999725,0.000000
101.030006,67.470917,-551.385864,-0.002095,-0.001163,-0.029538,300.125641,15.289128,-0.295377,-551.385864,299.999725,0.000000
101.040009,67.479111,-551.252441,-0.002057,-0.001163,-0.029538,300.162079,15.290985,-0.295377,-551.252441,299.999725,0.000000
101.050003,67.477997,-551.385864,-0.002095,-0.001163,-0.029538,300.157135,15.290732,-0.295377,-551.385864,299.999725,0.000000
101.060005,67.472778,-551.296936,-0.002113,-0.001163,-0.029538,300.133911,15.289550,-0.295377,-551.296936,299.999725,0.000000
101.070007,67.464584,-551.252441,-0.002087,-0.001163,-0.029538,300.097473,15.287693,-0.295377,-551.252441,299.999725,0.000000
101.080002,67.470169,-551.341370,-0.002031,-0.001163,-0.029538,300.122314,15.288959,-0.295377,-551.341370,299.999725,0.000000
101.090004,67.477997,-551.252441,-0.002095,-0.001163,-0.029538,300.157135,15.290732,-0.295377,-551.252441,299.999725,0.000000
101.100006,67.475754,-551.385864,-0.002061,-0.001163,-0.029538,300.147156,15.290224,-0.295377,-551.385864,299.999725,0.000000
101.110008,67.467941,-551.296936,-0.002065,-0.001163,-0.029538,300.112396,15.288454,-0.295377,-551.296936,299.999725,0.000000
101.120003,67.472778,-551.296936,-0.002065,-0.001163,-0.029538,300.133911,15.289550,-0.295377,-551.296936,299.999725,0.000000
101.130005,67.464584,-551.385864,-0.002074,-0.001163,-0.029538,300.097473,15.287693,-0.295377,-551.385864,299.999725,0.000000
101.140007,67.478363,-551.252441,-0.002065,-0.001163,-0.029538,300.158752,15.290815,-0.295377,-551.252441,299.999725,0.000000
101.150002,67.480225,-551.341370,-0.002087,-0.001163,-0.029538,300.167023,15.291238,-0.295377,-551.341370,299.999725,0.000000
101.160004,67.467194,-551.341370,-0.002139,-0.001163,-0.029538,300.109070,15.288284,-0.295377,-551.341370,299.999725,0.000000
101.170006,67.466827,-551.207947,-0.002117,-0.001163,-0.029538,300.107422,15.288201,-0.295377,-551.207947,299.999725,0.000000
101.180008,67.459000,-551.430359,-0.002156,-0.001163,-0.029538,300.072632,15.286427,-0.295377,-551.430359,299.999725,0.000000
101.190002,67.473892,-551.252441,-0.002139,-0.001163,-0.029538,300.138855,15.289803,-0.295377,-551.252441,299.999725,0.000000
101.200005,67.471298,-551.341370,-0.002151,-0.001163,-0.029538,300.127319,15.289215,-0.295377,-551.341370,299.999725,0.000000
101.210007,67.474274,-551.296936,-0.002151,-0.001163,-0.029538,300.140564,15.289889,-0.295377,-551.296936,299.999725,0.000000
101.220001,67.475388,-551.296936,-0.002126,-0.001163,-0.029538,300.145508,15.290142,-0.295377,-551.296936,299.999725,0.000000
101.230003,67.475388,-551.341370,-0.002070,-0.001163,-0.029538,300.145508,15.290142,-0.295377,-551.341370,299.999725,0.000000
101.240005,67.480606,-551.252441,-0.002087,-0.001163,-0.029538,300.168732,15.291324,-0.295377,-551.252441,299.999725,0.000000
101.250008,67.473892,-551.341370,-0.002057,-0.001163,-0.029538,300.138855,15.289803,-0.295377,-551.341370,299.999725,0.000000
101.260002,67.479111,-551.385864,-0.002087,-0.001163,-0.029538,300.162079,15.290985,-0.295377,-551.385864,299.999725,0.000000
101.270004,67.472412,-551.252441,-0.002095,-0.001163,-0.029538,300.132294,15.289467,-0.295377,-551.252441,299.999725,0.000000
101.280006,67.472778,-551.430359,-0.002048,-0.001163,-0.029538,300.133911,15.289550,-0.295377,-551.430359,299.999725,0.000000
101.290009,67.476883,-551.252441,-0.002048,-0.001163,-0.029538,300.152161,15.290481,-0.295377,-551.252441,299.999725,0.000000
101.300003,67.482468,-551.474854,-0.002057,-0.001163,-0.029538,300.177002,15.291746,-0.295377,-551.474854,299.999725,0.000000
101.310005,67.482086,-551.296936,-0.002078,-0.001163,-0.029538,300.175323,15.291658,-0.295377,-551.296936,299.999725,0.000000
101.320007,67.472778,-551.341370,-0.002113,-0.001163,-0.029538,300.133911,15.289550,-0.295377,-551.341370,299.999725,0.000000
101.330002,67.472778,-551.430359,-0.002121,-0.001163,-0.029538,300.133911,15.289550,-0.295377,-551.430359,299.999725,0.000000
101.340004,67.479111,-551.296936,-0.002147,-0.001163,-0.029538,300.162079,15.290985,-0.295377,-551.296936,299.999725,0.000000
101.350006,67.469055,-551.341370,-0.002134,-0.001163,-0.029538,300.117340,15.288707,-0.295377,-551.341370,299.999725,0.000000
101.360008,67.469421,-551.296936,-0.002126,-0.001163,-0.029538,300.118988,15.288789,-0.295377,-551.296936,299.999725,0.000000
101.370003,67.477615,-551.252441,-0.002160,-0.001163,-0.029538,300.155426,15.290647,-0.295377,-551.252441,299.999725,0.000000
101.380005,67.473526,-551.385864,-0.002113,-0.001163,-0.029538,300.137238,15.289720,-0.295377,-551.385864,299.999725,0.000000
101.390007,67.478363,-551.252441,-0.002177,-0.001163,-0.029538,300.158752,15.290815,-0.295377,-551.252441,299.999725,0.000000
101.400002,67.476135,-551.385864,-0.002169,-0.001163,-0.029538,300.148834,15.290311,-0.295377,-551.385864,299.999725,0.000000
101.410004,67.468307,-551.341370,-0.002186,-0.001163,-0.029538,300.114014,15.288537,-0.295377,-551.341370,299.999725,0.000000
101.420006,67.465698,-551.252441,-0.002156,-0.001163,-0.029538,300.102417,15.287946,-0.295377,-551.252441,299.999725,0.000000
101.430008,67.476501,-551.430359,-0.002074,-0.001163,-0.029538,300.150482,15.290394,-0.295377,-551.430359,299.999725,0.000000
101.440002,67.475388,-551.207947,-0.002026,-0.001163,-0.029538,300.145508,15.290142,-0.295377,-551.207947,299.999725,0.000000
101.450005,67.469055,-551.385864,-0.002087,-0.001163,-0.029538,300.117340,15.288707,-0.295377,-551.385864,299.999725,0.000000
101.460007,67.473160,-551.341370,-0.002078,-0.001163,-0.029538,300.135590,15.289637,-0.295377,-551.341370,299.999725,0.000000
101.470001,67.475388,-551.341370,-0.002070,-0.001163,-0.029538,300.145508,15.290142,-0.295377,-551.341370,299.999725,0.000000
101.480003,67.470917,-551.385864,-0.002065,-0.001163,-0.029538,300.125641,15.289128,-0.295377,-551.385864,299.999725,0.000000
101.490005,67.468689,-551.252441,-0.002078,-0.001163,-0.029538,300.115723,15.288624,-0.295377,-551.252441,299.999725,0.000000
101.500008,67.467560,-551.341370,-0.002113,-0.001163,-0.029538,300.110687,15.288368,-0.295377,-551.341370,299.999725,0.000000
101.510002,67.473892,-551.296936,-0.002100,-0.001163,-0.029538,300.138855,15.289803,-0.295377,-551.296936,299.999725,0.000000
101.520004,67.464218,-551.252441,-0.002160,-0.001163,-0.029538,300.095825,15.287611,-0.295377,-551.252441,299.999725,0.000000
101.530006,67.472031,-551.385864,-0.002173,-0.001163,-0.029538,300.130585,15.289381,-0.295377,-551.385864,299.999725,0.000000
101.540009,67.464966,-551.252441,-0.002108,-0.001163,-0.029538,300.099152,15.287780,-0.295377,-551.252441,299.999725,0.000000
101.550003,67.464218,-551.385864,-0.002117,-0.001163,-0.029538,300.095825,15.287611,-0.295377,-551.385864,299.999725,0.000000
101.560005,67.466080,-551.296936,-0.002087,-0.001163,-0.029538,300.104126,15.288032,-0.295377,-551.296936,299.999725,0.000000
101.570007,67.476501,-551.252441,-0.002108,-0.001163,-0.029538,300.150482,15.290394,-0.295377,-551.252441,299.999725,0.000000
101.580002,67.473160,-551.385864,-0.002082,-0.001163,-0.029538,300.135590,15.289637,-0.295377,-551.385864,299.999725,0.000000
101.590004,67.481339,-551.296936,-0.002078,-0.001163,-0.029538,300.171997,15.291490,-0.295377,-551.296936,299.999725,0.000000
101.600006,67.469421,-551.385864,-0.002087,-0.001163,-0.029538,300.118988,15.288789,-0.295377,-551.385864,299.999725,0.000000
101.610008,67.465332,-551.296936,-0.002074,-0.001163,-0.029538,300.100800,15.287863,-0.295377,-551.296936,299.999725,0.000000
101.620003,67.468307,-551.341370,-0.002048,-0.001163,-0.029538,300.114014,15.288537,-0.295377,-551.341370,299.999725,0.000000
101.630005,67.468307,-551.385864,-0.002061,-0.001163,-0.029538,300.114014,15.288537,-0.295377,-551.385864,299.999725,0.000000
101.640007,67.478363,-551.296936,-0.002052,-0.001163,-0.029538,300.158752,15.290815,-0.295377,-551.296936,299.999725,0.000000
101.650002,67.461975,-551.385864,-0.002052,-0.001163,-0.029538,300.085846,15.287103,-0.295377,-551.385864,299.999725,0.000000
101.660004,67.470551,-551.296936,-0.002039,-0.001163,-0.029538,300.123993,15.289045,-0.295377,-551.296936,299.999725,0.000000
101.670006,67.472778,-551.296936,-0.002039,-0.001163,-0.029538,300.133911,15.289550,-0.295377,-551.296936,299.999725,0.000000
101.680008,67.470917,-551.341370,-0.002104,-0.001163,-0.029538,300.125641,15.289128,-0.295377,-551.341370,299.999725,0.000000
101.690002,67.466446,-551.252441,-0.002139,-0.001163,-0.029538,300.105743,15.288116,-0.295377,-551.252441,299.999725,0.000000
101.700005,67.473160,-551.430359,-0.002147,-0.001163,-0.029538,300.135590,15.289637,-0.295377,-551.430359,299.999725,0.000000
101.710007,67.477249,-551.385864,-0.002160,-0.001163,-0.029538,300.153809,15.290563,-0.295377,-551.385864,299.999725,0.000000
101.720001,67.477249,-551.341370,-0.002164,-0.001163,-0.029538,300.153809,15.290563,-0.295377,-551.341370,299.999725,0.000000
101.730003,67.470917,-551.385864,-0.002147,-0.001163,-0.029538,300.125641,15.289128,-0.295377,-551.385864,299.999725,0.000000
101.740005,67.470169,-551.341370,-0.002130,-0.001163,-0.029538,300.122314,15.288959,-0.295377,-551.341370,299.999725,0.000000
101.750008,67.462357,-551.341370,-0.002160,-0.001163,-0.029538,300.087555,15.287189,-0.295377,-551.341370,299.999725,0.000000
101.760002,67.461243,-551.296936,-0.002151,-0.001163,-0.029538,300.082581,15.286936,-0.295377,-551.296936,299.999725,0.000000
101.770004,67.461609,-551.341370,-0.002151,-0.001163,-0.029538,300.084229,15.287019,-0.295377,-551.341370,299.999725,0.000000
101.780006,67.471664,-551.385864,-0.002151,-0.001163,-0.029538,300.128967,15.289297,-0.295377,-551.385864,299.999725,0.000000
101.790009,67.473892,-551.252441,-0.002164,-0.001163,-0.029538,300.138855,15.289803,-0.295377,-551.252441,299.999725,0.000000
101.800003,67.462357,-551.385864,-0.002151,-0.001163,-0.029538,300.087555,15.287189,-0.295377,-551.385864,299.999725,0.000000
101.810005,67.467941,-551.385864,-0.002121,-0.001163,-0.029538,300.112396,15.288454,-0.295377,-551.385864,299.999725,0.000000
101.820007,67.477615,-551.296936,-0.002039,-0.001163,-0.029538,300.155426,15.290647,-0.295377,-551.296936,299.999725,0.000000
101.830002,67.463104,-551.385864,-0.002057,-0.001163,-0.029538,300.090881,15.287358,-0.295377,-551.385864,299.999725,0.000000
101.840004,67.469055,-551.252441,-0.002061,-0.001163,-0.029538,300.117340,15.288707,-0.295377,-551.252441,299.999725,0.000000
101.850006,67.472412,-551.385864,-0.002065,-0.001163,-0.029538,300.132294,15.289467,-0.295377,-551.385864,299.999725,0.000000
101.860008,67.469803,-551.296936,-0.002065,-0.001163,-0.029538,300.120667,15.288877,-0.295377,-551.296936,299.999725,0.000000
101.870003,67.469421,-551.341370,-0.002078,-0.001163,-0.029538,300.118988,15.288789,-0.295377,-551.341370,299.999725,0.000000
101.880005,67.467560,-551.430359,-0.002104,-0.001163,-0.029538,300.110687,15.288368,-0.295377,-551.430359,299.999725,0.000000
101.890007,67.459000,-551.296936,-0.002100,-0.001163,-0.029538,300.072632,15.286427,-0.295377,-551.296936,299.999725,0.000000
101.900002,67.455658,-551.385864,-0.002147,-0.001163,-0.029538,300.057739,15.285670,-0.295377,-551.385864,299.999725,0.000000
101.910004,67.463470,-551.385864,-0.002143,-0.001163,-0.029538,300.092499,15.287441,-0.295377,-551.385864,299.999725,0.000000
101.920006,67.475021,-551.341370,-0.002160,-0.001163,-0.029538,300.143890,15.290058,-0.295377,-551.341370,299.999725,0.000000
101.930008,67.475021,-551.430359,-0.002164,-0.001163,-0.029538,300.143890,15.290058,-0.295377,-551.430359,299.999725,0.000000
101.940002,67.477615,-551.296936,-0.002143,-0.001163,-0.029538,300.155426,15.290647,-0.295377,-551.296936,299.999725,0.000000
101.950005,67.475754,-551.385864,-0.002139,-0.001163,-0.029538,300.147156,15.290224,-0.295377,-551.385864,299.999725,0.000000
101.960007,67.458252,-551.385864,-0.002151,-0.001163,-0.029538,300.069305,15.286258,-0.295377,-551.385864,299.999725,0.000000
101.970001,67.464218,-551.252441,-0.002121,-0.001163,-0.029538,300.095825,15.287611,-0.295377,-551.252441,299.999725,0.000000
101.980003,67.459000,-551.430359,-0.002117,-0.001163,-0.029538,300.072632,15.286427,-0.295377,-551.430359,299.999725,0.000000
101.990005,67.468307,-551.296936,-0.002095,-0.001163,-0.029538,300.114014,15.288537,-0.295377,-551.296936,299.999725,0.000000
102.000008,67.472031,-551.341370,-0.002139,-0.001163,-0.029538,300.130585,15.289381,-0.295377,-551.341370,299.999725,0.000000
102.010002,67.471664,-551.385864,-0.002156,-0.001163,-0.029538,300.128967,15.289297,-0.295377,-551.385864,299.999725,0.000000
102.020004,67.475388,-551.296936,-0.002173,-0.001163,-0.029538,300.145508,15.290142,-0.295377,-551.296936,299.999725,0.000000
102.030006,67.470917,-551.430359,-0.002164,-0.001163,-0.029538,300.125641,15.289128,-0.295377,-551.430359,299.999725,0.000000
102.040009,67.466827,-551.296936,-0.002134,-0.001163,-0.029538,300.107422,15.288201,-0.295377,-551.296936,299.999725,0.000000
102.050003,67.467941,-551.385864,-0.002117,-0.001163,-0.029538,300.112396,15.288454,-0.295377,-551.385864,299.999725,0.000000
102.060005,67.465332,-551.341370,-0.002117,-0.001163,-0.029538,300.100800,15.287863,-0.295377,-551.341370,299.999725,0.000000
102.070007,67.467194,-551.296936,-0.002048,-0.001163,-0.029538,300.109070,15.288284,-0.295377,-551.296936,299.999725,0.000000
102.080002,67.474640,-551.430359,-0.002087,-0.001163,-0.029538,300.142181,15.289972,-0.295377,-551.430359,299.999725,0.000000
102.090004,67.483582,-551.296936,-0.002039,-0.001163,-0.029538,300.181976,15.291998,-0.295377,-551.296936,299.999725,0.000000
102.100006,67.468307,-551.385864,-0.002044,-0.001163,-0.029538,300.114014,15.288537,-0.295377,-551.385864,299.999725,0.000000
102.110008,67.469055,-551.252441,-0.002113,-0.001163,-0.029538,300.117340,15.288707,-0.295377,-551.252441,299.999725,0.000000
102.120003,67.470169,-551.296936,-0.002121,-0.001163,-0.029538,300.122314,15.288959,-0.295377,-551.296936,299.999725,0.000000
102.130005,67.473160,-551.430359,-0.002143,-0.001163,-0.029538,300.135590,15.289637,-0.295377,-551.430359,299.999725,0.000000
102.140007,67.475754,-551.296936,-0.002160,-0.001163,-0.029538,300.147156,15.290224,-0.295377,-551.296936,299.999725,0.000000
102.150002,67.482834,-551.385864,-0.002151,-0.001163,-0.029538,300.178650,15.291828,-0.295377,-551.385864,299.999725,0.000000
102.160004,67.480225,-551.341370,-0.002164,-0.001163,-0.029538,300.167023,15.291238,-0.295377,-551.341370,299.999725,0.000000
102.170006,67.475754,-551.296936,-0.002173,-0.001163,-0.029538,300.147156,15.290224,-0.295377,-551.296936,299.999725,0.000000
102.180008,67.463470,-551.385864,-0.002160,-0.001163,-0.029538,300.092499,15.287441,-0.295377,-551.385864,299.999725,0.000000
102.190002,67.464584,-551.252441,-0.002147,-0.001163,-0.029538,300.097473,15.287693,-0.295377,-551.252441,299.999725,0.000000
102.200005,67.466827,-551.385864,-0.002147,-0.001163,-0.029538,300.107422,15.288201,-0.295377,-551.385864,299.999725,0.000000
102.210007,67.464218,-551.385864,-0.002169,-0.001163,-0.029538,300.095825,15.287611,-0.295377,-551.385864,299.999725,0.000000
102.220001,67.467560,-551.296936,-0.002160,-0.001163,-0.029538,300.110687,15.288368,-0.295377,-551.296936,299.999725,0.000000
102.230003,67.473526,-551.474854,-0.002156,-0.001163,-0.029538,300.137238,15.289720,-0.295377,-551.474854,299.999725,0.000000
102.240005,67.475754,-551.296936,-0.002147,-0.001163,-0.029538,300.147156,15.290224,-0.295377,-551.296936,299.999725,0.000000
102.250008,67.463837,-551.385864,-0.002164,-0.001163,-0.029538,300.094147,15.287523,-0.295377,-551.385864,299.999725,0.000000
102.260002,67.466080,-551.341370,-0.002147,-0.001163,-0.029538,300.104126,15.288032,-0.295377,-551.341370,299.999725,0.000000
102.270004,67.469421,-551.341370,-0.002160,-0.001163,-0.029538,300.118988,15.288789,-0.295377,-551.341370,299.999725,0.000000
102.280006,67.468689,-551.430359,-0.002156,-0.001163,-0.029538,300.115723,15.288624,-0.295377,-551.430359,299.999725,0.000000
102.290009,67.467560,-551.296936,-0.002169,-0.001163,-0.029538,300.110687,15.288368,-0.295377,-551.296936,299.999725,0.000000
102.300003,67.475388,-551.430359,-0.002186,-0.001163,-0.029538,300.145508,15.290142,-0.295377,-551.430359,299.999725,0.000000
102.310005,67.479858,-551.341370,-0.002151,-0.001163,-0.029538,300.165405,15.291155,-0.295377,-551.341370,299.999725,0.000000
102.320007,67.471664,-551.341370,-0.002134,-0.001163,-0.029538,300.128967,15.289297,-0.295377,-551.341370,299.999725,0.000000
102.330002,67.460495,-551.385864,-0.002100,-0.001163,-0.029538,300.079254,15.286766,-0.295377,-551.385864,299.999725,0.000000
102.340004,67.470169,-551.296936,-0.002082,-0.001163,-0.029538,300.122314,15.288959,-0.295377,-551.296936,299.999725,0.000000
102.350006,67.459747,-551.341370,-0.002065,-0.001163,-0.029538,300.075928,15.286597,-0.295377,-551.341370,299.999725,0.000000
102.360008,67.481339,-551.341370,-0.002082,-0.001163,-0.029538,300.171997,15.291490,-0.295377,-551.341370,299.999725,0.000000
102.370003,67.473526,-551.341370,-0.002074,-0.001163,-0.029538,300.137238,15.289720,-0.295377,-551.341370,299.999725,0.000000
102.380005,67.464218,-551.385864,-0.002095,-0.001163,-0.029538,300.095825,15.287611,-0.295377,-551.385864,299.999725,0.000000
102.390007,67.458252,-551.296936,-0.002104,-0.001163,-0.029538,300.069305,15.286258,-0.295377,-551.296936,299.999725,0.000000
102.400002,67.460861,-551.430359,-0.002065,-0.001163,-0.029538,300.080902,15.286850,-0.295377,-551.430359,299.999725,0.000000
102.410004,67.459747,-551.296936,-0.002057,-0.001163,-0.029538,300.075928,15.286597,-0.295377,-551.296936,299.999725,0.000000
102.420006,67.469055,-551.296936,-0.002052,-0.001163,-0.029538,300.117340,15.288707,-0.295377,-551.296936,299.999725,0.000000
102.430008,67.469055,-551.430359,-0.002039,-0.001163,-0.029538,300.117340,15.288707,-0.295377,-551.430359,299.999725,0.000000
102.440002,67.471298,-551.296936,-0.002057,-0.001163,-0.029538,300.127319,15.289215,-0.295377,-551.296936,299.999725,0.000000
102.450005,67.466827,-551.430359,-0.002048,-0.001163,-0.029538,300.107422,15.288201,-0.295377,-551.430359,299.999725,0.000000
102.460007,67.469421,-551.341370,-0.002065,-0.001163,-0.029538,300.118988,15.288789,-0.295377,-551.341370,299.999725,0.000000
102.470001,67.466827,-551.296936,-0.002044,-0.001163,-0.029538,300.107422,15.288201,-0.295377,-551.296936,299.999725,0.000000
102.480003,67.459381,-551.474854,-0.002065,-0.001163,-0.029538,300.074310,15.286514,-0.295377,-551.474854,299.999725,0.000000
102.490005,67.462357,-551.296936,-0.002026,-0.001163,-0.029538,300.087555,15.287189,-0.295377,-551.296936,299.999725,0.000000
102.500008,67.467560,-551.430359,-0.002061,-0.001163,-0.029538,300.110687,15.288368,-0.295377,-551.430359,299.999725,0.000000
102.510002,67.467194,-551.341370,-0.002057,-0.001163,-0.029538,300.109070,15.288284,-0.295377,-551.341370,299.999725,0.000000
102.520004,67.458252,-551.296936,-0.002074,-0.001163,-0.029538,300.069305,15.286258,-0.295377,-551.296936,299.999725,0.000000
102.530006,67.460861,-551.474854,-0.002104,-0.001163,-0.029538,300.080902,15.286850,-0.295377,-551.474854,299.999725,0.000000
102.540009,67.459747,-551.296936,-0.002147,-0.001163,-0.029538,300.075928,15.286597,-0.295377,-551.296936,299.999725,0.000000
102.550003,67.457520,-551.430359,-0.002195,-0.001163,-0.029538,300.066040,15.286093,-0.295377,-551.430359,299.999725,0.000000
102.560005,67.463837,-551.385864,-0.002190,-0.001163,-0.029538,300.094147,15.287523,-0.295377,-551.385864,299.999725,0.000000
102.570007,67.466080,-551.341370,-0.002177,-0.001163,-0.029538,300.104126,15.288032,-0.295377,-551.341370,299.999725,0.000000
102.580002,67.469421,-551.474854,-0.002164,-0.001163,-0.029538,300.118988,15.288789,-0.295377,-551.474854,299.999725,0.000000
102.590004,67.464966,-551.296936,-0.002121,-0.001163,-0.029538,300.099152,15.287780,-0.295377,-551.296936,299.999725,0.000000
102.600006,67.465698,-551.385864,-0.002151,-0.001163,-0.029538,300.102417,15.287946,-0.295377,-551.385864,299.999725,0.000000
102.610008,67.463837,-551.341370,-0.002100,-0.001163,-0.029538,300.094147,15.287523,-0.295377,-551.341370,299.999725,0.000000
102.620003,67.465698,-551.341370,-0.002091,-0.001163,-0.029538,300.102417,15.287946,-0.295377,-551.341370,299.999725,0.000000
102.630005,67.459747,-551.385864,-0.002147,-0.001163,-0.029538,300.075928,15.286597,-0.295377,-551.385864,299.999725,0.000000
102.640007,67.466827,-551.341370,-0.002147,-0.001163,-0.029538,300.107422,15.288201,-0.295377,-551.341370,299.999725,0.000000
102.650002,67.467560,-551.430359,-0.002139,-0.001163,-0.029538,300.110687,15.288368,-0.295377,-551.430359,299.999725,0.000000
102.660004,67.464218,-551.385864,-0.002095,-0.001163,-0.029538,300.095825,15.287611,-0.295377,-551.385864,299.999725,0.000000
102.670006,67.465698,-551.341370,-0.002091,-0.001163,-0.029538,300.102417,15.287946,-0.295377,-551.341370,299.999725,0.000000
102.680008,67.465332,-551.430359,-0.002164,-0.001163,-0.029538,300.100800,15.287863,-0.295377,-551.430359,299.999725,0.000000
102.690002,67.466827,-551.252441,-0.002186,-0.001163,-0.029538,300.107422,15.288201,-0.295377,-551.252441,299.999725,0.000000
102.700005,67.463470,-551.385864,-0.002156,-0.001163,-0.029538,300.092499,15.287441,-0.295377,-551.385864,299.999725,0.000000
102.710007,67.465332,-551.341370,-0.002169,-0.001163,-0.029538,300.100800,15.287863,-0.295377,-551.341370,299.999725,0.000000
102.720001,67.473160,-551.296936,-0.002151,-0.001163,-0.029538,300.135590,15.289637,-0.295377,-551.296936,299.999725,0.000000
102.730003,67.459747,-551.430359,-0.002130,-0.001163,-0.029538,300.075928,15.286597,-0.295377,-551.430359,299.999725,0.000000
102.740005,67.454910,-551.296936,-0.002048,-0.001163,-0.029538,300.054413,15.285501,-0.295377,-551.296936,299.999725,0.000000
102.750008,67.452301,-551.474854,-0.002052,-0.001163,-0.029538,300.042816,15.284910,-0.295377,-551.474854,299.999725,0.000000
102.760002,67.462723,-551.385864,-0.002061,-0.001163,-0.029538,300.089172,15.287271,-0.295377,-551.385864,299.999725,0.000000
102.770004,67.472031,-551.341370,-0.002091,-0.001163,-0.029538,300.130585,15.289381,-0.295377,-551.341370,299.999725,0.000000
102.780006,67.470917,-551.474854,-0.002117,-0.001163,-0.029538,300.125641,15.289128,-0.295377,-551.474854,299.999725,0.000000
102.790009,67.472778,-551.385864,-0.002143,-0.001163,-0.029538,300.133911,15.289550,-0.295377,-551.385864,299.999725,0.000000
102.800003,67.459000,-551.430359,-0.002151,-0.001163,-0.029538,300.072632,15.286427,-0.295377,-551.430359,299.999725,0.000000
102.810005,67.449692,-551.385864,-0.002126,-0.001163,-0.029538,300.031219,15.284319,-0.295377,-551.385864,299.999725,0.000000
102.820007,67.455276,-551.296936,-0.002113,-0.001163,-0.029538,300.056061,15.285584,-0.295377,-551.296936,299.999725,0.000000
102.830002,67.459747,-551.385864,-0.002126,-0.001163,-0.029538,300.075928,15.286597,-0.295377,-551.385864,299.999725,0.000000
102.840004,67.468307,-551.296936,-0.002082,-0.001163,-0.029538,300.114014,15.288537,-0.295377,-551.296936,299.999725,0.000000
102.850006,67.471664,-551.430359,-0.002108,-0.001163,-0.029538,300.128967,15.289297,-0.295377,-551.430359,299.999725,0.000000
102.860008,67.472031,-551.385864,-0.002126,-0.001163,-0.029538,300.130585,15.289381,-0.295377,-551.385864,299.999725,0.000000
102.870003,67.466080,-551.296936,-0.002126,-0.001163,-0.029538,300.104126,15.288032,-0.295377,-551.296936,299.999725,0.000000
102.880005,67.459000,-551.430359,-0.002169,-0.001163,-0.029538,300.072632,15.286427,-0.295377,-551.430359,299.999725,0.000000
102.890007,67.454529,-551.341370,-0.002160,-0.001163,-0.029538,300.052734,15.285415,-0.295377,-551.341370,299.999725,0.000000
102.900002,67.459381,-551.385864,-0.002190,-0.001163,-0.029538,300.074310,15.286514,-0.295377,-551.385864,299.999725,0.000000
102.910004,67.466827,-551.296936,-0.002173,-0.001163,-0.029538,300.107422,15.288201,-0.295377,-551.296936,299.999725,0.000000
102.920006,67.473892,-551.341370,-0.002147,-0.001163,-0.029538,300.138855,15.289803,-0.295377,-551.341370,299.999725,0.000000
102.930008,67.466827,-551.519287,-0.002151,-0.001163,-0.029538,300.107422,15.288201,-0.295377,-551.519287,299.999725,0.000000
102.940002,67.463837,-551.252441,-0.002151,-0.001163,-0.029538,300.094147,15.287523,-0.295377,-551.252441,299.999725,0.000000
102.950005,67.461609,-551.430359,-0.002139,-0.001163,-0.029538,300.084229,15.287019,-0.295377,-551.430359,299.999725,0.000000
102.960007,67.463470,-551.341370,-0.002160,-0.001163,-0.029538,300.092499,15.287441,-0.295377,-551.341370,299.999725,0.000000
102.970001,67.460495,-551.341370,-0.002151,-0.001163,-0.029538,300.079254,15.286766,-0.295377,-551.341370,299.999725,0.000000
102.980003,67.464218,-551.474854,-0.002173,-0.001163,-0.029538,300.095825,15.287611,-0.295377,-551.474854,299.999725,0.000000
102.990005,67.469055,-551.296936,-0.002156,-0.001163,-0.029538,300.117340,15.288707,-0.295377,-551.296936,299.999725,0.000000
103.000008,67.464218,-551.474854,-0.002147,-0.001163,-0.029538,300.095825,15.287611,-0.295377,-551.474854,299.999725,0.000000
103.010002,67.470917,-551.341370,-0.002143,-0.001163,-0.029538,300.125641,15.289128,-0.295377,-551.341370,299.999725,0.000000
103.020004,67.458633,-551.296936,-0.002113,-0.001163,-0.029538,300.070984,15.286345,-0.295377,-551.296936,299.999725,0.000000
103.030006,67.456024,-551.474854,-0.002160,-0.001163,-0.029538,300.059387,15.285753,-0.295377,-551.474854,299.999725,0.000000
103.040009,67.462723,-551.296936,-0.002164,-0.001163,-0.029538,300.089172,15.287271,-0.295377,-551.296936,299.999725,0.000000
103.050003,67.465698,-551.474854,-0.002147,-0.001163,-0.029538,300.102417,15.287946,-0.295377,-551.474854,299.999725,0.000000
103.060005,67.469055,-551.296936,-0.002160,-0.001163,-0.029538,300.117340,15.288707,-0.295377,-551.296936,299.999725,0.000000
103.070007,67.459381,-551.385864,-0.002151,-0.001163,-0.029538,300.074310,15.286514,-0.295377,-551.385864,299.999725,0.000000
103.080002,67.460495,-551.474854,-0.002143,-0.001163,-0.029538,300.079254,15.286766,-0.295377,-551.474854,299.999725,0.000000
103.090004,67.458633,-551.296936,-0.002108,-0.001163,-0.029538,300.070984,15.286345,-0.295377,-551.296936,299.999725,0.000000
103.100006,67.462357,-551.430359,-0.002113,-0.001163,-0.029538,300.087555,15.287189,-0.295377,-551.430359,299.999725,0.000000
103.110008,67.462723,-551.385864,-0.002074,-0.001163,-0.029538,300.089172,15.287271,-0.295377,-551.385864,299.999725,0.000000
103.120003,67.471664,-551.341370,-0.002095,-0.001163,-0.029538,300.128967,15.289297,-0.295377,-551.341370,299.999725,0.000000
103.130005,67.466080,-551.341370,-0.002082,-0.001163,-0.029538,300.104126,15.288032,-0.295377,-551.341370,299.999725,0.000000
103.140007,67.469421,-551.296936,-0.002065,-0.001163,-0.029538,300.118988,15.288789,-0.295377,-551.296936,299.999725,0.000000
103.150002,67.459747,-551.430359,-0.002134,-0.001163,-0.029538,300.075928,15.286597,-0.295377,-551.430359,299.999725,0.000000
103.160004,67.458633,-551.385864,-0.002095,-0.001163,-0.029538,300.070984,15.286345,-0.295377,-551.385864,299.999725,0.000000
103.170006,67.461243,-551.385864,-0.002078,-0.001163,-0.029538,300.082581,15.286936,-0.295377,-551.385864,299.999725,0.000000
103.180008,67.462357,-551.474854,-0.002065,-0.001163,-0.029538,300.087555,15.287189,-0.295377,-551.474854,299.999725,0.000000
103.190002,67.471298,-551.341370,-0.002057,-0.001163,-0.029538,300.127319,15.289215,-0.295377,-551.341370,299.999725,0.000000
103.200005,67.468689,-551.385864,-0.002035,-0.001163,-0.029538,300.115723,15.288624,-0.295377,-551.385864,299.999725,0.000000
103.210007,67.465698,-551.430359,-0.002065,-0.001163,-0.029538,300.102417,15.287946,-0.295377,-551.430359,299.999725,0.000000
103.220001,67.467941,-551.341370,-0.002061,-0.001163,-0.029538,300.112396,15.288454,-0.295377,-551.341370,299.999725,0.000000
103.230003,67.451935,-551.430359,-0.002065,-0.001163,-0.029538,300.041199,15.284827,-0.295377,-551.430359,299.999725,0.000000
103.240005,67.457520,-551.341370,-0.002065,-0.001163,-0.029538,300.066040,15.286093,-0.295377,-551.341370,299.999725,0.000000
103.250008,67.462723,-551.430359,-0.002044,-0.001163,-0.029538,300.089172,15.287271,-0.295377,-551.430359,299.999725,0.000000
103.260002,67.469803,-551.341370,-0.002044,-0.001163,-0.029538,300.120667,15.288877,-0.295377,-551.341370,299.999725,0.000000
103.270004,67.471298,-551.385864,-0.002065,-0.001163,-0.029538,300.127319,15.289215,-0.295377,-551.385864,299.999725,0.000000
103.280006,67.470169,-551.430359,-0.002048,-0.001163,-0.029538,300.122314,15.288959,-0.295377,-551.430359,299.999725,0.000000
103.290009,67.460861,-551.341370,-0.002061,-0.001163,-0.029538,300.080902,15.286850,-0.295377,-551.341370,299.999725,0.000000
103.300003,67.453796,-551.430359,-0.002134,-0.001163,-0.029538,300.049469,15.285249,-0.295377,-551.430359,299.999725,0.000000
103.310005,67.463837,-551.430359,-0.002147,-0.001163,-0.029538,300.094147,15.287523,-0.295377,-551.430359,299.999725,0.000000
103.320007,67.456024,-551.341370,-0.002151,-0.001163,-0.029538,300.059387,15.285753,-0.295377,-551.341370,299.999725,0.000000
103.330002,67.466827,-551.430359,-0.002156,-0.001163,-0.029538,300.107422,15.288201,-0.295377,-551.430359,299.999725,0.000000
103.340004,67.467560,-551.341370,-0.002156,-0.001163,-0.029538,300.110687,15.288368,-0.295377,-551.341370,299.999725,0.000000
103.350006,67.471298,-551.474854,-0.002151,-0.001163,-0.029538,300.127319,15.289215,-0.295377,-551.474854,299.999725,0.000000
103.360008,67.464218,-551.430359,-0.002160,-0.001163,-0.029538,300.095825,15.287611,-0.295377,-551.430359,299.999725,0.000000
103.370003,67.466446,-551.385864,-0.002160,-0.001163,-0.029538,300.105743,15.288116,-0.295377,-551.385864,299.999725,0.000000
103.380005,67.462723,-551.430359,-0.002169,-0.001163,-0.029538,300.089172,15.287271,-0.295377,-551.430359,299.999725,0.000000
103.390007,67.455276,-551.341370,-0.002160,-0.001163,-0.029538,300.056061,15.285584,-0.295377,-551.341370,299.999725,0.000000
103.400002,67.457520,-551.430359,-0.002160,-0.001163,-0.029538,300.066040,15.286093,-0.295377,-551.430359,299.999725,0.000000
103.410004,67.462723,-551.385864,-0.002169,-0.001163,-0.029538,300.089172,15.287271,-0.295377,-551.385864,299.999725,0.000000
103.420006,67.463837,-551.385864,-0.002156,-0.001163,-0.029538,300.094147,15.287523,-0.295377,-551.385864,299.999725,0.000000
103.430008,67.449326,-551.519287,-0.002100,-0.001163,-0.029538,300.029572,15.284235,-0.295377,-551.519287,299.999725,0.000000
103.440002,67.460114,-551.341370,-0.002130,-0.001163,-0.029538,300.077576,15.286680,-0.295377,-551.341370,299.999725,0.000000
103.450005,67.465332,-551.430359,-0.002100,-0.001163,-0.029538,300.100800,15.287863,-0.295377,-551.430359,299.999725,0.000000
103.460007,67.470551,-551.385864,-0.002104,-0.001163,-0.029538,300.123993,15.289045,-0.295377,-551.385864,299.999725,0.000000
103.470001,67.460495,-551.385864,-0.002087,-0.001163,-0.029538,300.079254,15.286766,-0.295377,-551.385864,299.999725,0.000000
103.480003,67.473160,-551.430359,-0.002113,-0.001163,-0.029538,300.135590,15.289637,-0.295377,-551.430359,299.999725,0.000000
103.490005,67.471298,-551.341370,-0.002151,-0.001163,-0.029538,300.127319,15.289215,-0.295377,-551.341370,299.999725,0.000000
103.500008,67.468689,-551.474854,-0.002139,-0.001163,-0.029538,300.115723,15.288624,-0.295377,-551.474854,299.999725,0.000000
103.510002,67.467560,-551.341370,-0.002143,-0.001163,-0.029538,300.110687,15.288368,-0.295377,-551.341370,299.999725,0.000000
103.520004,67.460861,-551.385864,-0.002147,-0.001163,-0.029538,300.080902,15.286850,-0.295377,-551.385864,299.999725,0.000000
103.530006,67.472412,-551.474854,-0.002190,-0.001163,-0.029538,300.132294,15.289467,-0.295377,-551.474854,299.999725,0.000000
103.540009,67.475388,-551.296936,-0.002139,-0.001163,-0.029538,300.145508,15.290142,-0.295377,-551.296936,299.999725,0.000000
103.550003,67.465332,-551.430359,-0.002160,-0.001163,-0.029538,300.100800,15.287863,-0.295377,-551.430359,299.999725,0.000000
103.560005,67.461243,-551.341370,-0.002160,-0.001163,-0.029538,300.082581,15.286936,-0.295377,-551.341370,299.999725,0.000000
103.570007,67.463837,-551.341370,-0.002134,-0.001163,-0.029538,300.094147,15.287523,-0.295377,-551.341370,299.999725,0.000000
103.580002,67.457886,-551.474854,-0.002082,-0.001163,-0.029538,300.067657,15.286176,-0.295377,-551.474854,299.999725,0.000000
103.590004,67.461609,-551.252441,-0.002078,-0.001163,-0.029538,300.084229,15.287019,-0.295377,-551.252441,299.999725,0.000000
103.600006,67.467941,-551.430359,-0.002035,-0.001163,-0.029538,300.112396,15.288454,-0.295377,-551.430359,299.999725,0.000000
103.610008,67.475754,-551.430359,-0.002061,-0.001163,-0.029538,300.147156,15.290224,-0.295377,-551.430359,299.999725,0.000000
103.620003,67.467560,-551.385864,-0.002026,-0.001163,-0.029538,300.110687,15.288368,-0.295377,-551.385864,299.999725,0.000000
103.630005,67.460495,-551.430359,-0.002039,-0.001163,-0.029538,300.079254,15.286766,-0.295377,-551.430359,299.999725,0.000000
103.640007,67.457520,-551.385864,-0.002039,-0.001163,-0.029538,300.066040,15.286093,-0.295377,-551.385864,299.999725,0.000000
103.650002,67.467941,-551.430359,-0.002139,-0.001163,-0.029538,300.112396,15.288454,-0.295377,-551.430359,299.999725,0.000000
103.660004,67.468689,-551.341370,-0.002143,-0.001163,-0.029538,300.115723,15.288624,-0.295377,-551.341370,299.999725,0.000000
103.670006,67.474640,-551.341370,-0.002160,-0.001163,-0.029538,300.142181,15.289972,-0.295377,-551.341370,299.999725,0.000000
103.680008,67.479858,-551.474854,-0.002147,-0.001163,-0.029538,300.165405,15.291155,-0.295377,-551.474854,299.999725,0.000000
103.690002,67.471298,-551.385864,-0.002151,-0.001163,-0.029538,300.127319,15.289215,-0.295377,-551.385864,299.999725,0.000000
103.700005,67.463837,-551.474854,-0.002095,-0.001163,-0.029538,300.094147,15.287523,-0.295377,-551.474854,299.999725,0.000000
103.710007,67.464966,-551.385864,-0.002091,-0.001163,-0.029538,300.099152,15.287780,-0.295377,-551.385864,299.999725,0.000000
103.720001,67.459381,-551.385864,-0.002074,-0.001163,-0.029538,300.074310,15.286514,-0.295377,-551.385864,299.999725,0.000000
103.730003,67.464584,-551.474854,-0.002065,-0.001163,-0.029538,300.097473,15.287693,-0.295377,-551.474854,299.999725,0.000000
103.740005,67.470169,-551.341370,-0.002052,-0.001163,-0.029538,300.122314,15.288959,-0.295377,-551.341370,299.999725,0.000000
103.750008,67.460861,-551.474854,-0.002074,-0.001163,-0.029538,300.080902,15.286850,-0.295377,-551.474854,299.999725,0.000000
103.760002,67.464966,-551.385864,-0.002082,-0.001163,-0.029538,300.099152,15.287780,-0.295377,-551.385864,299.999725,0.000000
103.770004,67.465332,-551.385864,-0.002039,-0.001163,-0.029538,300.100800,15.287863,-0.295377,-551.385864,299.999725,0.000000
103.780006,67.451935,-551.474854,-0.002031,-0.001163,-0.029538,300.041199,15.284827,-0.295377,-551.474854,299.999725,0.000000
103.790009,67.464966,-551.341370,-0.002031,-0.001163,-0.029538,300.099152,15.287780,-0.295377,-551.341370,299.999725,0.000000
103.800003,67.453049,-551.385864,-0.002057,-0.001163,-0.029538,300.046143,15.285080,-0.295377,-551.385864,299.999725,0.000000
103.810005,67.461609,-551.385864,-0.002065,-0.001163,-0.029538,300.084229,15.287019,-0.295377,-551.385864,299.999725,0.000000
103.820007,67.463470,-551.385864,-0.002048,-0.001163,-0.029538,300.092499,15.287441,-0.295377,-551.385864,299.999725,0.000000
103.830002,67.462723,-551.430359,-0.002052,-0.001163,-0.029538,300.089172,15.287271,-0.295377,-551.430359,299.999725,0.000000
103.840004,67.460114,-551.385864,-0.002061,-0.001163,-0.029538,300.077576,15.286680,-0.295377,-551.385864,299.999725,0.000000
103.850006,67.465332,-551.430359,-0.002061,-0.001163,-0.029538,300.100800,15.287863,-0.295377,-551.430359,299.999725,0.000000
103.860008,67.456390,-551.385864,-0.002074,-0.001163,-0.029538,300.061005,15.285837,-0.295377,-551.385864,299.999725,0.000000
103.870003,67.464218,-551.385864,-0.002065,-0.001163,-0.029538,300.095825,15.287611,-0.295377,-551.385864,299.999725,0.000000
103.880005,67.460861,-551.474854,-0.002048,-0.001163,-0.029538,300.080902,15.286850,-0.295377,-551.474854,299.999725,0.000000
103.890007,67.461975,-551.385864,-0.002035,-0.001163,-0.029538,300.085846,15.287103,-0.295377,-551.385864,299.999725,0.000000
103.900002,67.464218,-551.474854,-0.002070,-0.001163,-0.029538,300.095825,15.287611,-0.295377,-551.474854,299.999725,0.000000
103.910004,67.466827,-551.385864,-0.002065,-0.001163,-0.029538,300.107422,15.288201,-0.295377,-551.385864,299.999725,0.000000
103.920006,67.474640,-551.341370,-0.002039,-0.001163,-0.029538,300.142181,15.289972,-0.295377,-551.341370,299.999725,0.000000
103.930008,67.461609,-551.474854,-0.002091,-0.001163,-0.029538,300.084229,15.287019,-0.295377,-551.474854,299.999725,0.000000
103.940002,67.461243,-551.385864,-0.002070,-0.001163,-0.029538,300.082581,15.286936,-0.295377,-551.385864,299.999725,0.000000
103.950005,67.459747,-551.430359,-0.002087,-0.001163,-0.029538,300.075928,15.286597,-0.295377,-551.430359,299.999725,0.000000
103.960007,67.461609,-551.430359,-0.002039,-0.001163,-0.029538,300.084229,15.287019,-0.295377,-551.430359,299.999725,0.000000
103.970001,67.469421,-551.385864,-0.002026,-0.001163,-0.029538,300.118988,15.288789,-0.295377,-551.385864,299.999725,0.000000
103.980003,67.469055,-551.430359,-0.002061,-0.001163,-0.029538,300.117340,15.288707,-0.295377,-551.430359,299.999725,0.000000
103.990005,67.461243,-551.385864,-0.002061,-0.001163,-0.029538,300.082581,15.286936,-0.295377,-551.385864,299.999725,0.000000
104.000008,67.456024,-551.430359,-0.002070,-0.001163,-0.029538,300.059387,15.285753,-0.295377,-551.430359,299.999725,0.000000
104.010002,67.456772,-551.385864,-0.002104,-0.001163,-0.029538,300.062714,15.285923,-0.295377,-551.385864,299.999725,0.000000
104.020004,67.458633,-551.385864,-0.002095,-0.001163,-0.029538,300.070984,15.286345,-0.295377,-551.385864,299.999725,0.000000
104.030006,67.460114,-551.385864,-0.002091,-0.001163,-0.029538,300.077576,15.286680,-0.295377,-551.385864,299.999725,0.000000
104.040009,67.466827,-551.341370,-0.002126,-0.001163,-0.029538,300.107422,15.288201,-0.295377,-551.341370,299.999725,0.000000
104.050003,67.455276,-551.430359,-0.002160,-0.001163,-0.029538,300.056061,15.285584,-0.295377,-551.430359,299.999725,0.000000
104.060005,67.450058,-551.430359,-0.002147,-0.001163,-0.029538,300.032837,15.284402,-0.295377,-551.430359,299.999725,0.000000
104.070007,67.462357,-551.385864,-0.002147,-0.001163,-0.029538,300.087555,15.287189,-0.295377,-551.385864,299.999725,0.000000
104.080002,67.460114,-551.474854,-0.002156,-0.001163,-0.029538,300.077576,15.286680,-0.295377,-551.474854,299.999725,0.000000
104.090004,67.460495,-551.341370,-0.002147,-0.001163,-0.029538,300.079254,15.286766,-0.295377,-551.341370,299.999725,0.000000
104.100006,67.472031,-551.474854,-0.002160,-0.001163,-0.029538,300.130585,15.289381,-0.295377,-551.474854,299.999725,0.000000
104.110008,67.463470,-551.474854,-0.002143,-0.001163,-0.029538,300.092499,15.287441,-0.295377,-551.474854,299.999725,0.000000
104.120003,67.450058,-551.430359,-0.002078,-0.001163,-0.029538,300.032837,15.284402,-0.295377,-551.430359,299.999725,0.000000
104.130005,67.451187,-551.430359,-0.002139,-0.001163,-0.029538,300.037872,15.284657,-0.295377,-551.430359,299.999725,0.000000
104.140007,67.466446,-551.341370,-0.002139,-0.001163,-0.029538,300.105743,15.288116,-0.295377,-551.341370,299.999725,0.000000
104.150002,67.472031,-551.519287,-0.002091,-0.001163,-0.029538,300.130585,15.289381,-0.295377,-551.519287,299.999725,0.000000
104.160004,67.469055,-551.430359,-0.002134,-0.001163,-0.029538,300.117340,15.288707,-0.295377,-551.430359,299.999725,0.000000
104.170006,67.464584,-551.341370,-0.002139,-0.001163,-0.029538,300.097473,15.287693,-0.295377,-551.341370,299.999725,0.000000
104.180008,67.456772,-551.563782,-0.002104,-0.001163,-0.029538,300.062714,15.285923,-0.295377,-551.563782,299.999725,0.000000
104.190002,67.461609,-551.430359,-0.002143,-0.001163,-0.029538,300.084229,15.287019,-0.295377,-551.430359,299.999725,0.000000
104.200005,67.458252,-551.474854,-0.002117,-0.001163,-0.029538,300.069305,15.286258,-0.295377,-551.474854,299.999725,0.000000
104.210007,67.456024,-551.385864,-0.002121,-0.001163,-0.029538,300.059387,15.285753,-0.295377,-551.385864,299.999725,0.000000
104.220001,67.461609,-551.341370,-0.002065,-0.001163,-0.029538,300.084229,15.287019,-0.295377,-551.341370,299.999725,0.000000
104.230003,67.464966,-551.519287,-0.002026,-0.001163,-0.029538,300.099152,15.287780,-0.295377,-551.519287,299.999725,0.000000
104.240005,67.459747,-551.385864,-0.002048,-0.001163,-0.029538,300.075928,15.286597,-0.295377,-551.385864,299.999725,0.000000
104.250008,67.465698,-551.430359,-0.002087,-0.001163,-0.029538,300.102417,15.287946,-0.295377,-551.430359,299.999725,0.000000
104.260002,67.458252,-551.385864,-0.002087,-0.001163,-0.029538,300.069305,15.286258,-0.295377,-551.385864,299.999725,0.000000
104.270004,67.457886,-551.385864,-0.002070,-0.001163,-0.029538,300.067657,15.286176,-0.295377,-551.385864,299.999725,0.000000
104.280006,67.459747,-551.474854,-0.002061,-0.001163,-0.029538,300.075928,15.286597,-0.295377,-551.474854,299.999725,0.000000
104.290009,67.457520,-551.341370,-0.002061,-0.001163,-0.029538,300.066040,15.286093,-0.295377,-551.341370,299.999725,0.000000
104.300003,67.461243,-551.430359,-0.002065,-0.001163,-0.029538,300.082581,15.286936,-0.295377,-551.430359,299.999725,0.000000
104.310005,67.461609,-551.430359,-0.002052,-0.001163,-0.029538,300.084229,15.287019,-0.295377,-551.430359,299.999725,0.000000
104.320007,67.467941,-551.341370,-0.002070,-0.001163,-0.029538,300.112396,15.288454,-0.295377,-551.341370,299.999725,0.000000
104.330002,67.464218,-551.474854,-0.002039,-0.001163,-0.029538,300.095825,15.287611,-0.295377,-551.474854,299.999725,0.000000
104.340004,67.469055,-551.430359,-0.002039,-0.001163,-0.029538,300.117340,15.288707,-0.295377,-551.430359,299.999725,0.000000
104.350006,67.466080,-551.430359,-0.002061,-0.001163,-0.029538,300.104126,15.288032,-0.295377,-551.430359,299.999725,0.000000
104.360008,67.463470,-551.430359,-0.002070,-0.001163,-0.029538,300.092499,15.287441,-0.295377,-551.430359,299.999725,0.000000
104.370003,67.463837,-551.474854,-0.002151,-0.001163,-0.029538,300.094147,15.287523,-0.295377,-551.474854,299.999725,0.000000
104.380005,67.465698,-551.519287,-0.002164,-0.001163,-0.029538,300.102417,15.287946,-0.295377,-551.519287,299.999725,0.000000
104.390007,67.464966,-551.385864,-0.002143,-0.001163,-0.029538,300.099152,15.287780,-0.295377,-551.385864,299.999725,0.000000
104.400002,67.456024,-551.474854,-0.002156,-0.001163,-0.029538,300.059387,15.285753,-0.295377,-551.474854,299.999725,0.000000
104.410004,67.461243,-551.430359,-0.002173,-0.001163,-0.029538,300.082581,15.286936,-0.295377,-551.430359,299.999725,0.000000
104.420006,67.461243,-551.385864,-0.002160,-0.001163,-0.029538,300.082581,15.286936,-0.295377,-551.385864,299.999725,0.000000
104.430008,67.460495,-551.474854,-0.002160,-0.001163,-0.029538,300.079254,15.286766,-0.295377,-551.474854,299.999725,0.000000
104.440002,67.470551,-551.430359,-0.002164,-0.001163,-0.029538,300.123993,15.289045,-0.295377,-551.430359,299.999725,0.000000
104.450005,67.462723,-551.430359,-0.002156,-0.001163,-0.029538,300.089172,15.287271,-0.295377,-551.430359,299.999725,0.000000
104.460007,67.460861,-551.430359,-0.002160,-0.001163,-0.029538,300.080902,15.286850,-0.295377,-551.430359,299.999725,0.000000
104.470001,67.467560,-551.430359,-0.002151,-0.001163,-0.029538,300.110687,15.288368,-0.295377,-551.430359,299.999725,0.000000
104.480003,67.465698,-551.430359,-0.002130,-0.001163,-0.029538,300.102417,15.287946,-0.295377,-551.430359,299.999725,0.000000
104.490005,67.467560,-551.430359,-0.002100,-0.001163,-0.029538,300.110687,15.288368,-0.295377,-551.430359,299.999725,0.000000
104.500008,67.464584,-551.519287,-0.002139,-0.001163,-0.029538,300.097473,15.287693,-0.295377,-551.519287,299.999725,0.000000
104.510002,67.470917,-551.385864,-0.002130,-0.001163,-0.029538,300.125641,15.289128,-0.295377,-551.385864,299.999725,0.000000
104.520004,67.464966,-551.385864,-0.002169,-0.001163,-0.029538,300.099152,15.287780,-0.295377,-551.385864,299.999725,0.000000
104.530006,67.454529,-551.519287,-0.002151,-0.001163,-0.029538,300.052734,15.285415,-0.295377,-551.519287,299.999725,0.000000
104.540009,67.460114,-551.430359,-0.002151,-0.001163,-0.029538,300.077576,15.286680,-0.295377,-551.430359,299.999725,0.000000
104.550003,67.456772,-551.430359,-0.002151,-0.001163,-0.029538,300.062714,15.285923,-0.295377,-551.430359,299.999725,0.000000
104.560005,67.462357,-551.474854,-0.002134,-0.001163,-0.029538,300.087555,15.287189,-0.295377,-551.474854,299.999725,0.000000
104.570007,67.469803,-551.430359,-0.002134,-0.001163,-0.029538,300.120667,15.288877,-0.295377,-551.430359,299.999725,0.000000
104.580002,67.468307,-551.474854,-0.002156,-0.001163,-0.029538,300.114014,15.288537,-0.295377,-551.474854,299.999725,0.000000
104.590004,67.463104,-551.296936,-0.002147,-0.001163,-0.029538,300.090881,15.287358,-0.295377,-551.296936,299.999725,0.000000
104.600006,67.456024,-551.563782,-0.002169,-0.001163,-0.029538,300.059387,15.285753,-0.295377,-551.563782,299.999725,0.000000
104.610008,67.451553,-551.430359,-0.002173,-0.001163,-0.029538,300.039490,15.284740,-0.295377,-551.430359,299.999725,0.000000
104.620003,67.455276,-551.474854,-0.002121,-0.001163,-0.029538,300.056061,15.285584,-0.295377,-551.474854,299.999725,0.000000
104.630005,67.463837,-551.519287,-0.002130,-0.001163,-0.029538,300.094147,15.287523,-0.295377,-551.519287,299.999725,0.000000
104.640007,67.464966,-551.474854,-0.002121,-0.001163,-0.029538,300.099152,15.287780,-0.295377,-551.474854,299.999725,0.000000
104.650002,67.464966,-551.474854,-0.002100,-0.001163,-0.029538,300.099152,15.287780,-0.295377,-551.474854,299.999725,0.000000
104.660004,67.461609,-551.430359,-0.002130,-0.001163,-0.029538,300.084229,15.287019,-0.295377,-551.430359,299.999725,0.000000
104.670006,67.454163,-551.474854,-0.002082,-0.001163,-0.029538,300.051086,15.285332,-0.295377,-551.474854,299.999725,0.000000
104.680008,67.456024,-551.474854,-0.002078,-0.001163,-0.029538,300.059387,15.285753,-0.295377,-551.474854,299.999725,0.000000
104.690002,67.458633,-551.385864,-0.002044,-0.001163,-0.029538,300.070984,15.286345,-0.295377,-551.385864,299.999725,0.000000
104.700005,67.466446,-551.519287,-0.002022,-0.001163,-0.029538,300.105743,15.288116,-0.295377,-551.519287,299.999725,0.000000
104.710007,67.466080,-551.430359,-0.002057,-0.001163,-0.029538,300.104126,15.288032,-0.295377,-551.430359,299.999725,0.000000
104.720001,67.459000,-551.430359,-0.002022,-0.001163,-0.029538,300.072632,15.286427,-0.295377,-551.430359,299.999725,0.000000
104.730003,67.453049,-551.474854,-0.002048,-0.001163,-0.029538,300.046143,15.285080,-0.295377,-551.474854,299.999725,0.000000
104.740005,67.463104,-551.385864,-0.002044,-0.001163,-0.029538,300.090881,15.287358,-0.295377,-551.385864,299.999725,0.000000
104.750008,67.454163,-551.474854,-0.002061,-0.001163,-0.029538,300.051086,15.285332,-0.295377,-551.474854,299.999725,0.000000
104.760002,67.468307,-551.430359,-0.002078,-0.001163,-0.029538,300.114014,15.288537,-0.295377,-551.430359,299.999725,0.000000
104.770004,67.460861,-551.430359,-0.002057,-0.001163,-0.029538,300.080902,15.286850,-0.295377,-551.430359,299.999725,0.000000
104.780006,67.457520,-551.519287,-0.002052,-0.001163,-0.029538,300.066040,15.286093,-0.295377,-551.519287,299.999725,0.000000
104.790009,67.463470,-551.341370,-0.002039,-0.001163,-0.029538,300.092499,15.287441,-0.295377,-551.341370,299.999725,0.000000
104.800003,67.461243,-551.474854,-0.002044,-0.001163,-0.029538,300.082581,15.286936,-0.295377,-551.474854,299.999725,0.000000
104.810005,67.455276,-551.385864,-0.002082,-0.001163,-0.029538,300.056061,15.285584,-0.295377,-551.385864,299.999725,0.000000
104.820007,67.458252,-551.430359,-0.002048,-0.001163,-0.029538,300.069305,15.286258,-0.295377,-551.430359,299.999725,0.000000
104.830002,67.456390,-551.519287,-0.002100,-0.001163,-0.029538,300.061005,15.285837,-0.295377,-551.519287,299.999725,0.000000
104.840004,67.463104,-551.385864,-0.002087,-0.001163,-0.029538,300.090881,15.287358,-0.295377,-551.385864,299.999725,0.000000
104.850006,67.453415,-551.430359,-0.002087,-0.001163,-0.029538,300.047760,15.285162,-0.295377,-551.430359,299.999725,0.000000
104.860008,67.464584,-551.430359,-0.002057,-0.001163,-0.029538,300.097473,15.287693,-0.295377,-551.430359,299.999725,0.000000
104.870003,67.467941,-551.430359,-0.002039,-0.001163,-0.029538,300.112396,15.288454,-0.295377,-551.430359,299.999725,0.000000
104.880005,67.466827,-551.519287,-0.002065,-0.001163,-0.029538,300.107422,15.288201,-0.295377,-551.519287,299.999725,0.000000
104.890007,67.470551,-551.385864,-0.002100,-0.001163,-0.029538,300.123993,15.289045,-0.295377,-551.385864,299.999725,0.000000
104.900002,67.468307,-551.519287,-0.002082,-0.001163,-0.029538,300.114014,15.288537,-0.295377,-551.519287,299.999725,0.000000
104.910004,67.457520,-551.474854,-0.002052,-0.001163,-0.029538,300.066040,15.286093,-0.295377,-551.474854,299.999725,0.000000
104.920006,67.438156,-551.430359,-0.002070,-0.001163,-0.029538,299.979889,15.281704,-0.295377,-551.430359,299.999725,0.000000
104.930008,67.463470,-551.474854,-0.002074,-0.001163,-0.029538,300.092499,15.287441,-0.295377,-551.474854,299.999725,0.000000
104.940002,67.465698,-551.430359,-0.002074,-0.001163,-0.029538,300.102417,15.287946,-0.295377,-551.430359,299.999725,0.000000
104.950005,67.462723,-551.474854,-0.002065,-0.001163,-0.029538,300.089172,15.287271,-0.295377,-551.474854,299.999725,0.000000
104.960007,67.461609,-551.474854,-0.002039,-0.001163,-0.029538,300.084229,15.287019,-0.295377,-551.474854,299.999725,0.000000
104.970001,67.454529,-551.341370,-0.002057,-0.001163,-0.029538,300.052734,15.285415,-0.295377,-551.341370,299.999725,0.000000
104.980003,67.459000,-551.519287,-0.002044,-0.001163,-0.029538,300.072632,15.286427,-0.295377,-551.519287,299.999725,0.000000
104.990005,67.450806,-551.385864,-0.002082,-0.001163,-0.029538,300.036163,15.284572,-0.295377,-551.385864,299.999725,0.000000
105.000008,67.449326,-551.474854,-0.002070,-0.001163,-0.029538,300.029572,15.284235,-0.295377,-551.474854,299.999725,0.000000
105.010002,67.454529,-551.430359,-0.002070,-0.001163,-0.029538,300.052734,15.285415,-0.295377,-551.430359,299.999725,0.000000
105.020004,67.460495,-551.430359,-0.002065,-0.001163,-0.029538,300.079254,15.286766,-0.295377,-551.430359,299.999725,0.000000
105.030006,67.465698,-551.563782,-0.002078,-0.001163,-0.029538,300.102417,15.287946,-0.295377,-551.563782,299.999725,0.000000
105.040009,67.466446,-551.385864,-0.002143,-0.001163,-0.029538,300.105743,15.288116,-0.295377,-551.385864,299.999725,0.000000
105.050003,67.460861,-551.430359,-0.002108,-0.001163,-0.029538,300.080902,15.286850,-0.295377,-551.430359,299.999725,0.000000
105.060005,67.456390,-551.430359,-0.002100,-0.001163,-0.029538,300.061005,15.285837,-0.295377,-551.430359,299.999725,0.000000
105.070007,67.456390,-551.430359,-0.002061,-0.001163,-0.029538,300.061005,15.285837,-0.295377,-551.430359,299.999725,0.000000
105.080002,67.449692,-551.563782,-0.002078,-0.001163,-0.029538,300.031219,15.284319,-0.295377,-551.563782,299.999725,0.000000
105.090004,67.452301,-551.385864,-0.002061,-0.001163,-0.029538,300.042816,15.284910,-0.295377,-551.385864,299.999725,0.000000
105.100006,67.455276,-551.474854,-0.002082,-0.001163,-0.029538,300.056061,15.285584,-0.295377,-551.474854,299.999725,0.000000
105.110008,67.458252,-551.474854,-0.002126,-0.001163,-0.029538,300.069305,15.286258,-0.295377,-551.474854,299.999725,0.000000
105.120003,67.462723,-551.430359,-0.002164,-0.001163,-0.029538,300.089172,15.287271,-0.295377,-551.430359,299.999725,0.000000
105.130005,67.454163,-551.519287,-0.002130,-0.001163,-0.029538,300.051086,15.285332,-0.295377,-551.519287,299.999725,0.000000
105.140007,67.462357,-551.430359,-0.002169,-0.001163,-0.029538,300.087555,15.287189,-0.295377,-551.430359,299.999725,0.000000
105.150002,67.465698,-551.519287,-0.002126,-0.001163,-0.029538,300.102417,15.287946,-0.295377,-551.519287,299.999725,0.000000
105.160004,67.465332,-551.430359,-0.002143,-0.001163,-0.029538,300.100800,15.287863,-0.295377,-551.430359,299.999725,0.000000
105.170006,67.463837,-551.341370,-0.002173,-0.001163,-0.029538,300.094147,15.287523,-0.295377,-551.341370,299.999725,0.000000
105.180008,67.459000,-551.474854,-0.002143,-0.001163,-0.029538,300.072632,15.286427,-0.295377,-551.474854,299.999725,0.000000
105.190002,67.455658,-551.385864,-0.002126,-0.001163,-0.029538,300.057739,15.285670,-0.295377,-551.385864,299.999725,0.000000
105.200005,67.457886,-551.519287,-0.002065,-0.001163,-0.029538,300.067657,15.286176,-0.295377,-551.519287,299.999725,0.000000
105.210007,67.452301,-551.474854,-0.002052,-0.001163,-0.029538,300.042816,15.284910,-0.295377,-551.474854,299.999725,0.000000
105.220001,67.462357,-551.430359,-0.002052,-0.001163,-0.029538,300.087555,15.287189,-0.295377,-551.430359,299.999725,0.000000
105.230003,67.462723,-551.519287,-0.002048,-0.001163,-0.029538,300.089172,15.287271,-0.295377,-551.519287,299.999725,0.000000
105.240005,67.462723,-551.385864,-0.002044,-0.001163,-0.029538,300.089172,15.287271,-0.295377,-551.385864,299.999725,0.000000
105.250008,67.458633,-551.563782,-0.002057,-0.001163,-0.029538,300.070984,15.286345,-0.295377,-551.563782,299.999725,0.000000
105.260002,67.461975,-551.474854,-0.002074,-0.001163,-0.029538,300.085846,15.287103,-0.295377,-551.474854,299.999725,0.000000
105.270004,67.450058,-551.385864,-0.002039,-0.001163,-0.029538,300.032837,15.284402,-0.295377,-551.385864,299.999725,0.000000
105.280006,67.446716,-551.563782,-0.002087,-0.001163,-0.029538,300.017975,15.283645,-0.295377,-551.563782,299.999725,0.000000
105.290009,67.457886,-551.385864,-0.002052,-0.001163,-0.029538,300.067657,15.286176,-0.295377,-551.385864,299.999725,0.000000
105.300003,67.466446,-551.474854,-0.002061,-0.001163,-0.029538,300.105743,15.288116,-0.295377,-551.474854,299.999725,0.000000
105.310005,67.469421,-551.474854,-0.002048,-0.001163,-0.029538,300.118988,15.288789,-0.295377,-551.474854,299.999725,0.000000
105.320007,67.466827,-551.385864,-0.002052,-0.001163,-0.029538,300.107422,15.288201,-0.295377,-551.385864,299.999725,0.000000
105.330002,67.472412,-551.563782,-0.002039,-0.001163,-0.029538,300.132294,15.289467,-0.295377,-551.563782,299.999725,0.000000
105.340004,67.465698,-551.430359,-0.002022,-0.001163,-0.029538,300.102417,15.287946,-0.295377,-551.430359,299.999725,0.000000
105.350006,67.458252,-551.474854,-0.002074,-0.001163,-0.029538,300.069305,15.286258,-0.295377,-551.474854,299.999725,0.000000
105.360008,67.460114,-551.474854,-0.002147,-0.001163,-0.029538,300.077576,15.286680,-0.295377,-551.474854,299.999725,0.000000
105.370003,67.467560,-551.430359,-0.002121,-0.001163,-0.029538,300.110687,15.288368,-0.295377,-551.430359,299.999725,0.000000
105.380005,67.465698,-551.519287,-0.002113,-0.001163,-0.029538,300.102417,15.287946,-0.295377,-551.519287,299.999725,0.000000
105.390007,67.467941,-551.474854,-0.002130,-0.001163,-0.029538,300.112396,15.288454,-0.295377,-551.474854,299.999725,0.000000
105.400002,67.458633,-551.563782,-0.002126,-0.001163,-0.029538,300.070984,15.286345,-0.295377,-551.563782,299.999725,0.000000
105.410004,67.454163,-551.474854,-0.002147,-0.001163,-0.029538,300.051086,15.285332,-0.295377,-551.474854,299.999725,0.000000
105.420006,67.465332,-551.430359,-0.002160,-0.001163,-0.029538,300.100800,15.287863,-0.295377,-551.430359,299.999725,0.000000
105.430008,67.462357,-551.519287,-0.002147,-0.001163,-0.029538,300.087555,15.287189,-0.295377,-551.519287,299.999725,0.000000
105.440002,67.471664,-551.385864,-0.002117,-0.001163,-0.029538,300.128967,15.289297,-0.295377,-551.385864,299.999725,0.000000
105.450005,67.464584,-551.474854,-0.002126,-0.001163,-0.029538,300.097473,15.287693,-0.295377,-551.474854,299.999725,0.000000
105.460007,67.460495,-551.474854,-0.002134,-0.001163,-0.029538,300.079254,15.286766,-0.295377,-551.474854,299.999725,0.000000
105.470001,67.455658,-551.430359,-0.002130,-0.001163,-0.029538,300.057739,15.285670,-0.295377,-551.430359,299.999725,0.000000
105.480003,67.464218,-551.519287,-0.002087,-0.001163,-0.029538,300.095825,15.287611,-0.295377,-551.519287,299.999725,0.000000
105.490005,67.463470,-551.385864,-0.002104,-0.001163,-0.029538,300.092499,15.287441,-0.295377,-551.385864,299.999725,0.000000
105.500008,67.462357,-551.474854,-0.002121,-0.001163,-0.029538,300.087555,15.287189,-0.295377,-551.474854,299.999725,0.000000
105.510002,67.457520,-551.474854,-0.002104,-0.001163,-0.029538,300.066040,15.286093,-0.295377,-551.474854,299.999725,0.000000
105.520004,67.463470,-551.430359,-0.002078,-0.001163,-0.029538,300.092499,15.287441,-0.295377,-551.430359,299.999725,0.000000
105.530006,67.454163,-551.519287,-0.002070,-0.001163,-0.029538,300.051086,15.285332,-0.295377,-551.519287,299.999725,0.000000
105.540009,67.452667,-551.430359,-0.002031,-0.001163,-0.029538,300.044464,15.284992,-0.295377,-551.430359,299.999725,0.000000
105.550003,67.460495,-551.563782,-0.002039,-0.001163,-0.029538,300.079254,15.286766,-0.295377,-551.563782,299.999725,0.000000
105.560005,67.451935,-551.474854,-0.002070,-0.001163,-0.029538,300.041199,15.284827,-0.295377,-551.474854,299.999725,0.000000
105.570007,67.464584,-551.430359,-0.002108,-0.001163,-0.029538,300.097473,15.287693,-0.295377,-551.430359,299.999725,0.000000
105.580002,67.466446,-551.474854,-0.002061,-0.001163,-0.029538,300.105743,15.288116,-0.295377,-551.474854,299.999725,0.000000
105.590004,67.464584,-551.385864,-0.002121,-0.001163,-0.029538,300.097473,15.287693,-0.295377,-551.385864,299.999725,0.000000
105.600006,67.460861,-551.519287,-0.002134,-0.001163,-0.029538,300.080902,15.286850,-0.295377,-551.519287,299.999725,0.000000
105.610008,67.453415,-551.474854,-0.002169,-0.001163,-0.029538,300.047760,15.285162,-0.295377,-551.474854,299.999725,0.000000
105.620003,67.456772,-551.474854,-0.002160,-0.001163,-0.029538,300.062714,15.285923,-0.295377,-551.474854,299.999725,0.000000
105.630005,67.456390,-551.563782,-0.002151,-0.001163,-0.029538,300.061005,15.285837,-0.295377,-551.563782,299.999725,0.000000
105.640007,67.453415,-551.385864,-0.002108,-0.001163,-0.029538,300.047760,15.285162,-0.295377,-551.385864,299.999725,0.000000
105.650002,67.456024,-551.474854,-0.002091,-0.001163,-0.029538,300.059387,15.285753,-0.295377,-551.474854,299.999725,0.000000
105.660004,67.459000,-551.474854,-0.002078,-0.001163,-0.029538,300.072632,15.286427,-0.295377,-551.474854,299.999725,0.000000
105.670006,67.460861,-551.474854,-0.002108,-0.001163,-0.029538,300.080902,15.286850,-0.295377,-551.474854,299.999725,0.000000
105.680008,67.460495,-551.519287,-0.002095,-0.001163,-0.029538,300.079254,15.286766,-0.295377,-551.519287,299.999725,0.000000
105.690002,67.461243,-551.341370,-0.002121,-0.001163,-0.029538,300.082581,15.286936,-0.295377,-551.341370,299.999725,0.000000
105.700005,67.456772,-551.519287,-0.002121,-0.001163,-0.029538,300.062714,15.285923,-0.295377,-551.519287,299.999725,0.000000
105.710007,67.467560,-551.430359,-0.002126,-0.001163,-0.029538,300.110687,15.288368,-0.295377,-551.430359,299.999725,0.000000
105.720001,67.468307,-551.430359,-0.002117,-0.001163,-0.029538,300.114014,15.288537,-0.295377,-551.430359,299.999725,0.000000
105.730003,67.454529,-551.474854,-0.002070,-0.001163,-0.029538,300.052734,15.285415,-0.295377,-551.474854,299.999725,0.000000
105.740005,67.448196,-551.430359,-0.002108,-0.001163,-0.029538,300.024567,15.283979,-0.295377,-551.430359,299.999725,0.000000
105.750008,67.454163,-551.563782,-0.002121,-0.001163,-0.029538,300.051086,15.285332,-0.295377,-551.563782,299.999725,0.000000
105.760002,67.460114,-551.474854,-0.002143,-0.001163,-0.029538,300.077576,15.286680,-0.295377,-551.474854,299.999725,0.000000
105.770004,67.461243,-551.474854,-0.002143,-0.001163,-0.029538,300.082581,15.286936,-0.295377,-551.474854,299.999725,0.000000
105.780006,67.464966,-551.563782,-0.002143,-0.001163,-0.029538,300.099152,15.287780,-0.295377,-551.563782,299.999725,0.000000
105.790009,67.459747,-551.430359,-0.002100,-0.001163,-0.029538,300.075928,15.286597,-0.295377,-551.430359,299.999725,0.000000
105.800003,67.448196,-551.474854,-0.002087,-0.001163,-0.029538,300.024567,15.283979,-0.295377,-551.474854,299.999725,0.000000
105.810005,67.450806,-551.474854,-0.002078,-0.001163,-0.029538,300.036163,15.284572,-0.295377,-551.474854,299.999725,0.000000
105.820007,67.460495,-551.430359,-0.002065,-0.001163,-0.029538,300.079254,15.286766,-0.295377,-551.430359,299.999725,0.000000
105.830002,67.460114,-551.563782,-0.002087,-0.001163,-0.029538,300.077576,15.286680,-0.295377,-551.563782,299.999725,0.000000
105.840004,67.463470,-551.430359,-0.002104,-0.001163,-0.029538,300.092499,15.287441,-0.295377,-551.430359,299.999725,0.000000
105.850006,67.457138,-551.519287,-0.002121,-0.001163,-0.029538,300.064331,15.286006,-0.295377,-551.519287,299.999725,0.000000
105.860008,67.455658,-551.474854,-0.002156,-0.001163,-0.029538,300.057739,15.285670,-0.295377,-551.474854,299.999725,0.000000
105.870003,67.456024,-551.474854,-0.002134,-0.001163,-0.029538,300.059387,15.285753,-0.295377,-551.474854,299.999725,0.000000
105.880005,67.457520,-551.608276,-0.002117,-0.001163,-0.029538,300.066040,15.286093,-0.295377,-551.608276,299.999725,0.000000
105.890007,67.455276,-551.385864,-0.002082,-0.001163,-0.029538,300.056061,15.285584,-0.295377,-551.385864,299.999725,0.000000
105.900002,67.459747,-551.519287,-0.002074,-0.001163,-0.029538,300.075928,15.286597,-0.295377,-551.519287,299.999725,0.000000
105.910004,67.464218,-551.474854,-0.002026,-0.001163,-0.029538,300.095825,15.287611,-0.295377,-551.474854,299.999725,0.000000
105.920006,67.467560,-551.519287,-0.002018,-0.001163,-0.029538,300.110687,15.288368,-0.295377,-551.519287,299.999725,0.000000
105.930008,67.462357,-551.474854,-0.002044,-0.001163,-0.029538,300.087555,15.287189,-0.295377,-551.474854,299.999725,0.000000
105.940002,67.463104,-551.430359,-0.002035,-0.001163,-0.029538,300.090881,15.287358,-0.295377,-551.430359,299.999725,0.000000
105.950005,67.447464,-551.563782,-0.002057,-0.001163,-0.029538,300.021301,15.283814,-0.295377,-551.563782,299.999725,0.000000
105.960007,67.442245,-551.430359,-0.002052,-0.001163,-0.029538,299.998077,15.282631,-0.295377,-551.430359,299.999725,0.000000
105.970001,67.460114,-551.474854,-0.002048,-0.001163,-0.029538,300.077576,15.286680,-0.295377,-551.474854,299.999725,0.000000
105.980003,67.460861,-551.563782,-0.002052,-0.001163,-0.029538,300.080902,15.286850,-0.295377,-551.563782,299.999725,0.000000
105.990005,67.457886,-551.430359,-0.002035,-0.001163,-0.029538,300.067657,15.286176,-0.295377,-551.430359,299.999725,0.000000
106.000008,67.448196,-551.563782,-0.002052,-0.001163,-0.029538,300.024567,15.283979,-0.295377,-551.563782,299.999725,0.000000
106.010002,67.457886,-551.519287,-0.002104,-0.001163,-0.029538,300.067657,15.286176,-0.295377,-551.519287,299.999725,0.000000
106.020004,67.463837,-551.474854,-0.002151,-0.001163,-0.029538,300.094147,15.287523,-0.295377,-551.474854,299.999725,0.000000
106.030006,67.447464,-551.563782,-0.002100,-0.001163,-0.029538,300.021301,15.283814,-0.295377,-551.563782,299.999725,0.000000
106.040009,67.442612,-551.430359,-0.002130,-0.001163,-0.029538,299.999725,15.282714,-0.295377,-551.430359,299.999725,0.000000
106.050003,67.448944,-551.519287,-0.002160,-0.001163,-0.029538,300.027893,15.284149,-0.295377,-551.519287,299.999725,0.000000
106.060005,67.455658,-551.430359,-0.002199,-0.001163,-0.029538,300.057739,15.285670,-0.295377,-551.430359,299.999725,0.000000
106.070007,67.464584,-551.430359,-0.002126,-0.001163,-0.029538,300.097473,15.287693,-0.295377,-551.430359,299.999725,0.000000
106.080002,67.454529,-551.519287,-0.002113,-0.001163,-0.029538,300.052734,15.285415,-0.295377,-551.519287,299.999725,0.000000
106.090004,67.453796,-551.430359,-0.002091,-0.001163,-0.029538,300.049469,15.285249,-0.295377,-551.430359,299.999725,0.000000
106.100006,67.444855,-551.519287,-0.002065,-0.001163,-0.029538,300.009705,15.283222,-0.295377,-551.519287,299.999725,0.000000
106.110008,67.444855,-551.474854,-0.002044,-0.001163,-0.029538,300.009705,15.283222,-0.295377,-551.474854,299.999725,0.000000
106.120003,67.451187,-551.430359,-0.002065,-0.001163,-0.029538,300.037872,15.284657,-0.295377,-551.430359,299.999725,0.000000
106.130005,67.453049,-551.519287,-0.002070,-0.001163,-0.029538,300.046143,15.285080,-0.295377,-551.519287,299.999725,0.000000
106.140007,67.461975,-551.474854,-0.002044,-0.001163,-0.029538,300.085846,15.287103,-0.295377,-551.474854,299.999725,0.000000
106.150002,67.460495,-551.519287,-0.002044,-0.001163,-0.029538,300.079254,15.286766,-0.295377,-551.519287,299.999725,0.000000
106.160004,67.452301,-551.430359,-0.002065,-0.001163,-0.029538,300.042816,15.284910,-0.295377,-551.430359,299.999725,0.000000
106.170006,67.459000,-551.474854,-0.002065,-0.001163,-0.029538,300.072632,15.286427,-0.295377,-551.474854,299.999725,0.000000
106.180008,67.456390,-551.608276,-0.002078,-0.001163,-0.029538,300.061005,15.285837,-0.295377,-551.608276,299.999725,0.000000
106.190002,67.467194,-551.430359,-0.002091,-0.001163,-0.029538,300.109070,15.288284,-0.295377,-551.430359,299.999725,0.000000
106.200005,67.472412,-551.519287,-0.002095,-0.001163,-0.029538,300.132294,15.289467,-0.295377,-551.519287,299.999725,0.000000
106.210007,67.461243,-551.474854,-0.002113,-0.001163,-0.029538,300.082581,15.286936,-0.295377,-551.474854,299.999725,0.000000
106.220009,67.459381,-551.430359,-0.002100,-0.001163,-0.029538,300.074310,15.286514,-0.295377,-551.430359,299.999725,0.000000
106.230003,67.462723,-551.519287,-0.002061,-0.001163,-0.029538,300.089172,15.287271,-0.295377,-551.519287,299.999725,0.000000
106.240005,67.461243,-551.474854,-0.002082,-0.001163,-0.029538,300.082581,15.286936,-0.295377,-551.474854,299.999725,0.000000
106.250008,67.451553,-551.474854,-0.002065,-0.001163,-0.029538,300.039490,15.284740,-0.295377,-551.474854,299.999725,0.000000
106.260002,67.453415,-551.430359,-0.002061,-0.001163,-0.029538,300.047760,15.285162,-0.295377,-551.430359,299.999725,0.000000
106.270004,67.453796,-551.474854,-0.002091,-0.001163,-0.029538,300.049469,15.285249,-0.295377,-551.474854,299.999725,0.000000
106.280006,67.460114,-551.519287,-0.002100,-0.001163,-0.029538,300.077576,15.286680,-0.295377,-551.519287,299.999725,0.000000
106.290009,67.463837,-551.430359,-0.002070,-0.001163,-0.029538,300.094147,15.287523,-0.295377,-551.430359,299.999725,0.000000
106.300003,67.448944,-551.563782,-0.002074,-0.001163,-0.029538,300.027893,15.284149,-0.295377,-551.563782,299.999725,0.000000
106.310005,67.457520,-551.563782,-0.002052,-0.001163,-0.029538,300.066040,15.286093,-0.295377,-551.563782,299.999725,0.000000
106.320007,67.450058,-551.430359,-0.002052,-0.001163,-0.029538,300.032837,15.284402,-0.295377,-551.430359,299.999725,0.000000
106.330002,67.441498,-551.519287,-0.002108,-0.001163,-0.029538,299.994751,15.282461,-0.295377,-551.519287,299.999725,0.000000
106.340004,67.452667,-551.430359,-0.002057,-0.001163,-0.029538,300.044464,15.284992,-0.295377,-551.430359,299.999725,0.000000
106.350006,67.454910,-551.519287,-0.002065,-0.001163,-0.029538,300.054413,15.285501,-0.295377,-551.519287,299.999725,0.000000
106.360008,67.448196,-551.519287,-0.002039,-0.001163,-0.029538,300.024567,15.283979,-0.295377,-551.519287,299.999725,0.000000
106.370003,67.445602,-551.474854,-0.002078,-0.001163,-0.029538,300.013031,15.283392,-0.295377,-551.474854,299.999725,0.000000
106.380005,67.453049,-551.608276,-0.002061,-0.001163,-0.029538,300.046143,15.285080,-0.295377,-551.608276,299.999725,0.000000
106.390007,67.466827,-551.474854,-0.002104,-0.001163,-0.029538,300.107422,15.288201,-0.295377,-551.474854,299.999725,0.000000
106.400002,67.455658,-551.474854,-0.002074,-0.001163,-0.029538,300.057739,15.285670,-0.295377,-551.474854,299.999725,0.000000
106.410004,67.450806,-551.474854,-0.002082,-0.001163,-0.029538,300.036163,15.284572,-0.295377,-551.474854,299.999725,0.000000
106.420006,67.450439,-551.474854,-0.002048,-0.001163,-0.029538,300.034546,15.284488,-0.295377,-551.474854,299.999725,0.000000
106.430008,67.448944,-551.608276,-0.002057,-0.001163,-0.029538,300.027893,15.284149,-0.295377,-551.608276,299.999725,0.000000
106.440002,67.467194,-551.430359,-0.002070,-0.001163,-0.029538,300.109070,15.288284,-0.295377,-551.430359,299.999725,0.000000
106.450005,67.464584,-551.608276,-0.002134,-0.001163,-0.029538,300.097473,15.287693,-0.295377,-551.608276,299.999725,0.000000
106.460007,67.466446,-551.474854,-0.002113,-0.001163,-0.029538,300.105743,15.288116,-0.295377,-551.474854,299.999725,0.000000
106.470009,67.473526,-551.430359,-0.002121,-0.001163,-0.029538,300.137238,15.289720,-0.295377,-551.430359,299.999725,0.000000
106.480003,67.450058,-551.608276,-0.002130,-0.001163,-0.029538,300.032837,15.284402,-0.295377,-551.608276,299.999725,0.000000
106.490005,67.445221,-551.385864,-0.002169,-0.001163,-0.029538,300.011322,15.283306,-0.295377,-551.385864,299.999725,0.000000
106.500008,67.449326,-551.608276,-0.002186,-0.001163,-0.029538,300.029572,15.284235,-0.295377,-551.608276,299.999725,0.000000
106.510002,67.456390,-551.474854,-0.002156,-0.001163,-0.029538,300.061005,15.285837,-0.295377,-551.474854,299.999725,0.000000
106.520004,67.457520,-551.474854,-0.002104,-0.001163,-0.029538,300.066040,15.286093,-0.295377,-551.474854,299.999725,0.000000
106.530006,67.460114,-551.563782,-0.002143,-0.001163,-0.029538,300.077576,15.286680,-0.295377,-551.563782,299.999725,0.000000
106.540009,67.461243,-551.430359,-0.002126,-0.001163,-0.029538,300.082581,15.286936,-0.295377,-551.430359,299.999725,0.000000
106.550003,67.457520,-551.563782,-0.002126,-0.001163,-0.029538,300.066040,15.286093,-0.295377,-551.563782,299.999725,0.000000
106.560005,67.457886,-551.519287,-0.002147,-0.001163,-0.029538,300.067657,15.286176,-0.295377,-551.519287,299.999725,0.000000
106.570007,67.449326,-551.474854,-0.002156,-0.001163,-0.029538,300.029572,15.284235,-0.295377,-551.474854,299.999725,0.000000
106.580002,67.455276,-551.608276,-0.002134,-0.001163,-0.029538,300.056061,15.285584,-0.295377,-551.608276,299.999725,0.000000
106.590004,67.455276,-551.430359,-0.002156,-0.001163,-0.029538,300.056061,15.285584,-0.295377,-551.430359,299.999725,0.000000
106.600006,67.447464,-551.563782,-0.002160,-0.001163,-0.029538,300.021301,15.283814,-0.295377,-551.563782,299.999725,0.000000
106.610008,67.453796,-551.430359,-0.002143,-0.001163,-0.029538,300.049469,15.285249,-0.295377,-551.430359,299.999725,0.000000
106.620003,67.464966,-551.519287,-0.002139,-0.001163,-0.029538,300.099152,15.287780,-0.295377,-551.519287,299.999725,0.000000
106.630005,67.461243,-551.608276,-0.002164,-0.001163,-0.029538,300.082581,15.286936,-0.295377,-551.608276,299.999725,0.000000
106.640007,67.466446,-551.430359,-0.002195,-0.001163,-0.029538,300.105743,15.288116,-0.295377,-551.430359,299.999725,0.000000
106.650002,67.457138,-551.563782,-0.002164,-0.001163,-0.029538,300.064331,15.286006,-0.295377,-551.563782,299.999725,0.000000
106.660004,67.454163,-551.474854,-0.002177,-0.001163,-0.029538,300.051086,15.285332,-0.295377,-551.474854,299.999725,0.000000
106.670006,67.451935,-551.474854,-0.002151,-0.001163,-0.029538,300.041199,15.284827,-0.295377,-551.474854,299.999725,0.000000
106.680008,67.446716,-551.563782,-0.002156,-0.001163,-0.029538,300.017975,15.283645,-0.295377,-551.563782,299.999725,0.000000
106.690002,67.460495,-551.385864,-0.002130,-0.001163,-0.029538,300.079254,15.286766,-0.295377,-551.385864,299.999725,0.000000
106.700005,67.457520,-551.519287,-0.002108,-0.001163,-0.029538,300.066040,15.286093,-0.295377,-551.519287,299.999725,0.000000
106.710007,67.461609,-551.474854,-0.002074,-0.001163,-0.029538,300.084229,15.287019,-0.295377,-551.474854,299.999725,0.000000
106.720009,67.456024,-551.519287,-0.002031,-0.001163,-0.029538,300.059387,15.285753,-0.295377,-551.519287,299.999725,0.000000
106.730003,67.447083,-551.563782,-0.002100,-0.001163,-0.029538,300.019592,15.283727,-0.295377,-551.563782,299.999725,0.000000
106.740005,67.451553,-551.474854,-0.002100,-0.001163,-0.029538,300.039490,15.284740,-0.295377,-551.474854,299.999725,0.000000
106.750008,67.447830,-551.563782,-0.002113,-0.001163,-0.029538,300.022919,15.283896,-0.295377,-551.563782,299.999725,0.000000
106.760002,67.469055,-551.474854,-0.002121,-0.001163,-0.029538,300.117340,15.288707,-0.295377,-551.474854,299.999725,0.000000
106.770004,67.461243,-551.474854,-0.002108,-0.001163,-0.029538,300.082581,15.286936,-0.295377,-551.474854,299.999725,0.000000
106.780006,67.454163,-551.563782,-0.002048,-0.001163,-0.029538,300.051086,15.285332,-0.295377,-551.563782,299.999725,0.000000
106.790009,67.457886,-551.430359,-0.002044,-0.001163,-0.029538,300.067657,15.286176,-0.295377,-551.430359,299.999725,0.000000
106.800003,67.451935,-551.563782,-0.002074,-0.001163,-0.029538,300.041199,15.284827,-0.295377,-551.563782,299.999725,0.000000
106.810005,67.456772,-551.474854,-0.002022,-0.001163,-0.029538,300.062714,15.285923,-0.295377,-551.474854,299.999725,0.000000
106.820007,67.446335,-551.519287,-0.002095,-0.001163,-0.029538,300.016296,15.283558,-0.295377,-551.519287,299.999725,0.000000
106.830002,67.456024,-551.563782,-0.002087,-0.001163,-0.029538,300.059387,15.285753,-0.295377,-551.563782,299.999725,0.000000
106.840004,67.455276,-551.474854,-0.002061,-0.001163,-0.029538,300.056061,15.285584,-0.295377,-551.474854,299.999725,0.000000
106.850006,67.460861,-551.608276,-0.002031,-0.001163,-0.029538,300.080902,15.286850,-0.295377,-551.608276,299.999725,0.000000
106.860008,67.476135,-551.474854,-0.002048,-0.001163,-0.029538,300.148834,15.290311,-0.295377,-551.474854,299.999725,0.000000
106.870003,67.460114,-551.474854,-0.002048,-0.001163,-0.029538,300.077576,15.286680,-0.295377,-551.474854,299.999725,0.000000
106.880005,67.445221,-551.608276,-0.002117,-0.001163,-0.029538,300.011322,15.283306,-0.295377,-551.608276,299.999725,0.000000
106.890007,67.446716,-551.474854,-0.002169,-0.001163,-0.029538,300.017975,15.283645,-0.295377,-551.474854,299.999725,0.000000
106.900002,67.437775,-551.563782,-0.002160,-0.001163,-0.029538,299.978210,15.281618,-0.295377,-551.563782,299.999725,0.000000
106.910004,67.446716,-551.474854,-0.002173,-0.001163,-0.029538,300.017975,15.283645,-0.295377,-551.474854,299.999725,0.000000
106.920006,67.459747,-551.474854,-0.002151,-0.001163,-0.029538,300.075928,15.286597,-0.295377,-551.474854,299.999725,0.000000
106.930008,67.464218,-551.563782,-0.002130,-0.001163,-0.029538,300.095825,15.287611,-0.295377,-551.563782,299.999725,0.000000
106.940002,67.466446,-551.474854,-0.002169,-0.001163,-0.029538,300.105743,15.288116,-0.295377,-551.474854,299.999725,0.000000
106.950005,67.450806,-551.519287,-0.002169,-0.001163,-0.029538,300.036163,15.284572,-0.295377,-551.519287,299.999725,0.000000
106.960007,67.459000,-551.608276,-0.002151,-0.001163,-0.029538,300.072632,15.286427,-0.295377,-551.608276,299.999725,0.000000
106.970009,67.446335,-551.474854,-0.002190,-0.001163,-0.029538,300.016296,15.283558,-0.295377,-551.474854,299.999725,0.000000
106.980003,67.441132,-551.563782,-0.002160,-0.001163,-0.029538,299.993134,15.282379,-0.295377,-551.563782,299.999725,0.000000
106.990005,67.449692,-551.385864,-0.002147,-0.001163,-0.029538,300.031219,15.284319,-0.295377,-551.385864,299.999725,0.000000
107.000008,67.469803,-551.608276,-0.002113,-0.001163,-0.029538,300.120667,15.288877,-0.295377,-551.608276,299.999725,0.000000
107.010002,67.469421,-551.474854,-0.002147,-0.001163,-0.029538,300.118988,15.288789,-0.295377,-551.474854,299.999725,0.000000
107.020004,67.460495,-551.430359,-0.002147,-0.001163,-0.029538,300.079254,15.286766,-0.295377,-551.430359,299.999725,0.000000
107.030006,67.451553,-551.608276,-0.002160,-0.001163,-0.029538,300.039490,15.284740,-0.295377,-551.608276,299.999725,0.000000
107.040009,67.445602,-551.474854,-0.002169,-0.001163,-0.029538,300.013031,15.283392,-0.295377,-551.474854,299.999725,0.000000
107.050003,67.445969,-551.563782,-0.002156,-0.001163,-0.029538,300.014648,15.283475,-0.295377,-551.563782,299.999725,0.000000
107.060005,67.453796,-551.474854,-0.002156,-0.001163,-0.029538,300.049469,15.285249,-0.295377,-551.474854,299.999725,0.000000
107.070007,67.454529,-551.474854,-0.002151,-0.001163,-0.029538,300.052734,15.285415,-0.295377,-551.474854,299.999725,0.000000
107.080002,67.457520,-551.563782,-0.002169,-0.001163,-0.029538,300.066040,15.286093,-0.295377,-551.563782,299.999725,0.000000
107.090004,67.456024,-551.474854,-0.002177,-0.001163,-0.029538,300.059387,15.285753,-0.295377,-551.474854,299.999725,0.000000
107.100006,67.449692,-551.563782,-0.002108,-0.001163,-0.029538,300.031219,15.284319,-0.295377,-551.563782,299.999725,0.000000
107.110008,67.456024,-551.563782,-0.002031,-0.001163,-0.029538,300.059387,15.285753,-0.295377,-551.563782,299.999725,0.000000
107.120003,67.455276,-551.474854,-0.002031,-0.001163,-0.029538,300.056061,15.285584,-0.295377,-551.474854,299.999725,0.000000
107.130005,67.448578,-551.563782,-0.002074,-0.001163,-0.029538,300.026245,15.284066,-0.295377,-551.563782,299.999725,0.000000
107.140007,67.452301,-551.430359,-0.002026,-0.001163,-0.029538,300.042816,15.284910,-0.295377,-551.430359,299.999725,0.000000
107.150002,67.439270,-551.563782,-0.002057,-0.001163,-0.029538,299.984863,15.281957,-0.295377,-551.563782,299.999725,0.000000
107.160004,67.442612,-551.430359,-0.002078,-0.001163,-0.029538,299.999725,15.282714,-0.295377,-551.430359,299.999725,0.000000
107.170006,67.456390,-551.519287,-0.002134,-0.001163,-0.029538,300.061005,15.285837,-0.295377,-551.519287,299.999725,0.000000
107.180008,67.463104,-551.563782,-0.002139,-0.001163,-0.029538,300.090881,15.287358,-0.295377,-551.563782,299.999725,0.000000
107.190002,67.454910,-551.430359,-0.002104,-0.001163,-0.029538,300.054413,15.285501,-0.295377,-551.430359,299.999725,0.000000
107.200005,67.451187,-551.563782,-0.002091,-0.001163,-0.029538,300.037872,15.284657,-0.295377,-551.563782,299.999725,0.000000
107.210007,67.455658,-551.519287,-0.002061,-0.001163,-0.029538,300.057739,15.285670,-0.295377,-551.519287,299.999725,0.000000
107.220009,67.449326,-551.430359,-0.002061,-0.001163,-0.029538,300.029572,15.284235,-0.295377,-551.430359,299.999725,0.000000
107.230003,67.451553,-551.563782,-0.002039,-0.001163,-0.029538,300.039490,15.284740,-0.295377,-551.563782,299.999725,0.000000
107.240005,67.463104,-551.474854,-0.002091,-0.001163,-0.029538,300.090881,15.287358,-0.295377,-551.474854,299.999725,0.000000
107.250008,67.463837,-551.563782,-0.002108,-0.001163,-0.029538,300.094147,15.287523,-0.295377,-551.563782,299.999725,0.000000
107.260002,67.461975,-551.519287,-0.002100,-0.001163,-0.029538,300.085846,15.287103,-0.295377,-551.519287,299.999725,0.000000
107.270004,67.456024,-551.474854,-0.002091,-0.001163,-0.029538,300.059387,15.285753,-0.295377,-551.474854,299.999725,0.000000
107.280006,67.445221,-551.563782,-0.002113,-0.001163,-0.029538,300.011322,15.283306,-0.295377,-551.563782,299.999725,0.000000
107.290009,67.444855,-551.474854,-0.002134,-0.001163,-0.029538,300.009705,15.283222,-0.295377,-551.474854,299.999725,0.000000
107.300003,67.454163,-551.608276,-0.002126,-0.001163,-0.029538,300.051086,15.285332,-0.295377,-551.608276,299.999725,0.000000
107.310005,67.464584,-551.563782,-0.002173,-0.001163,-0.029538,300.097473,15.287693,-0.295377,-551.563782,299.999725,0.000000
107.320007,67.470169,-551.474854,-0.002147,-0.001163,-0.029538,300.122314,15.288959,-0.295377,-551.474854,299.999725,0.000000
107.330002,67.447464,-551.608276,-0.002121,-0.001163,-0.029538,300.021301,15.283814,-0.295377,-551.608276,299.999725,0.000000
107.340004,67.451553,-551.474854,-0.002126,-0.001163,-0.029538,300.039490,15.284740,-0.295377,-551.474854,299.999725,0.000000
107.350006,67.441132,-551.563782,-0.002134,-0.001163,-0.029538,299.993134,15.282379,-0.295377,-551.563782,299.999725,0.000000
107.360008,67.446335,-551.563782,-0.002160,-0.001163,-0.029538,300.016296,15.283558,-0.295377,-551.563782,299.999725,0.000000
107.370003,67.450806,-551.474854,-0.002104,-0.001163,-0.029538,300.036163,15.284572,-0.295377,-551.474854,299.999725,0.000000
107.380005,67.456024,-551.519287,-0.002091,-0.001163,-0.029538,300.059387,15.285753,-0.295377,-551.519287,299.999725,0.000000
107.390007,67.458633,-551.430359,-0.002057,-0.001163,-0.029538,300.070984,15.286345,-0.295377,-551.430359,299.999725,0.000000
107.400002,67.454529,-551.563782,-0.002057,-0.001163,-0.029538,300.052734,15.285415,-0.295377,-551.563782,299.999725,0.000000
107.410004,67.448944,-551.563782,-0.002078,-0.001163,-0.029538,300.027893,15.284149,-0.295377,-551.563782,299.999725,0.000000
107.420006,67.444107,-551.563782,-0.002091,-0.001163,-0.029538,300.006378,15.283053,-0.295377,-551.563782,299.999725,0.000000
107.430008,67.438889,-551.563782,-0.002039,-0.001163,-0.029538,299.983154,15.281871,-0.295377,-551.563782,299.999725,0.000000
107.440002,67.445602,-551.474854,-0.002074,-0.001163,-0.029538,300.013031,15.283392,-0.295377,-551.474854,299.999725,0.000000
107.450005,67.448578,-551.519287,-0.002087,-0.001163,-0.029538,300.026245,15.284066,-0.295377,-551.519287,299.999725,0.000000
107.460007,67.454163,-551.563782,-0.002126,-0.001163,-0.029538,300.051086,15.285332,-0.295377,-551.563782,299.999725,0.000000
107.470009,67.464966,-551.430359,-0.002126,-0.001163,-0.029538,300.099152,15.287780,-0.295377,-551.430359,299.999725,0.000000
107.480003,67.458252,-551.563782,-0.002108,-0.001163,-0.029538,300.069305,15.286258,-0.295377,-551.563782,299.999725,0.000000
107.490005,67.452301,-551.430359,-0.002139,-0.001163,-0.029538,300.042816,15.284910,-0.295377,-551.430359,299.999725,0.000000
107.500008,67.446335,-551.563782,-0.002134,-0.001163,-0.029538,300.016296,15.283558,-0.295377,-551.563782,299.999725,0.000000
107.510002,67.442612,-551.563782,-0.002126,-0.001163,-0.029538,299.999725,15.282714,-0.295377,-551.563782,299.999725,0.000000
107.520004,67.450806,-551.474854,-0.002108,-0.001163,-0.029538,300.036163,15.284572,-0.295377,-551.474854,299.999725,0.000000
107.530006,67.439636,-551.563782,-0.002100,-0.001163,-0.029538,299.986481,15.282041,-0.295377,-551.563782,299.999725,0.000000
107.540009,67.456024,-551.474854,-0.002091,-0.001163,-0.029538,300.059387,15.285753,-0.295377,-551.474854,299.999725,0.000000
107.550003,67.460114,-551.519287,-0.002035,-0.001163,-0.029538,300.077576,15.286680,-0.295377,-551.519287,299.999725,0.000000
107.560005,67.455276,-551.519287,-0.002052,-0.001163,-0.029538,300.056061,15.285584,-0.295377,-551.519287,299.999725,0.000000
107.570007,67.458633,-551.519287,-0.002031,-0.001163,-0.029538,300.070984,15.286345,-0.295377,-551.519287,299.999725,0.000000
107.580002,67.450439,-551.563782,-0.002039,-0.001163,-0.029538,300.034546,15.284488,-0.295377,-551.563782,299.999725,0.000000
107.590004,67.446335,-551.519287,-0.002039,-0.001163,-0.029538,300.016296,15.283558,-0.295377,-551.519287,299.999725,0.000000
107.600006,67.451187,-551.563782,-0.002035,-0.001163,-0.029538,300.037872,15.284657,-0.295377,-551.563782,299.999725,0.000000
107.610008,67.459747,-551.519287,-0.002048,-0.001163,-0.029538,300.075928,15.286597,-0.295377,-551.519287,299.999725,0.000000
107.620003,67.455658,-551.519287,-0.002048,-0.001163,-0.029538,300.057739,15.285670,-0.295377,-551.519287,299.999725,0.000000
107.630005,67.449326,-551.563782,-0.002070,-0.001163,-0.029538,300.029572,15.284235,-0.295377,-551.563782,299.999725,0.000000
107.640007,67.456024,-551.474854,-0.002091,-0.001163,-0.029538,300.059387,15.285753,-0.295377,-551.474854,299.999725,0.000000
107.650002,67.449692,-551.563782,-0.002057,-0.001163,-0.029538,300.031219,15.284319,-0.295377,-551.563782,299.999725,0.000000
107.660004,67.443741,-551.519287,-0.002074,-0.001163,-0.029538,300.004730,15.282969,-0.295377,-551.519287,299.999725,0.000000
107.670006,67.449326,-551.474854,-0.002091,-0.001163,-0.029538,300.029572,15.284235,-0.295377,-551.474854,299.999725,0.000000
107.680008,67.453415,-551.608276,-0.002134,-0.001163,-0.029538,300.047760,15.285162,-0.295377,-551.608276,299.999725,0.000000
107.690002,67.458252,-551.474854,-0.002126,-0.001163,-0.029538,300.069305,15.286258,-0.295377,-551.474854,299.999725,0.000000
107.700005,67.457520,-551.608276,-0.002134,-0.001163,-0.029538,300.066040,15.286093,-0.295377,-551.608276,299.999725,0.000000
107.710007,67.457520,-551.474854,-0.002173,-0.001163,-0.029538,300.066040,15.286093,-0.295377,-551.474854,299.999725,0.000000
107.720009,67.448944,-551.563782,-0.002164,-0.001163,-0.029538,300.027893,15.284149,-0.295377,-551.563782,299.999725,0.000000
107.730003,67.452667,-551.563782,-0.002160,-0.001163,-0.029538,300.044464,15.284992,-0.295377,-551.563782,299.999725,0.000000
107.740005,67.454910,-551.519287,-0.002113,-0.001163,-0.029538,300.054413,15.285501,-0.295377,-551.519287,299.999725,0.000000
107.750008,67.453049,-551.608276,-0.002082,-0.001163,-0.029538,300.046143,15.285080,-0.295377,-551.608276,299.999725,0.000000
107.760002,67.459381,-551.519287,-0.002100,-0.001163,-0.029538,300.074310,15.286514,-0.295377,-551.519287,299.999725,0.000000
107.770004,67.448578,-551.519287,-0.002121,-0.001163,-0.029538,300.026245,15.284066,-0.295377,-551.519287,299.999725,0.000000
107.780006,67.452301,-551.608276,-0.002117,-0.001163,-0.029538,300.042816,15.284910,-0.295377,-551.608276,299.999725,0.000000
107.790009,67.448578,-551.430359,-0.002048,-0.001163,-0.029538,300.026245,15.284066,-0.295377,-551.430359,299.999725,0.000000
107.800003,67.450058,-551.563782,-0.002065,-0.001163,-0.029538,300.032837,15.284402,-0.295377,-551.563782,299.999725,0.000000
107.810005,67.457138,-551.563782,-0.002078,-0.001163,-0.029538,300.064331,15.286006,-0.295377,-551.563782,299.999725,0.000000
107.820007,67.454529,-551.474854,-0.002074,-0.001163,-0.029538,300.052734,15.285415,-0.295377,-551.474854,299.999725,0.000000
107.830002,67.444855,-551.652771,-0.002057,-0.001163,-0.029538,300.009705,15.283222,-0.295377,-551.652771,299.999725,0.000000
107.840004,67.446335,-551.474854,-0.002113,-0.001163,-0.029538,300.016296,15.283558,-0.295377,-551.474854,299.999725,0.000000
107.850006,67.453049,-551.652771,-0.002082,-0.001163,-0.029538,300.046143,15.285080,-0.295377,-551.652771,299.999725,0.000000
107.860008,67.452301,-551.474854,-0.002057,-0.001163,-0.029538,300.042816,15.284910,-0.295377,-551.474854,299.999725,0.000000
107.870003,67.458252,-551.474854,-0.002074,-0.001163,-0.029538,300.069305,15.286258,-0.295377,-551.474854,299.999725,0.000000
107.880005,67.452667,-551.563782,-0.002087,-0.001163,-0.029538,300.044464,15.284992,-0.295377,-551.563782,299.999725,0.000000
107.890007,67.441879,-551.474854,-0.002126,-0.001163,-0.029538,299.996460,15.282549,-0.295377,-551.474854,299.999725,0.000000
107.900002,67.439270,-551.652771,-0.002095,-0.001163,-0.029538,299.984863,15.281957,-0.295377,-551.652771,299.999725,0.000000
107.910004,67.446335,-551.563782,-0.002074,-0.001163,-0.029538,300.016296,15.283558,-0.295377,-551.563782,299.999725,0.000000
107.920006,67.448944,-551.519287,-0.002070,-0.001163,-0.029538,300.027893,15.284149,-0.295377,-551.519287,299.999725,0.000000
107.930008,67.450439,-551.563782,-0.002091,-0.001163,-0.029538,300.034546,15.284488,-0.295377,-551.563782,299.999725,0.000000
107.940002,67.455658,-551.519287,-0.002091,-0.001163,-0.029538,300.057739,15.285670,-0.295377,-551.519287,299.999725,0.000000
107.950005,67.449326,-551.563782,-0.002091,-0.001163,-0.029538,300.029572,15.284235,-0.295377,-551.563782,299.999725,0.000000
107.960007,67.447083,-551.519287,-0.002121,-0.001163,-0.029538,300.019592,15.283727,-0.295377,-551.519287,299.999725,0.000000
107.970009,67.443741,-551.474854,-0.002117,-0.001163,-0.029538,300.004730,15.282969,-0.295377,-551.474854,299.999725,0.000000
107.980003,67.441498,-551.652771,-0.002195,-0.001163,-0.029538,299.994751,15.282461,-0.295377,-551.652771,299.999725,0.000000
107.990005,67.453415,-551.430359,-0.002156,-0.001163,-0.029538,300.047760,15.285162,-0.295377,-551.430359,299.999725,0.000000
108.000008,67.457520,-551.563782,-0.002147,-0.001163,-0.029538,300.066040,15.286093,-0.295377,-551.563782,299.999725,0.000000
108.010002,67.461975,-551.519287,-0.002139,-0.001163,-0.029538,300.085846,15.287103,-0.295377,-551.519287,299.999725,0.000000
108.020004,67.445221,-551.474854,-0.002100,-0.001163,-0.029538,300.011322,15.283306,-0.295377,-551.474854,299.999725,0.000000
108.030006,67.439636,-551.563782,-0.002065,-0.001163,-0.029538,299.986481,15.282041,-0.295377,-551.563782,299.999725,0.000000
108.040009,67.450806,-551.474854,-0.002117,-0.001163,-0.029538,300.036163,15.284572,-0.295377,-551.474854,299.999725,0.000000
108.050003,67.452301,-551.563782,-0.002104,-0.001163,-0.029538,300.042816,15.284910,-0.295377,-551.563782,299.999725,0.000000
108.060005,67.448944,-551.563782,-0.002143,-0.001163,-0.029538,300.027893,15.284149,-0.295377,-551.563782,299.999725,0.000000
108.070007,67.453415,-551.563782,-0.002143,-0.001163,-0.029538,300.047760,15.285162,-0.295377,-551.563782,299.999725,0.000000
108.080002,67.453415,-551.652771,-0.002164,-0.001163,-0.029538,300.047760,15.285162,-0.295377,-551.652771,299.999725,0.000000
108.090004,67.453049,-551.474854,-0.002160,-0.001163,-0.029538,300.046143,15.285080,-0.295377,-551.474854,299.999725,0.000000
108.100006,67.455276,-551.608276,-0.002147,-0.001163,-0.029538,300.056061,15.285584,-0.295377,-551.608276,299.999725,0.000000
108.110008,67.446335,-551.474854,-0.002173,-0.001163,-0.029538,300.016296,15.283558,-0.295377,-551.474854,299.999725,0.000000
108.120003,67.445602,-551.519287,-0.002169,-0.001163,-0.029538,300.013031,15.283392,-0.295377,-551.519287,299.999725,0.000000
108.130005,67.437027,-551.608276,-0.002151,-0.001163,-0.029538,299.974884,15.281448,-0.295377,-551.608276,299.999725,0.000000
108.140007,67.453796,-551.519287,-0.002139,-0.001163,-0.029538,300.049469,15.285249,-0.295377,-551.519287,299.999725,0.000000
108.150002,67.445602,-551.652771,-0.002186,-0.001163,-0.029538,300.013031,15.283392,-0.295377,-551.652771,299.999725,0.000000
108.160004,67.445969,-551.519287,-0.002203,-0.001163,-0.029538,300.014648,15.283475,-0.295377,-551.519287,299.999725,0.000000
108.170006,67.450806,-551.563782,-0.002130,-0.001163,-0.029538,300.036163,15.284572,-0.295377,-551.563782,299.999725,0.000000
108.180008,67.452667,-551.563782,-0.002160,-0.001163,-0.029538,300.044464,15.284992,-0.295377,-551.563782,299.999725,0.000000
108.190002,67.454529,-551.474854,-0.002113,-0.001163,-0.029538,300.052734,15.285415,-0.295377,-551.474854,299.999725,0.000000
108.200005,67.441879,-551.608276,-0.002070,-0.001163,-0.029538,299.996460,15.282549,-0.295377,-551.608276,299.999725,0.000000
108.210007,67.452667,-551.563782,-0.002074,-0.001163,-0.029538,300.044464,15.284992,-0.295377,-551.563782,299.999725,0.000000
108.220009,67.458633,-551.519287,-0.002057,-0.001163,-0.029538,300.070984,15.286345,-0.295377,-551.519287,299.999725,0.000000
108.230003,67.443359,-551.652771,-0.002117,-0.001163,-0.029538,300.003052,15.282884,-0.295377,-551.652771,299.999725,0.000000
108.240005,67.452301,-551.474854,-0.002091,-0.001163,-0.029538,300.042816,15.284910,-0.295377,-551.474854,299.999725,0.000000
108.250008,67.453796,-551.608276,-0.002078,-0.001163,-0.029538,300.049469,15.285249,-0.295377,-551.608276,299.999725,0.000000
108.260002,67.459381,-551.519287,-0.002065,-0.001163,-0.029538,300.074310,15.286514,-0.295377,-551.519287,299.999725,0.000000
108.270004,67.452301,-551.474854,-0.002130,-0.001163,-0.029538,300.042816,15.284910,-0.295377,-551.474854,299.999725,0.000000
108.280006,67.444107,-551.608276,-0.002091,-0.001163,-0.029538,300.006378,15.283053,-0.295377,-551.608276,299.999725,0.000000
108.290009,67.449326,-551.430359,-0.002065,-0.001163,-0.029538,300.029572,15.284235,-0.295377,-551.430359,299.999725,0.000000
108.300003,67.453415,-551.608276,-0.002061,-0.001163,-0.029538,300.047760,15.285162,-0.295377,-551.608276,299.999725,0.000000
108.310005,67.441879,-551.519287,-0.002065,-0.001163,-0.029538,299.996460,15.282549,-0.295377,-551.519287,299.999725,0.000000
108.320007,67.444855,-551.519287,-0.002044,-0.001163,-0.029538,300.009705,15.283222,-0.295377,-551.519287,299.999725,0.000000
108.330002,67.444855,-551.608276,-0.002078,-0.001163,-0.029538,300.009705,15.283222,-0.295377,-551.608276,299.999725,0.000000
108.340004,67.446335,-551.474854,-0.002087,-0.001163,-0.029538,300.016296,15.283558,-0.295377,-551.474854,299.999725,0.000000
108.350006,67.450439,-551.652771,-0.002095,-0.001163,-0.029538,300.034546,15.284488,-0.295377,-551.652771,299.999725,0.000000
108.360008,67.453796,-551.608276,-0.002130,-0.001163,-0.029538,300.049469,15.285249,-0.295377,-551.608276,299.999725,0.000000
108.370003,67.455276,-551.519287,-0.002100,-0.001163,-0.029538,300.056061,15.285584,-0.295377,-551.519287,299.999725,0.000000
108.380005,67.447464,-551.563782,-0.002082,-0.001163,-0.029538,300.021301,15.283814,-0.295377,-551.563782,299.999725,0.000000
108.390007,67.462723,-551.519287,-0.002039,-0.001163,-0.029538,300.089172,15.287271,-0.295377,-551.519287,299.999725,0.000000
108.400002,67.453796,-551.563782,-0.002039,-0.001163,-0.029538,300.049469,15.285249,-0.295377,-551.563782,299.999725,0.000000
108.410004,67.447830,-551.563782,-0.002052,-0.001163,-0.029538,300.022919,15.283896,-0.295377,-551.563782,299.999725,0.000000
108.420006,67.433304,-551.563782,-0.002061,-0.001163,-0.029538,299.958313,15.280605,-0.295377,-551.563782,299.999725,0.000000
108.430008,67.434052,-551.652771,-0.002018,-0.001163,-0.029538,299.961639,15.280775,-0.295377,-551.652771,299.999725,0.000000
108.440002,67.453049,-551.474854,-0.002052,-0.001163,-0.029538,300.046143,15.285080,-0.295377,-551.474854,299.999725,0.000000
108.450005,67.454910,-551.608276,-0.002061,-0.001163,-0.029538,300.054413,15.285501,-0.295377,-551.608276,299.999725,0.000000
108.460007,67.456390,-551.608276,-0.002074,-0.001163,-0.029538,300.061005,15.285837,-0.295377,-551.608276,299.999725,0.000000
108.470009,67.450439,-551.563782,-0.002065,-0.001163,-0.029538,300.034546,15.284488,-0.295377,-551.563782,299.999725,0.000000
108.480003,67.448944,-551.608276,-0.002113,-0.001163,-0.029538,300.027893,15.284149,-0.295377,-551.608276,299.999725,0.000000
108.490005,67.438889,-551.474854,-0.002130,-0.001163,-0.029538,299.983154,15.281871,-0.295377,-551.474854,299.999725,0.000000
108.500008,67.448196,-551.608276,-0.002134,-0.001163,-0.029538,300.024567,15.283979,-0.295377,-551.608276,299.999725,0.000000
108.510002,67.453049,-551.563782,-0.002095,-0.001163,-0.029538,300.046143,15.285080,-0.295377,-551.563782,299.999725,0.000000
108.520004,67.456024,-551.519287,-0.002082,-0.001163,-0.029538,300.059387,15.285753,-0.295377,-551.519287,299.999725,0.000000
108.530006,67.450806,-551.563782,-0.002074,-0.001163,-0.029538,300.036163,15.284572,-0.295377,-551.563782,299.999725,0.000000
108.540009,67.451187,-551.519287,-0.002078,-0.001163,-0.029538,300.037872,15.284657,-0.295377,-551.519287,299.999725,0.000000
108.550003,67.446335,-551.608276,-0.002031,-0.001163,-0.029538,300.016296,15.283558,-0.295377,-551.608276,299.999725,0.000000
108.560005,67.447464,-551.519287,-0.002065,-0.001163,-0.029538,300.021301,15.283814,-0.295377,-551.519287,299.999725,0.000000
108.570007,67.442245,-551.608276,-0.002013,-0.001163,-0.029538,299.998077,15.282631,-0.295377,-551.608276,299.999725,0.000000
108.580002,67.444107,-551.608276,-0.002039,-0.001163,-0.029538,300.006378,15.283053,-0.295377,-551.608276,299.999725,0.000000
108.590004,67.445602,-551.563782,-0.002074,-0.001163,-0.029538,300.013031,15.283392,-0.295377,-551.563782,299.999725,0.000000
108.600006,67.457520,-551.563782,-0.002048,-0.001163,-0.029538,300.066040,15.286093,-0.295377,-551.563782,299.999725,0.000000
108.610008,67.454529,-551.474854,-0.002057,-0.001163,-0.029538,300.052734,15.285415,-0.295377,-551.474854,299.999725,0.000000
108.620003,67.444855,-551.474854,-0.002065,-0.001163,-0.029538,300.009705,15.283222,-0.295377,-551.474854,299.999725,0.000000
108.630005,67.434799,-551.608276,-0.002061,-0.001163,-0.029538,299.964966,15.280944,-0.295377,-551.608276,299.999725,0.000000
108.640007,67.440018,-551.474854,-0.002082,-0.001163,-0.029538,299.988190,15.282126,-0.295377,-551.474854,299.999725,0.000000
108.650002,67.439270,-551.608276,-0.002078,-0.001163,-0.029538,299.984863,15.281957,-0.295377,-551.608276,299.999725,0.000000
108.660004,67.441498,-551.608276,-0.002048,-0.001163,-0.029538,299.994751,15.282461,-0.295377,-551.608276,299.999725,0.000000
108.670006,67.453049,-551.608276,-0.002100,-0.001163,-0.029538,300.046143,15.285080,-0.295377,-551.608276,299.999725,0.000000
108.680008,67.447464,-551.608276,-0.002087,-0.001163,-0.029538,300.021301,15.283814,-0.295377,-551.608276,299.999725,0.000000
108.690002,67.448944,-551.430359,-0.002044,-0.001163,-0.029538,300.027893,15.284149,-0.295377,-551.430359,299.999725,0.000000
108.700005,67.444855,-551.608276,-0.002022,-0.001163,-0.029538,300.009705,15.283222,-0.295377,-551.608276,299.999725,0.000000
108.710007,67.435913,-551.563782,-0.002061,-0.001163,-0.029538,299.969910,15.281196,-0.295377,-551.563782,299.999725,0.000000
108.720009,67.442245,-551.563782,-0.002022,-0.001163,-0.029538,299.998077,15.282631,-0.295377,-551.563782,299.999725,0.000000
108.730003,67.437775,-551.608276,-0.002061,-0.001163,-0.029538,299.978210,15.281618,-0.295377,-551.608276,299.999725,0.000000
108.740005,67.445602,-551.519287,-0.002100,-0.001163,-0.029538,300.013031,15.283392,-0.295377,-551.519287,299.999725,0.000000
108.750008,67.454163,-551.608276,-0.002082,-0.001163,-0.029538,300.051086,15.285332,-0.295377,-551.608276,299.999725,0.000000
108.760002,67.465698,-551.608276,-0.002087,-0.001163,-0.029538,300.102417,15.287946,-0.295377,-551.608276,299.999725,0.000000
108.770004,67.446335,-551.519287,-0.002052,-0.001163,-0.029538,300.016296,15.283558,-0.295377,-551.519287,299.999725,0.000000
108.780006,67.433304,-551.652771,-0.002061,-0.001163,-0.029538,299.958313,15.280605,-0.295377,-551.652771,299.999725,0.000000
108.790009,67.432571,-551.474854,-0.002095,-0.001163,-0.029538,299.955048,15.280438,-0.295377,-551.474854,299.999725,0.000000
108.800003,67.434433,-551.608276,-0.002104,-0.001163,-0.029538,299.963348,15.280861,-0.295377,-551.608276,299.999725,0.000000
108.810005,67.448944,-551.563782,-0.002134,-0.001163,-0.029538,300.027893,15.284149,-0.295377,-551.563782,299.999725,0.000000
108.820007,67.439636,-551.563782,-0.002130,-0.001163,-0.029538,299.986481,15.282041,-0.295377,-551.563782,299.999725,0.000000
108.830002,67.449692,-551.652771,-0.002139,-0.001163,-0.029538,300.031219,15.284319,-0.295377,-551.652771,299.999725,0.000000
108.840004,67.454910,-551.519287,-0.002151,-0.001163,-0.029538,300.054413,15.285501,-0.295377,-551.519287,299.999725,0.000000
108.850006,67.446335,-551.608276,-0.002121,-0.001163,-0.029538,300.016296,15.283558,-0.295377,-551.608276,299.999725,0.000000
108.860008,67.448196,-551.608276,-0.002143,-0.001163,-0.029538,300.024567,15.283979,-0.295377,-551.608276,299.999725,0.000000
108.870003,67.441879,-551.563782,-0.002082,-0.001163,-0.029538,299.996460,15.282549,-0.295377,-551.563782,299.999725,0.000000
108.880005,67.445602,-551.652771,-0.002065,-0.001163,-0.029538,300.013031,15.283392,-0.295377,-551.652771,299.999725,0.000000
108.890007,67.452301,-551.519287,-0.002048,-0.001163,-0.029538,300.042816,15.284910,-0.295377,-551.519287,299.999725,0.000000
108.900002,67.448578,-551.608276,-0.002039,-0.001163,-0.029538,300.026245,15.284066,-0.295377,-551.608276,299.999725,0.000000
108.910004,67.444473,-551.563782,-0.002052,-0.001163,-0.029538,300.007996,15.283136,-0.295377,-551.563782,299.999725,0.000000
108.920006,67.434433,-551.608276,-0.002052,-0.001163,-0.029538,299.963348,15.280861,-0.295377,-551.608276,299.999725,0.000000
108.930008,67.439270,-551.652771,-0.002074,-0.001163,-0.029538,299.984863,15.281957,-0.295377,-551.652771,299.999725,0.000000
108.940002,67.449326,-551.474854,-0.002048,-0.001163,-0.029538,300.029572,15.284235,-0.295377,-551.474854,299.999725,0.000000
108.950005,67.450806,-551.652771,-0.002065,-0.001163,-0.029538,300.036163,15.284572,-0.295377,-551.652771,299.999725,0.000000
108.960007,67.450058,-551.563782,-0.002104,-0.001163,-0.029538,300.032837,15.284402,-0.295377,-551.563782,299.999725,0.000000
108.970009,67.442993,-551.563782,-0.002095,-0.001163,-0.029538,300.001404,15.282801,-0.295377,-551.563782,299.999725,0.000000
108.980003,67.437408,-551.652771,-0.002104,-0.001163,-0.029538,299.976562,15.281535,-0.295377,-551.652771,299.999725,0.000000
108.990005,67.445221,-551.474854,-0.002095,-0.001163,-0.029538,300.011322,15.283306,-0.295377,-551.474854,299.999725,0.000000
109.000008,67.440750,-551.608276,-0.002074,-0.001163,-0.029538,299.991425,15.282292,-0.295377,-551.608276,299.999725,0.000000
109.010002,67.445602,-551.608276,-0.002039,-0.001163,-0.029538,300.013031,15.283392,-0.295377,-551.608276,299.999725,0.000000
109.020004,67.451553,-551.563782,-0.002044,-0.001163,-0.029538,300.039490,15.284740,-0.295377,-551.563782,299.999725,0.000000
109.030006,67.448578,-551.652771,-0.002035,-0.001163,-0.029538,300.026245,15.284066,-0.295377,-551.652771,299.999725,0.000000
109.040009,67.457138,-551.519287,-0.002026,-0.001163,-0.029538,300.064331,15.286006,-0.295377,-551.519287,299.999725,0.000000
109.050003,67.453049,-551.608276,-0.002057,-0.001163,-0.029538,300.046143,15.285080,-0.295377,-551.608276,299.999725,0.000000
109.060005,67.450058,-551.474854,-0.002074,-0.001163,-0.029538,300.032837,15.284402,-0.295377,-551.474854,299.999725,0.000000
109.070007,67.434433,-551.563782,-0.002052,-0.001163,-0.029538,299.963348,15.280861,-0.295377,-551.563782,299.999725,0.000000
109.080002,67.434052,-551.563782,-0.002065,-0.001163,-0.029538,299.961639,15.280775,-0.295377,-551.563782,299.999725,0.000000
109.090004,67.455658,-551.563782,-0.002074,-0.001163,-0.029538,300.057739,15.285670,-0.295377,-551.563782,299.999725,0.000000
109.100006,67.459000,-551.652771,-0.002061,-0.001163,-0.029538,300.072632,15.286427,-0.295377,-551.652771,299.999725,0.000000
109.110008,67.452667,-551.519287,-0.002070,-0.001163,-0.029538,300.044464,15.284992,-0.295377,-551.519287,299.999725,0.000000
109.120003,67.428833,-551.563782,-0.002078,-0.001163,-0.029538,299.938416,15.279592,-0.295377,-551.563782,299.999725,0.000000
109.130005,67.427719,-551.652771,-0.002100,-0.001163,-0.029538,299.933472,15.279340,-0.295377,-551.652771,299.999725,0.000000
109.140007,67.444473,-551.563782,-0.002035,-0.001163,-0.029538,300.007996,15.283136,-0.295377,-551.563782,299.999725,0.000000
109.150002,67.453796,-551.608276,-0.002082,-0.001163,-0.029538,300.049469,15.285249,-0.295377,-551.608276,299.999725,0.000000
109.160004,67.460861,-551.563782,-0.002061,-0.001163,-0.029538,300.080902,15.286850,-0.295377,-551.563782,299.999725,0.000000
109.170006,67.453049,-551.563782,-0.002130,-0.001163,-0.029538,300.046143,15.285080,-0.295377,-551.563782,299.999725,0.000000
109.180008,67.453049,-551.608276,-0.002130,-0.001163,-0.029538,300.046143,15.285080,-0.295377,-551.608276,299.999725,0.000000
109.190002,67.432571,-551.608276,-0.002126,-0.001163,-0.029538,299.955048,15.280438,-0.295377,-551.608276,299.999725,0.000000
109.200005,67.438889,-551.652771,-0.002134,-0.001163,-0.029538,299.983154,15.281871,-0.295377,-551.652771,299.999725,0.000000
109.210007,67.448578,-551.608276,-0.002151,-0.001163,-0.029538,300.026245,15.284066,-0.295377,-551.608276,299.999725,0.000000
109.220009,67.464966,-551.519287,-0.002160,-0.001163,-0.029538,300.099152,15.287780,-0.295377,-551.519287,299.999725,0.000000
109.230003,67.461609,-551.608276,-0.002117,-0.001163,-0.029538,300.084229,15.287019,-0.295377,-551.608276,299.999725,0.000000
109.240005,67.458252,-551.474854,-0.002139,-0.001163,-0.029538,300.069305,15.286258,-0.295377,-551.474854,299.999725,0.000000
109.250008,67.442245,-551.563782,-0.002160,-0.001163,-0.029538,299.998077,15.282631,-0.295377,-551.563782,299.999725,0.000000
109.260002,67.432190,-551.519287,-0.002164,-0.001163,-0.029538,299.953369,15.280353,-0.295377,-551.519287,299.999725,0.000000
109.270004,67.432571,-551.563782,-0.002134,-0.001163,-0.029538,299.955048,15.280438,-0.295377,-551.563782,299.999725,0.000000
109.280006,67.434052,-551.608276,-0.002070,-0.001163,-0.029538,299.961639,15.280775,-0.295377,-551.608276,299.999725,0.000000
109.290009,67.454529,-551.519287,-0.002095,-0.001163,-0.029538,300.052734,15.285415,-0.295377,-551.519287,299.999725,0.000000
109.300003,67.461243,-551.652771,-0.002113,-0.001163,-0.029538,300.082581,15.286936,-0.295377,-551.652771,299.999725,0.000000
109.310005,67.453415,-551.563782,-0.002087,-0.001163,-0.029538,300.047760,15.285162,-0.295377,-551.563782,299.999725,0.000000
109.320007,67.450058,-551.519287,-0.002100,-0.001163,-0.029538,300.032837,15.284402,-0.295377,-551.519287,299.999725,0.000000
109.330002,67.446716,-551.652771,-0.002052,-0.001163,-0.029538,300.017975,15.283645,-0.295377,-551.652771,299.999725,0.000000
109.340004,67.432190,-551.519287,-0.002074,-0.001163,-0.029538,299.953369,15.280353,-0.295377,-551.519287,299.999725,0.000000
109.350006,67.432190,-551.608276,-0.002048,-0.001163,-0.029538,299.953369,15.280353,-0.295377,-551.608276,299.999725,0.000000
109.360008,67.446335,-551.608276,-0.002022,-0.001163,-0.029538,300.016296,15.283558,-0.295377,-551.608276,299.999725,0.000000
109.370003,67.454910,-551.519287,-0.002074,-0.001163,-0.029538,300.054413,15.285501,-0.295377,-551.519287,299.999725,0.000000
109.380005,67.467560,-551.608276,-0.002104,-0.001163,-0.029538,300.110687,15.288368,-0.295377,-551.608276,299.999725,0.000000
109.390007,67.460861,-551.563782,-0.002091,-0.001163,-0.029538,300.080902,15.286850,-0.295377,-551.563782,299.999725,0.000000
109.400002,67.441498,-551.652771,-0.002087,-0.001163,-0.029538,299.994751,15.282461,-0.295377,-551.652771,299.999725,0.000000
109.410004,67.431824,-551.652771,-0.002082,-0.001163,-0.029538,299.951721,15.280270,-0.295377,-551.652771,299.999725,0.000000
109.420006,67.430695,-551.563782,-0.002108,-0.001163,-0.029538,299.946716,15.280014,-0.295377,-551.563782,299.999725,0.000000
109.430008,67.431824,-551.652771,-0.002031,-0.001163,-0.029538,299.951721,15.280270,-0.295377,-551.652771,299.999725,0.000000
109.440002,67.451553,-551.563782,-0.002052,-0.001163,-0.029538,300.039490,15.284740,-0.295377,-551.563782,299.999725,0.000000
109.450005,67.457886,-551.652771,-0.002048,-0.001163,-0.029538,300.067657,15.286176,-0.295377,-551.652771,299.999725,0.000000
109.460007,67.453049,-551.652771,-0.002057,-0.001163,-0.029538,300.046143,15.285080,-0.295377,-551.652771,299.999725,0.000000
109.470009,67.448944,-551.608276,-0.002061,-0.001163,-0.029538,300.027893,15.284149,-0.295377,-551.608276,299.999725,0.000000
109.480003,67.435165,-551.652771,-0.002087,-0.001163,-0.029538,299.966583,15.281027,-0.295377,-551.652771,299.999725,0.000000
109.490005,67.438889,-551.519287,-0.002044,-0.001163,-0.029538,299.983154,15.281871,-0.295377,-551.519287,299.999725,0.000000
109.500008,67.441879,-551.608276,-0.002048,-0.001163,-0.029538,299.996460,15.282549,-0.295377,-551.608276,299.999725,0.000000
109.510002,67.451187,-551.608276,-0.002070,-0.001163,-0.029538,300.037872,15.284657,-0.295377,-551.608276,299.999725,0.000000
109.520004,67.457138,-551.608276,-0.002095,-0.001163,-0.029538,300.064331,15.286006,-0.295377,-551.608276,299.999725,0.000000
109.530006,67.456024,-551.608276,-0.002104,-0.001163,-0.029538,300.059387,15.285753,-0.295377,-551.608276,299.999725,0.000000
109.540009,67.449692,-551.519287,-0.002057,-0.001163,-0.029538,300.031219,15.284319,-0.295377,-551.519287,299.999725,0.000000
109.550003,67.448944,-551.608276,-0.002117,-0.001163,-0.029538,300.027893,15.284149,-0.295377,-551.608276,299.999725,0.000000
109.560005,67.435547,-551.608276,-0.002173,-0.001163,-0.029538,299.968292,15.281114,-0.295377,-551.608276,299.999725,0.000000
109.570007,67.447083,-551.563782,-0.002169,-0.001163,-0.029538,300.019592,15.283727,-0.295377,-551.563782,299.999725,0.000000
109.580002,67.454910,-551.652771,-0.002151,-0.001163,-0.029538,300.054413,15.285501,-0.295377,-551.652771,299.999725,0.000000
109.590004,67.459381,-551.563782,-0.002130,-0.001163,-0.029538,300.074310,15.286514,-0.295377,-551.563782,299.999725,0.000000
109.600006,67.456772,-551.563782,-0.002126,-0.001163,-0.029538,300.062714,15.285923,-0.295377,-551.563782,299.999725,0.000000
109.610008,67.446716,-551.563782,-0.002151,-0.001163,-0.029538,300.017975,15.283645,-0.295377,-551.563782,299.999725,0.000000
109.620003,67.445602,-551.652771,-0.002087,-0.001163,-0.029538,300.013031,15.283392,-0.295377,-551.652771,299.999725,0.000000
109.630005,67.436661,-551.652771,-0.002156,-0.001163,-0.029538,299.973236,15.281365,-0.295377,-551.652771,299.999725,0.000000
109.640007,67.454910,-551.519287,-0.002164,-0.001163,-0.029538,300.054413,15.285501,-0.295377,-551.519287,299.999725,0.000000
109.650002,67.450058,-551.563782,-0.002160,-0.001163,-0.029538,300.032837,15.284402,-0.295377,-551.563782,299.999725,0.000000
109.660004,67.440750,-551.608276,-0.002126,-0.001163,-0.029538,299.991425,15.282292,-0.295377,-551.608276,299.999725,0.000000
109.670006,67.431076,-551.608276,-0.002104,-0.001163,-0.029538,299.948395,15.280100,-0.295377,-551.608276,299.999725,0.000000
109.680008,67.453796,-551.608276,-0.002035,-0.001163,-0.029538,300.049469,15.285249,-0.295377,-551.608276,299.999725,0.000000
109.690002,67.456390,-551.563782,-0.002052,-0.001163,-0.029538,300.061005,15.285837,-0.295377,-551.563782,299.999725,0.000000
109.700005,67.447830,-551.608276,-0.002061,-0.001163,-0.029538,300.022919,15.283896,-0.295377,-551.608276,299.999725,0.000000
109.710007,67.441498,-551.608276,-0.002052,-0.001163,-0.029538,299.994751,15.282461,-0.295377,-551.608276,299.999725,0.000000
109.720009,67.429214,-551.563782,-0.002039,-0.001163,-0.029538,299.940125,15.279678,-0.295377,-551.563782,299.999725,0.000000
109.730003,67.438522,-551.697266,-0.002061,-0.001163,-0.029538,299.981537,15.281788,-0.295377,-551.697266,299.999725,0.000000
109.740005,67.454910,-551.519287,-0.002074,-0.001163,-0.029538,300.054413,15.285501,-0.295377,-551.519287,299.999725,0.000000
109.750008,67.455276,-551.652771,-0.002065,-0.001163,-0.029538,300.056061,15.285584,-0.295377,-551.652771,299.999725,0.000000
109.760002,67.456024,-551.563782,-0.002074,-0.001163,-0.029538,300.059387,15.285753,-0.295377,-551.563782,299.999725,0.000000
109.770004,67.443741,-551.608276,-0.002048,-0.001163,-0.029538,300.004730,15.282969,-0.295377,-551.608276,299.999725,0.000000
109.780006,67.437775,-551.652771,-0.002095,-0.001163,-0.029538,299.978210,15.281618,-0.295377,-551.652771,299.999725,0.000000
109.790009,67.439636,-551.563782,-0.002082,-0.001163,-0.029538,299.986481,15.282041,-0.295377,-551.563782,299.999725,0.000000
109.800003,67.438156,-551.652771,-0.002091,-0.001163,-0.029538,299.979889,15.281704,-0.295377,-551.652771,299.999725,0.000000
109.810005,67.447083,-551.608276,-0.002100,-0.001163,-0.029538,300.019592,15.283727,-0.295377,-551.608276,299.999725,0.000000
109.820007,67.447830,-551.563782,-0.002074,-0.001163,-0.029538,300.022919,15.283896,-0.295377,-551.563782,299.999725,0.000000
109.830002,67.446716,-551.741699,-0.002100,-0.001163,-0.029538,300.017975,15.283645,-0.295377,-551.741699,299.999725,0.000000
109.840004,67.450058,-551.563782,-0.002147,-0.001163,-0.029538,300.032837,15.284402,-0.295377,-551.563782,299.999725,0.000000
109.850006,67.442993,-551.652771,-0.002160,-0.001163,-0.029538,300.001404,15.282801,-0.295377,-551.652771,299.999725,0.000000
109.860008,67.441879,-551.608276,-0.002169,-0.001163,-0.029538,299.996460,15.282549,-0.295377,-551.608276,299.999725,0.000000
109.870003,67.442993,-551.608276,-0.002173,-0.001163,-0.029538,300.001404,15.282801,-0.295377,-551.608276,299.999725,0.000000
109.880005,67.451187,-551.652771,-0.002169,-0.001163,-0.029538,300.037872,15.284657,-0.295377,-551.652771,299.999725,0.000000
109.890007,67.445602,-551.519287,-0.002151,-0.001163,-0.029538,300.013031,15.283392,-0.295377,-551.519287,299.999725,0.000000
109.900002,67.441132,-551.652771,-0.002156,-0.001163,-0.029538,299.993134,15.282379,-0.295377,-551.652771,299.999725,0.000000
109.910004,67.451553,-551.563782,-0.002156,-0.001163,-0.029538,300.039490,15.284740,-0.295377,-551.563782,299.999725,0.000000
109.920006,67.448578,-551.608276,-0.002143,-0.001163,-0.029538,300.026245,15.284066,-0.295377,-551.608276,299.999725,0.000000
109.930008,67.442245,-551.652771,-0.002104,-0.001163,-0.029538,299.998077,15.282631,-0.295377,-551.652771,299.999725,0.000000
109.940002,67.450439,-551.519287,-0.002130,-0.001163,-0.029538,300.034546,15.284488,-0.295377,-551.519287,299.999725,0.000000
109.950005,67.437027,-551.652771,-0.002113,-0.001163,-0.029538,299.974884,15.281448,-0.295377,-551.652771,299.999725,0.000000
109.960007,67.434433,-551.563782,-0.002100,-0.001163,-0.029538,299.963348,15.280861,-0.295377,-551.563782,299.999725,0.000000
109.970009,67.428833,-551.608276,-0.002082,-0.001163,-0.029538,299.938416,15.279592,-0.295377,-551.608276,299.999725,0.000000
109.980003,67.444855,-551.608276,-0.002117,-0.001163,-0.029538,300.009705,15.283222,-0.295377,-551.608276,299.999725,0.000000
109.990005,67.448944,-551.519287,-0.002139,-0.001163,-0.029538,300.027893,15.284149,-0.295377,-551.519287,299.999725,0.000000
110.000008,67.436295,-551.608276,-0.002134,-0.001163,-0.029538,299.971619,15.281283,-0.295377,-551.608276,299.999725,0.000000
110.010002,67.441879,-551.608276,-0.002117,-0.001163,-0.029538,299.996460,15.282549,-0.295377,-551.608276,299.999725,0.000000
110.020004,67.445221,-551.519287,-0.002078,-0.001163,-0.029538,300.011322,15.283306,-0.295377,-551.519287,299.999725,0.000000
110.030006,67.441498,-551.652771,-0.002035,-0.001163,-0.029538,299.994751,15.282461,-0.295377,-551.652771,299.999725,0.000000
110.040009,67.452667,-551.474854,-0.002044,-0.001163,-0.029538,300.044464,15.284992,-0.295377,-551.474854,299.999725,0.000000
110.050003,67.444473,-551.652771,-0.002147,-0.001163,-0.029538,300.007996,15.283136,-0.295377,-551.652771,299.999725,0.000000
110.060005,67.445602,-551.608276,-0.002160,-0.001163,-0.029538,300.013031,15.283392,-0.295377,-551.608276,299.999725,0.000000
110.070007,67.450439,-551.563782,-0.002143,-0.001163,-0.029538,300.034546,15.284488,-0.295377,-551.563782,299.999725,0.000000
110.080002,67.444473,-551.652771,-0.002126,-0.001163,-0.029538,300.007996,15.283136,-0.295377,-551.652771,299.999725,0.000000
110.090004,67.445602,-551.563782,-0.002164,-0.001163,-0.029538,300.013031,15.283392,-0.295377,-551.563782,299.999725,0.000000
110.100006,67.450058,-551.652771,-0.002147,-0.001163,-0.029538,300.032837,15.284402,-0.295377,-551.652771,299.999725,0.000000
110.110008,67.442245,-551.608276,-0.002130,-0.001163,-0.029538,299.998077,15.282631,-0.295377,-551.608276,299.999725,0.000000
110.120003,67.428101,-551.608276,-0.002139,-0.001163,-0.029538,299.935181,15.279426,-0.295377,-551.608276,299.999725,0.000000
110.130005,67.434799,-551.652771,-0.002139,-0.001163,-0.029538,299.964966,15.280944,-0.295377,-551.652771,299.999725,0.000000
110.140007,67.446716,-551.608276,-0.002087,-0.001163,-0.029538,300.017975,15.283645,-0.295377,-551.608276,299.999725,0.000000
110.150002,67.446716,-551.741699,-0.002074,-0.001163,-0.029538,300.017975,15.283645,-0.295377,-551.741699,299.999725,0.000000
110.160004,67.442245,-551.563782,-0.002048,-0.001163,-0.029538,299.998077,15.282631,-0.295377,-551.563782,299.999725,0.000000
110.170006,67.445221,-551.563782,-0.002061,-0.001163,-0.029538,300.011322,15.283306,-0.295377,-551.563782,299.999725,0.000000
110.180008,67.435547,-551.608276,-0.002057,-0.001163,-0.029538,299.968292,15.281114,-0.295377,-551.608276,299.999725,0.000000
110.190002,67.424744,-551.474854,-0.002070,-0.001163,-0.029538,299.920227,15.278665,-0.295377,-551.474854,299.999725,0.000000
110.200005,67.434799,-551.652771,-0.002113,-0.001163,-0.029538,299.964966,15.280944,-0.295377,-551.652771,299.999725,0.000000
110.210007,67.445602,-551.563782,-0.002160,-0.001163,-0.029538,300.013031,15.283392,-0.295377,-551.563782,299.999725,0.000000
110.220009,67.440384,-551.563782,-0.002182,-0.001163,-0.029538,299.989807,15.282209,-0.295377,-551.563782,299.999725,0.000000
110.230003,67.456390,-551.652771,-0.002164,-0.001163,-0.029538,300.061005,15.285837,-0.295377,-551.652771,299.999725,0.000000
110.240005,67.455658,-551.563782,-0.002195,-0.001163,-0.029538,300.057739,15.285670,-0.295377,-551.563782,299.999725,0.000000
110.250008,67.448944,-551.652771,-0.002182,-0.001163,-0.029538,300.027893,15.284149,-0.295377,-551.652771,299.999725,0.000000
110.260002,67.440384,-551.652771,-0.002164,-0.001163,-0.029538,299.989807,15.282209,-0.295377,-551.652771,299.999725,0.000000
110.270004,67.434433,-551.519287,-0.002177,-0.001163,-0.029538,299.963348,15.280861,-0.295377,-551.519287,299.999725,0.000000
110.280006,67.433685,-551.652771,-0.002164,-0.001163,-0.029538,299.960022,15.280691,-0.295377,-551.652771,299.999725,0.000000
110.290009,67.439270,-551.563782,-0.002160,-0.001163,-0.029538,299.984863,15.281957,-0.295377,-551.563782,299.999725,0.000000
110.300003,67.441498,-551.652771,-0.002151,-0.001163,-0.029538,299.994751,15.282461,-0.295377,-551.652771,299.999725,0.000000
110.310005,67.447464,-551.563782,-0.002160,-0.001163,-0.029538,300.021301,15.283814,-0.295377,-551.563782,299.999725,0.000000
110.320007,67.440750,-551.563782,-0.002151,-0.001163,-0.029538,299.991425,15.282292,-0.295377,-551.563782,299.999725,0.000000
110.330002,67.436295,-551.608276,-0.002182,-0.001163,-0.029538,299.971619,15.281283,-0.295377,-551.608276,299.999725,0.000000
110.340004,67.430328,-551.563782,-0.002126,-0.001163,-0.029538,299.945068,15.279930,-0.295377,-551.563782,299.999725,0.000000
110.350006,67.441132,-551.697266,-0.002156,-0.001163,-0.029538,299.993134,15.282379,-0.295377,-551.697266,299.999725,0.000000
110.360008,67.440750,-551.563782,-0.002177,-0.001163,-0.029538,299.991425,15.282292,-0.295377,-551.563782,299.999725,0.000000
110.370003,67.446335,-551.608276,-0.002164,-0.001163,-0.029538,300.016296,15.283558,-0.295377,-551.608276,299.999725,0.000000
110.380005,67.447830,-551.697266,-0.002173,-0.001163,-0.029538,300.022919,15.283896,-0.295377,-551.697266,299.999725,0.000000
110.390007,67.448578,-551.563782,-0.002160,-0.001163,-0.029538,300.026245,15.284066,-0.295377,-551.563782,299.999725,0.000000
110.400002,67.445969,-551.608276,-0.002143,-0.001163,-0.029538,300.014648,15.283475,-0.295377,-551.608276,299.999725,0.000000
110.410004,67.439270,-551.563782,-0.002100,-0.001163,-0.029538,299.984863,15.281957,-0.295377,-551.563782,299.999725,0.000000
110.420006,67.433304,-551.608276,-0.002095,-0.001163,-0.029538,299.958313,15.280605,-0.295377,-551.608276,299.999725,0.000000
110.430008,67.434433,-551.697266,-0.002117,-0.001163,-0.029538,299.963348,15.280861,-0.295377,-551.697266,299.999725,0.000000
110.440002,67.447083,-551.519287,-0.002082,-0.001163,-0.029538,300.019592,15.283727,-0.295377,-551.519287,299.999725,0.000000
110.450005,67.439270,-551.652771,-0.002057,-0.001163,-0.029538,299.984863,15.281957,-0.295377,-551.652771,299.999725,0.000000
110.460007,67.439636,-551.563782,-0.002078,-0.001163,-0.029538,299.986481,15.282041,-0.295377,-551.563782,299.999725,0.000000
110.470009,67.446335,-551.652771,-0.002065,-0.001163,-0.029538,300.016296,15.283558,-0.295377,-551.652771,299.999725,0.000000
110.480003,67.432190,-551.652771,-0.002052,-0.001163,-0.029538,299.953369,15.280353,-0.295377,-551.652771,299.999725,0.000000
110.490005,67.439270,-551.563782,-0.002035,-0.001163,-0.029538,299.984863,15.281957,-0.295377,-551.563782,299.999725,0.000000
110.500008,67.441132,-551.697266,-0.002018,-0.001163,-0.029538,299.993134,15.282379,-0.295377,-551.697266,299.999725,0.000000
110.510002,67.437408,-551.563782,-0.002052,-0.001163,-0.029538,299.976562,15.281535,-0.295377,-551.563782,299.999725,0.000000
110.520004,67.436295,-551.608276,-0.002065,-0.001163,-0.029538,299.971619,15.281283,-0.295377,-551.608276,299.999725,0.000000
110.530006,67.443359,-551.652771,-0.002113,-0.001163,-0.029538,300.003052,15.282884,-0.295377,-551.652771,299.999725,0.000000
110.540009,67.440750,-551.608276,-0.002087,-0.001163,-0.029538,299.991425,15.282292,-0.295377,-551.608276,299.999725,0.000000
110.550003,67.445602,-551.652771,-0.002095,-0.001163,-0.029538,300.013031,15.283392,-0.295377,-551.652771,299.999725,0.000000
110.560005,67.438889,-551.608276,-0.002082,-0.001163,-0.029538,299.983154,15.281871,-0.295377,-551.608276,299.999725,0.000000
110.570007,67.443359,-551.608276,-0.002048,-0.001163,-0.029538,300.003052,15.282884,-0.295377,-551.608276,299.999725,0.000000
110.580002,67.445602,-551.697266,-0.002035,-0.001163,-0.029538,300.013031,15.283392,-0.295377,-551.697266,299.999725,0.000000
110.590004,67.447083,-551.563782,-0.002057,-0.001163,-0.029538,300.019592,15.283727,-0.295377,-551.563782,299.999725,0.000000
110.600006,67.440018,-551.697266,-0.002035,-0.001163,-0.029538,299.988190,15.282126,-0.295377,-551.697266,299.999725,0.000000
110.610008,67.449692,-551.608276,-0.002057,-0.001163,-0.029538,300.031219,15.284319,-0.295377,-551.608276,299.999725,0.000000
110.620003,67.450439,-551.519287,-0.002061,-0.001163,-0.029538,300.034546,15.284488,-0.295377,-551.519287,299.999725,0.000000
110.630005,67.441879,-551.652771,-0.002044,-0.001163,-0.029538,299.996460,15.282549,-0.295377,-551.652771,299.999725,0.000000
110.640007,67.451935,-551.563782,-0.002057,-0.001163,-0.029538,300.041199,15.284827,-0.295377,-551.563782,299.999725,0.000000
110.650002,67.435913,-551.697266,-0.002113,-0.001163,-0.029538,299.969910,15.281196,-0.295377,-551.697266,299.999725,0.000000
110.660004,67.434799,-551.563782,-0.002070,-0.001163,-0.029538,299.964966,15.280944,-0.295377,-551.563782,299.999725,0.000000
110.670006,67.437775,-551.608276,-0.002074,-0.001163,-0.029538,299.978210,15.281618,-0.295377,-551.608276,299.999725,0.000000
110.680008,67.443741,-551.652771,-0.002091,-0.001163,-0.029538,300.004730,15.282969,-0.295377,-551.652771,299.999725,0.000000
110.690002,67.441132,-551.519287,-0.002134,-0.001163,-0.029538,299.993134,15.282379,-0.295377,-551.519287,299.999725,0.000000
110.700005,67.442612,-551.697266,-0.002117,-0.001163,-0.029538,299.999725,15.282714,-0.295377,-551.697266,299.999725,0.000000
110.710007,67.438156,-551.608276,-0.002139,-0.001163,-0.029538,299.979889,15.281704,-0.295377,-551.608276,299.999725,0.000000
110.720009,67.429214,-551.563782,-0.002160,-0.001163,-0.029538,299.940125,15.279678,-0.295377,-551.563782,299.999725,0.000000
110.730003,67.433685,-551.697266,-0.002164,-0.001163,-0.029538,299.960022,15.280691,-0.295377,-551.697266,299.999725,0.000000
110.740005,67.443741,-551.563782,-0.002121,-0.001163,-0.029538,300.004730,15.282969,-0.295377,-551.563782,299.999725,0.000000
110.750008,67.437408,-551.741699,-0.002091,-0.001163,-0.029538,299.976562,15.281535,-0.295377,-551.741699,299.999725,0.000000
110.760002,67.438522,-551.563782,-0.002061,-0.001163,-0.029538,299.981537,15.281788,-0.295377,-551.563782,299.999725,0.000000
110.770004,67.445602,-551.563782,-0.002057,-0.001163,-0.029538,300.013031,15.283392,-0.295377,-551.563782,299.999725,0.000000
110.780006,67.437408,-551.652771,-0.002044,-0.001163,-0.029538,299.976562,15.281535,-0.295377,-551.652771,299.999725,0.000000
110.790009,67.445602,-551.563782,-0.002022,-0.001163,-0.029538,300.013031,15.283392,-0.295377,-551.563782,299.999725,0.000000
110.800003,67.439270,-551.652771,-0.002022,-0.001163,-0.029538,299.984863,15.281957,-0.295377,-551.652771,299.999725,0.000000
110.810005,67.435165,-551.563782,-0.002078,-0.001163,-0.029538,299.966583,15.281027,-0.295377,-551.563782,299.999725,0.000000
110.820007,67.428467,-551.652771,-0.002091,-0.001163,-0.029538,299.936798,15.279510,-0.295377,-551.652771,299.999725,0.000000
110.830002,67.440384,-551.652771,-0.002095,-0.001163,-0.029538,299.989807,15.282209,-0.295377,-551.652771,299.999725,0.000000
110.840004,67.442612,-551.563782,-0.002074,-0.001163,-0.029538,299.999725,15.282714,-0.295377,-551.563782,299.999725,0.000000
110.850006,67.438522,-551.697266,-0.002065,-0.001163,-0.029538,299.981537,15.281788,-0.295377,-551.697266,299.999725,0.000000
110.860008,67.440384,-551.608276,-0.002052,-0.001163,-0.029538,299.989807,15.282209,-0.295377,-551.608276,299.999725,0.000000
110.870003,67.440750,-551.563782,-0.002057,-0.001163,-0.029538,299.991425,15.282292,-0.295377,-551.563782,299.999725,0.000000
110.880005,67.442612,-551.652771,-0.002113,-0.001163,-0.029538,299.999725,15.282714,-0.295377,-551.652771,299.999725,0.000000
110.890007,67.440750,-551.563782,-0.002087,-0.001163,-0.029538,299.991425,15.282292,-0.295377,-551.563782,299.999725,0.000000
110.900002,67.434433,-551.652771,-0.002100,-0.001163,-0.029538,299.963348,15.280861,-0.295377,-551.652771,299.999725,0.000000
110.910004,67.436295,-551.608276,-0.002121,-0.001163,-0.029538,299.971619,15.281283,-0.295377,-551.608276,299.999725,0.000000
110.920006,67.441879,-551.652771,-0.002121,-0.001163,-0.029538,299.996460,15.282549,-0.295377,-551.652771,299.999725,0.000000
110.930008,67.447464,-551.697266,-0.002169,-0.001163,-0.029538,300.021301,15.283814,-0.295377,-551.697266,299.999725,0.000000
110.940002,67.436661,-551.474854,-0.002156,-0.001163,-0.029538,299.973236,15.281365,-0.295377,-551.474854,299.999725,0.000000
110.950005,67.436295,-551.697266,-0.002147,-0.001163,-0.029538,299.971619,15.281283,-0.295377,-551.697266,299.999725,0.000000
110.960007,67.426971,-551.652771,-0.002104,-0.001163,-0.029538,299.930145,15.279170,-0.295377,-551.652771,299.999725,0.000000
110.970009,67.433685,-551.608276,-0.002082,-0.001163,-0.029538,299.960022,15.280691,-0.295377,-551.608276,299.999725,0.000000
110.980003,67.438522,-551.652771,-0.002052,-0.001163,-0.029538,299.981537,15.281788,-0.295377,-551.652771,299.999725,0.000000
110.990005,67.441498,-551.608276,-0.002061,-0.001163,-0.029538,299.994751,15.282461,-0.295377,-551.608276,299.999725,0.000000
111.000008,67.438889,-551.741699,-0.002057,-0.001163,-0.029538,299.983154,15.281871,-0.295377,-551.741699,299.999725,0.000000
111.010002,67.431442,-551.563782,-0.002095,-0.001163,-0.029538,299.950043,15.280183,-0.295377,-551.563782,299.999725,0.000000
111.020004,67.431824,-551.652771,-0.002061,-0.001163,-0.029538,299.951721,15.280270,-0.295377,-551.652771,299.999725,0.000000
111.030006,67.437775,-551.652771,-0.002151,-0.001163,-0.029538,299.978210,15.281618,-0.295377,-551.652771,299.999725,0.000000
111.040009,67.441498,-551.519287,-0.002147,-0.001163,-0.029538,299.994751,15.282461,-0.295377,-551.519287,299.999725,0.000000
111.050003,67.445221,-551.697266,-0.002156,-0.001163,-0.029538,300.011322,15.283306,-0.295377,-551.697266,299.999725,0.000000
111.060005,67.445221,-551.608276,-0.002160,-0.001163,-0.029538,300.011322,15.283306,-0.295377,-551.608276,299.999725,0.000000
111.070007,67.434052,-551.608276,-0.002151,-0.001163,-0.029538,299.961639,15.280775,-0.295377,-551.608276,299.999725,0.000000
111.080002,67.431442,-551.652771,-0.002147,-0.001163,-0.029538,299.950043,15.280183,-0.295377,-551.652771,299.999725,0.000000
111.090004,67.439270,-551.563782,-0.002151,-0.001163,-0.029538,299.984863,15.281957,-0.295377,-551.563782,299.999725,0.000000
111.100006,67.436661,-551.697266,-0.002151,-0.001163,-0.029538,299.973236,15.281365,-0.295377,-551.697266,299.999725,0.000000
111.110008,67.445969,-551.608276,-0.002156,-0.001163,-0.029538,300.014648,15.283475,-0.295377,-551.608276,299.999725,0.000000
111.120003,67.442993,-551.608276,-0.002121,-0.001163,-0.029538,300.001404,15.282801,-0.295377,-551.608276,299.999725,0.000000
111.130005,67.445602,-551.652771,-0.002095,-0.001163,-0.029538,300.013031,15.283392,-0.295377,-551.652771,299.999725,0.000000
111.140007,67.441498,-551.563782,-0.002082,-0.001163,-0.029538,299.994751,15.282461,-0.295377,-551.563782,299.999725,0.000000
111.150002,67.437775,-551.652771,-0.002108,-0.001163,-0.029538,299.978210,15.281618,-0.295377,-551.652771,299.999725,0.000000
111.160004,67.436661,-551.608276,-0.002121,-0.001163,-0.029538,299.973236,15.281365,-0.295377,-551.608276,299.999725,0.000000
111.170006,67.445969,-551.652771,-0.002100,-0.001163,-0.029538,300.014648,15.283475,-0.295377,-551.652771,299.999725,0.000000
111.180008,67.438889,-551.741699,-0.002061,-0.001163,-0.029538,299.983154,15.281871,-0.295377,-551.741699,299.999725,0.000000
111.190002,67.447083,-551.563782,-0.002048,-0.001163,-0.029538,300.019592,15.283727,-0.295377,-551.563782,299.999725,0.000000
111.200005,67.438889,-551.697266,-0.002039,-0.001163,-0.029538,299.983154,15.281871,-0.295377,-551.697266,299.999725,0.000000
111.210007,67.438522,-551.608276,-0.002091,-0.001163,-0.029538,299.981537,15.281788,-0.295377,-551.608276,299.999725,0.000000
111.220009,67.441498,-551.608276,-0.002048,-0.001163,-0.029538,299.994751,15.282461,-0.295377,-551.608276,299.999725,0.000000
111.230003,67.437775,-551.697266,-0.002065,-0.001163,-0.029538,299.978210,15.281618,-0.295377,-551.697266,299.999725,0.000000
111.240005,67.447830,-551.652771,-0.002061,-0.001163,-0.029538,300.022919,15.283896,-0.295377,-551.652771,299.999725,0.000000
111.250008,67.449326,-551.652771,-0.002061,-0.001163,-0.029538,300.029572,15.284235,-0.295377,-551.652771,299.999725,0.000000
111.260002,67.433685,-551.652771,-0.002065,-0.001163,-0.029538,299.960022,15.280691,-0.295377,-551.652771,299.999725,0.000000
111.270004,67.436661,-551.608276,-0.002113,-0.001163,-0.029538,299.973236,15.281365,-0.295377,-551.608276,299.999725,0.000000
111.280006,67.435913,-551.652771,-0.002126,-0.001163,-0.029538,299.969910,15.281196,-0.295377,-551.652771,299.999725,0.000000
111.290009,67.437027,-551.608276,-0.002160,-0.001163,-0.029538,299.974884,15.281448,-0.295377,-551.608276,299.999725,0.000000
111.300003,67.435547,-551.652771,-0.002139,-0.001163,-0.029538,299.968292,15.281114,-0.295377,-551.652771,299.999725,0.000000
111.310005,67.442612,-551.608276,-0.002126,-0.001163,-0.029538,299.999725,15.282714,-0.295377,-551.608276,299.999725,0.000000
111.320007,67.447083,-551.652771,-0.002091,-0.001163,-0.029538,300.019592,15.283727,-0.295377,-551.652771,299.999725,0.000000
111.330002,67.443359,-551.652771,-0.002095,-0.001163,-0.029538,300.003052,15.282884,-0.295377,-551.652771,299.999725,0.000000
111.340004,67.435165,-551.608276,-0.002108,-0.001163,-0.029538,299.966583,15.281027,-0.295377,-551.608276,299.999725,0.000000
111.350006,67.425858,-551.652771,-0.002121,-0.001163,-0.029538,299.925201,15.278917,-0.295377,-551.652771,299.999725,0.000000
111.360008,67.429581,-551.652771,-0.002139,-0.001163,-0.029538,299.941742,15.279761,-0.295377,-551.652771,299.999725,0.000000
111.370003,67.437027,-551.652771,-0.002095,-0.001163,-0.029538,299.974884,15.281448,-0.295377,-551.652771,299.999725,0.000000
111.380005,67.443359,-551.697266,-0.002173,-0.001163,-0.029538,300.003052,15.282884,-0.295377,-551.697266,299.999725,0.000000
111.390007,67.446716,-551.608276,-0.002147,-0.001163,-0.029538,300.017975,15.283645,-0.295377,-551.608276,299.999725,0.000000
111.400002,67.444473,-551.741699,-0.002139,-0.001163,-0.029538,300.007996,15.283136,-0.295377,-551.741699,299.999725,0.000000
111.410004,67.440384,-551.608276,-0.002134,-0.001163,-0.029538,299.989807,15.282209,-0.295377,-551.608276,299.999725,0.000000
111.420006,67.433685,-551.608276,-0.002087,-0.001163,-0.029538,299.960022,15.280691,-0.295377,-551.608276,299.999725,0.000000
111.430008,67.432938,-551.741699,-0.002113,-0.001163,-0.029538,299.956696,15.280522,-0.295377,-551.741699,299.999725,0.000000
111.440002,67.436295,-551.608276,-0.002095,-0.001163,-0.029538,299.971619,15.281283,-0.295377,-551.608276,299.999725,0.000000
111.450005,67.434433,-551.741699,-0.002048,-0.001163,-0.029538,299.963348,15.280861,-0.295377,-551.741699,299.999725,0.000000
111.460007,67.437408,-551.608276,-0.002057,-0.001163,-0.029538,299.976562,15.281535,-0.295377,-551.608276,299.999725,0.000000
111.470009,67.445221,-551.608276,-0.002057,-0.001163,-0.029538,300.011322,15.283306,-0.295377,-551.608276,299.999725,0.000000
111.480003,67.432571,-551.741699,-0.002074,-0.001163,-0.029538,299.955048,15.280438,-0.295377,-551.741699,299.999725,0.000000
111.490005,67.429214,-551.608276,-0.002026,-0.001163,-0.029538,299.940125,15.279678,-0.295377,-551.608276,299.999725,0.000000
111.500008,67.432190,-551.697266,-0.002048,-0.001163,-0.029538,299.953369,15.280353,-0.295377,-551.697266,299.999725,0.000000
111.510002,67.438889,-551.608276,-0.002078,-0.001163,-0.029538,299.983154,15.281871,-0.295377,-551.608276,299.999725,0.000000
111.520004,67.434052,-551.608276,-0.002074,-0.001163,-0.029538,299.961639,15.280775,-0.295377,-551.608276,299.999725,0.000000
111.530006,67.440384,-551.741699,-0.002130,-0.001163,-0.029538,299.989807,15.282209,-0.295377,-551.741699,299.999725,0.000000
111.540009,67.439270,-551.563782,-0.002139,-0.001163,-0.029538,299.984863,15.281957,-0.295377,-551.563782,299.999725,0.000000
111.550003,67.442612,-551.741699,-0.002117,-0.001163,-0.029538,299.999725,15.282714,-0.295377,-551.741699,299.999725,0.000000
111.560005,67.430695,-551.652771,-0.002190,-0.001163,-0.029538,299.946716,15.280014,-0.295377,-551.652771,299.999725,0.000000
111.570007,67.436661,-551.652771,-0.002151,-0.001163,-0.029538,299.973236,15.281365,-0.295377,-551.652771,299.999725,0.000000
111.580002,67.442612,-551.652771,-0.002177,-0.001163,-0.029538,299.999725,15.282714,-0.295377,-551.652771,299.999725,0.000000
111.590004,67.441132,-551.608276,-0.002169,-0.001163,-0.029538,299.993134,15.282379,-0.295377,-551.608276,299.999725,0.000000
111.600006,67.442993,-551.741699,-0.002156,-0.001163,-0.029538,300.001404,15.282801,-0.295377,-551.741699,299.999725,0.000000
111.610008,67.432938,-551.697266,-0.002130,-0.001163,-0.029538,299.956696,15.280522,-0.295377,-551.697266,299.999725,0.000000
111.620003,67.433685,-551.608276,-0.002121,-0.001163,-0.029538,299.960022,15.280691,-0.295377,-551.608276,299.999725,0.000000
111.630005,67.432190,-551.697266,-0.002057,-0.001163,-0.029538,299.953369,15.280353,-0.295377,-551.697266,299.999725,0.000000
111.640007,67.434799,-551.563782,-0.002048,-0.001163,-0.029538,299.964966,15.280944,-0.295377,-551.563782,299.999725,0.000000
111.650002,67.433685,-551.697266,-0.002039,-0.001163,-0.029538,299.960022,15.280691,-0.295377,-551.697266,299.999725,0.000000
111.660004,67.439636,-551.697266,-0.002031,-0.001163,-0.029538,299.986481,15.282041,-0.295377,-551.697266,299.999725,0.000000
111.670006,67.441879,-551.652771,-0.002035,-0.001163,-0.029538,299.996460,15.282549,-0.295377,-551.652771,299.999725,0.000000
111.680008,67.447830,-551.741699,-0.002091,-0.001163,-0.029538,300.022919,15.283896,-0.295377,-551.741699,299.999725,0.000000
111.690002,67.440018,-551.563782,-0.002091,-0.001163,-0.029538,299.988190,15.282126,-0.295377,-551.563782,299.999725,0.000000
111.700005,67.441498,-551.697266,-0.002139,-0.001163,-0.029538,299.994751,15.282461,-0.295377,-551.697266,299.999725,0.000000
111.710007,67.437027,-551.652771,-0.002126,-0.001163,-0.029538,299.974884,15.281448,-0.295377,-551.652771,299.999725,0.000000
111.720009,67.437775,-551.608276,-0.002156,-0.001163,-0.029538,299.978210,15.281618,-0.295377,-551.608276,299.999725,0.000000
111.730003,67.425491,-551.741699,-0.002173,-0.001163,-0.029538,299.923553,15.278834,-0.295377,-551.741699,299.999725,0.000000
111.740005,67.432190,-551.563782,-0.002143,-0.001163,-0.029538,299.953369,15.280353,-0.295377,-551.563782,299.999725,0.000000
111.750008,67.432190,-551.697266,-0.002117,-0.001163,-0.029538,299.953369,15.280353,-0.295377,-551.697266,299.999725,0.000000
111.760002,67.423996,-551.652771,-0.002177,-0.001163,-0.029538,299.916901,15.278496,-0.295377,-551.652771,299.999725,0.000000
111.770004,67.429581,-551.608276,-0.002134,-0.001163,-0.029538,299.941742,15.279761,-0.295377,-551.608276,299.999725,0.000000
111.780006,67.444473,-551.697266,-0.002074,-0.001163,-0.029538,300.007996,15.283136,-0.295377,-551.697266,299.999725,0.000000
111.790009,67.443741,-551.652771,-0.002035,-0.001163,-0.029538,300.004730,15.282969,-0.295377,-551.652771,299.999725,0.000000
111.800003,67.435913,-551.697266,-0.002065,-0.001163,-0.029538,299.969910,15.281196,-0.295377,-551.697266,299.999725,0.000000
111.810005,67.440750,-551.608276,-0.002057,-0.001163,-0.029538,299.991425,15.282292,-0.295377,-551.608276,299.999725,0.000000
111.820007,67.431442,-551.563782,-0.002039,-0.001163,-0.029538,299.950043,15.280183,-0.295377,-551.563782,299.999725,0.000000
111.830002,67.432190,-551.697266,-0.002048,-0.001163,-0.029538,299.953369,15.280353,-0.295377,-551.697266,299.999725,0.000000
111.840004,67.440384,-551.563782,-0.002039,-0.001163,-0.029538,299.989807,15.282209,-0.295377,-551.563782,299.999725,0.000000
111.850006,67.437027,-551.741699,-0.002057,-0.001163,-0.029538,299.974884,15.281448,-0.295377,-551.741699,299.999725,0.000000
111.860008,67.436295,-551.652771,-0.002065,-0.001163,-0.029538,299.971619,15.281283,-0.295377,-551.652771,299.999725,0.000000
111.870003,67.444107,-551.563782,-0.002044,-0.001163,-0.029538,300.006378,15.283053,-0.295377,-551.563782,299.999725,0.000000
111.880005,67.439270,-551.697266,-0.002048,-0.001163,-0.029538,299.984863,15.281957,-0.295377,-551.697266,299.999725,0.000000
111.890007,67.427719,-551.563782,-0.002035,-0.001163,-0.029538,299.933472,15.279340,-0.295377,-551.563782,299.999725,0.000000
111.900002,67.423248,-551.697266,-0.002074,-0.001163,-0.029538,299.913574,15.278326,-0.295377,-551.697266,299.999725,0.000000
111.910004,67.426971,-551.652771,-0.002156,-0.001163,-0.029538,299.930145,15.279170,-0.295377,-551.652771,299.999725,0.000000
111.920006,67.438156,-551.652771,-0.002143,-0.001163,-0.029538,299.979889,15.281704,-0.295377,-551.652771,299.999725,0.000000
111.930008,67.450058,-551.741699,-0.002134,-0.001163,-0.029538,300.032837,15.284402,-0.295377,-551.741699,299.999725,0.000000
111.940002,67.442993,-551.697266,-0.002164,-0.001163,-0.029538,300.001404,15.282801,-0.295377,-551.697266,299.999725,0.000000
111.950005,67.435165,-551.697266,-0.002147,-0.001163,-0.029538,299.966583,15.281027,-0.295377,-551.697266,299.999725,0.000000
111.960007,67.444107,-551.652771,-0.002130,-0.001163,-0.029538,300.006378,15.283053,-0.295377,-551.652771,299.999725,0.000000
111.970009,67.438522,-551.652771,-0.002078,-0.001163,-0.029538,299.981537,15.281788,-0.295377,-551.652771,299.999725,0.000000
111.980003,67.439636,-551.697266,-0.002091,-0.001163,-0.029538,299.986481,15.282041,-0.295377,-551.697266,299.999725,0.000000
111.990005,67.448944,-551.608276,-0.002087,-0.001163,-0.029538,300.027893,15.284149,-0.295377,-551.608276,299.999725,0.000000
112.000008,67.441498,-551.741699,-0.002121,-0.001163,-0.029538,299.994751,15.282461,-0.295377,-551.741699,299.999725,0.000000
112.010002,67.438522,-551.652771,-0.002113,-0.001163,-0.029538,299.981537,15.281788,-0.295377,-551.652771,299.999725,0.000000
112.020004,67.441879,-551.652771,-0.002143,-0.001163,-0.029538,299.996460,15.282549,-0.295377,-551.652771,299.999725,0.000000
112.030006,67.442993,-551.652771,-0.002143,-0.001163,-0.029538,300.001404,15.282801,-0.295377,-551.652771,299.999725,0.000000
112.040009,67.440018,-551.608276,-0.002108,-0.001163,-0.029538,299.988190,15.282126,-0.295377,-551.608276,299.999725,0.000000
112.050003,67.428467,-551.741699,-0.002156,-0.001163,-0.029538,299.936798,15.279510,-0.295377,-551.741699,299.999725,0.000000
112.060005,67.432190,-551.652771,-0.002169,-0.001163,-0.029538,299.953369,15.280353,-0.295377,-551.652771,299.999725,0.000000
112.070007,67.438889,-551.697266,-0.002130,-0.001163,-0.029538,299.983154,15.281871,-0.295377,-551.697266,299.999725,0.000000
112.080002,67.434052,-551.697266,-0.002130,-0.001163,-0.029538,299.961639,15.280775,-0.295377,-551.697266,299.999725,0.000000
112.090004,67.442245,-551.608276,-0.002143,-0.001163,-0.029538,299.998077,15.282631,-0.295377,-551.608276,299.999725,0.000000
112.100006,67.422516,-551.697266,-0.002139,-0.001163,-0.029538,299.910339,15.278161,-0.295377,-551.697266,299.999725,0.000000
112.110008,67.432571,-551.608276,-0.002130,-0.001163,-0.029538,299.955048,15.280438,-0.295377,-551.608276,299.999725,0.000000
112.120003,67.435547,-551.652771,-0.002113,-0.001163,-0.029538,299.968292,15.281114,-0.295377,-551.652771,299.999725,0.000000
112.130005,67.441132,-551.741699,-0.002078,-0.001163,-0.029538,299.993134,15.282379,-0.295377,-551.741699,299.999725,0.000000
112.140007,67.451187,-551.608276,-0.002057,-0.001163,-0.029538,300.037872,15.284657,-0.295377,-551.608276,299.999725,0.000000
112.150002,67.443359,-551.697266,-0.002048,-0.001163,-0.029538,300.003052,15.282884,-0.295377,-551.697266,299.999725,0.000000
112.160004,67.426971,-551.608276,-0.002078,-0.001163,-0.029538,299.930145,15.279170,-0.295377,-551.608276,299.999725,0.000000
112.170006,67.431076,-551.652771,-0.002139,-0.001163,-0.029538,299.948395,15.280100,-0.295377,-551.652771,299.999725,0.000000
112.180008,67.431442,-551.697266,-0.002177,-0.001163,-0.029538,299.950043,15.280183,-0.295377,-551.697266,299.999725,0.000000
112.190002,67.437775,-551.563782,-0.002182,-0.001163,-0.029538,299.978210,15.281618,-0.295377,-551.563782,299.999725,0.000000
112.200005,67.434052,-551.697266,-0.002164,-0.001163,-0.029538,299.961639,15.280775,-0.295377,-551.697266,299.999725,0.000000
112.210007,67.434433,-551.608276,-0.002134,-0.001163,-0.029538,299.963348,15.280861,-0.295377,-551.608276,299.999725,0.000000
112.220009,67.437027,-551.697266,-0.002113,-0.001163,-0.029538,299.974884,15.281448,-0.295377,-551.697266,299.999725,0.000000
112.230003,67.425858,-551.786194,-0.002074,-0.001163,-0.029538,299.925201,15.278917,-0.295377,-551.786194,299.999725,0.000000
112.240005,67.436661,-551.608276,-0.002057,-0.001163,-0.029538,299.973236,15.281365,-0.295377,-551.608276,299.999725,0.000000
112.250008,67.432938,-551.697266,-0.002061,-0.001163,-0.029538,299.956696,15.280522,-0.295377,-551.697266,299.999725,0.000000
112.260002,67.438156,-551.608276,-0.002065,-0.001163,-0.029538,299.979889,15.281704,-0.295377,-551.608276,299.999725,0.000000
112.270004,67.435165,-551.608276,-0.002074,-0.001163,-0.029538,299.966583,15.281027,-0.295377,-551.608276,299.999725,0.000000
112.280006,67.441132,-551.697266,-0.002113,-0.001163,-0.029538,299.993134,15.282379,-0.295377,-551.697266,299.999725,0.000000
112.290009,67.441879,-551.652771,-0.002173,-0.001163,-0.029538,299.996460,15.282549,-0.295377,-551.652771,299.999725,0.000000
112.300003,67.437408,-551.697266,-0.002164,-0.001163,-0.029538,299.976562,15.281535,-0.295377,-551.697266,299.999725,0.000000
112.310005,67.434433,-551.652771,-0.002160,-0.001163,-0.029538,299.963348,15.280861,-0.295377,-551.652771,299.999725,0.000000
112.320007,67.431076,-551.652771,-0.002143,-0.001163,-0.029538,299.948395,15.280100,-0.295377,-551.652771,299.999725,0.000000
112.330002,67.430328,-551.741699,-0.002113,-0.001163,-0.029538,299.945068,15.279930,-0.295377,-551.741699,299.999725,0.000000
112.340004,67.428101,-551.608276,-0.002087,-0.001163,-0.029538,299.935181,15.279426,-0.295377,-551.608276,299.999725,0.000000
112.350006,67.437027,-551.741699,-0.002082,-0.001163,-0.029538,299.974884,15.281448,-0.295377,-551.741699,299.999725,0.000000
112.360008,67.437775,-551.652771,-0.002057,-0.001163,-0.029538,299.978210,15.281618,-0.295377,-551.652771,299.999725,0.000000
112.370003,67.432190,-551.697266,-0.002013,-0.001163,-0.029538,299.953369,15.280353,-0.295377,-551.697266,299.999725,0.000000
112.380005,67.427719,-551.786194,-0.002035,-0.001163,-0.029538,299.933472,15.279340,-0.295377,-551.786194,299.999725,0.000000
112.390007,67.432190,-551.652771,-0.002044,-0.001163,-0.029538,299.953369,15.280353,-0.295377,-551.652771,299.999725,0.000000
112.400002,67.427719,-551.697266,-0.002048,-0.001163,-0.029538,299.933472,15.279340,-0.295377,-551.697266,299.999725,0.000000
112.410004,67.432571,-551.652771,-0.002044,-0.001163,-0.029538,299.955048,15.280438,-0.295377,-551.652771,299.999725,0.000000
112.420006,67.432938,-551.608276,-0.002057,-0.001163,-0.029538,299.956696,15.280522,-0.295377,-551.608276,299.999725,0.000000
112.430008,67.435913,-551.741699,-0.002078,-0.001163,-0.029538,299.969910,15.281196,-0.295377,-551.741699,299.999725,0.000000
112.440002,67.435913,-551.652771,-0.002091,-0.001163,-0.029538,299.969910,15.281196,-0.295377,-551.652771,299.999725,0.000000
112.450005,67.419907,-551.697266,-0.002126,-0.001163,-0.029538,299.898712,15.277569,-0.295377,-551.697266,299.999725,0.000000
112.460007,67.422516,-551.652771,-0.002164,-0.001163,-0.029538,299.910339,15.278161,-0.295377,-551.652771,299.999725,0.000000
112.470009,67.430695,-551.652771,-0.002147,-0.001163,-0.029538,299.946716,15.280014,-0.295377,-551.652771,299.999725,0.000000
112.480003,67.431824,-551.786194,-0.002147,-0.001163,-0.029538,299.951721,15.280270,-0.295377,-551.786194,299.999725,0.000000
112.490005,67.431824,-551.563782,-0.002134,-0.001163,-0.029538,299.951721,15.280270,-0.295377,-551.563782,299.999725,0.000000
112.500008,67.434052,-551.652771,-0.002177,-0.001163,-0.029538,299.961639,15.280775,-0.295377,-551.652771,299.999725,0.000000
112.510002,67.433685,-551.652771,-0.002130,-0.001163,-0.029538,299.960022,15.280691,-0.295377,-551.652771,299.999725,0.000000
112.520004,67.426971,-551.652771,-0.002151,-0.001163,-0.029538,299.930145,15.279170,-0.295377,-551.652771,299.999725,0.000000
112.530006,67.426605,-551.741699,-0.002156,-0.001163,-0.029538,299.928528,15.279087,-0.295377,-551.741699,299.999725,0.000000
112.540009,67.437775,-551.652771,-0.002134,-0.001163,-0.029538,299.978210,15.281618,-0.295377,-551.652771,299.999725,0.000000
112.550003,67.435547,-551.741699,-0.002143,-0.001163,-0.029538,299.968292,15.281114,-0.295377,-551.741699,299.999725,0.000000
112.560005,67.425110,-551.652771,-0.002160,-0.001163,-0.029538,299.921875,15.278749,-0.295377,-551.652771,299.999725,0.000000
112.570007,67.428101,-551.608276,-0.002147,-0.001163,-0.029538,299.935181,15.279426,-0.295377,-551.608276,299.999725,0.000000
112.580002,67.431442,-551.741699,-0.002160,-0.001163,-0.029538,299.950043,15.280183,-0.295377,-551.741699,299.999725,0.000000
112.590004,67.434799,-551.608276,-0.002160,-0.001163,-0.029538,299.964966,15.280944,-0.295377,-551.608276,299.999725,0.000000
112.600006,67.430328,-551.741699,-0.002160,-0.001163,-0.029538,299.945068,15.279930,-0.295377,-551.741699,299.999725,0.000000
112.610008,67.437027,-551.652771,-0.002151,-0.001163,-0.029538,299.974884,15.281448,-0.295377,-551.652771,299.999725,0.000000
112.620003,67.445969,-551.652771,-0.002173,-0.001163,-0.029538,300.014648,15.283475,-0.295377,-551.652771,299.999725,0.000000
112.630005,67.439270,-551.741699,-0.002164,-0.001163,-0.029538,299.984863,15.281957,-0.295377,-551.741699,299.999725,0.000000
112.640007,67.445602,-551.608276,-0.002164,-0.001163,-0.029538,300.013031,15.283392,-0.295377,-551.608276,299.999725,0.000000
112.650009,67.428101,-551.830688,-0.002164,-0.001163,-0.029538,299.935181,15.279426,-0.295377,-551.830688,299.999725,0.000000
112.660004,67.427719,-551.697266,-0.002134,-0.001163,-0.029538,299.933472,15.279340,-0.295377,-551.697266,299.999725,0.000000
112.670006,67.444855,-551.652771,-0.002164,-0.001163,-0.029538,300.009705,15.283222,-0.295377,-551.652771,299.999725,0.000000
112.680008,67.443359,-551.786194,-0.002151,-0.001163,-0.029538,300.003052,15.282884,-0.295377,-551.786194,299.999725,0.000000
112.690002,67.443359,-551.563782,-0.002143,-0.001163,-0.029538,300.003052,15.282884,-0.295377,-551.563782,299.999725,0.000000
112.700005,67.423630,-551.741699,-0.002134,-0.001163,-0.029538,299.915283,15.278414,-0.295377,-551.741699,299.999725,0.000000
112.710007,67.421768,-551.652771,-0.002143,-0.001163,-0.029538,299.907013,15.277991,-0.295377,-551.652771,299.999725,0.000000
112.720009,67.438522,-551.697266,-0.002126,-0.001163,-0.029538,299.981537,15.281788,-0.295377,-551.697266,299.999725,0.000000
112.730003,67.436295,-551.786194,-0.002113,-0.001163,-0.029538,299.971619,15.281283,-0.295377,-551.786194,299.999725,0.000000
112.740005,67.437027,-551.652771,-0.002117,-0.001163,-0.029538,299.974884,15.281448,-0.295377,-551.652771,299.999725,0.000000
112.750008,67.435913,-551.786194,-0.002078,-0.001163,-0.029538,299.969910,15.281196,-0.295377,-551.786194,299.999725,0.000000
112.760002,67.444473,-551.697266,-0.002100,-0.001163,-0.029538,300.007996,15.283136,-0.295377,-551.697266,299.999725,0.000000
112.770004,67.446335,-551.697266,-0.002104,-0.001163,-0.029538,300.016296,15.283558,-0.295377,-551.697266,299.999725,0.000000
112.780006,67.430695,-551.697266,-0.002061,-0.001163,-0.029538,299.946716,15.280014,-0.295377,-551.697266,299.999725,0.000000
112.790009,67.429214,-551.652771,-0.002095,-0.001163,-0.029538,299.940125,15.279678,-0.295377,-551.652771,299.999725,0.000000
112.800003,67.425491,-551.786194,-0.002057,-0.001163,-0.029538,299.923553,15.278834,-0.295377,-551.786194,299.999725,0.000000
112.810005,67.435547,-551.608276,-0.002057,-0.001163,-0.029538,299.968292,15.281114,-0.295377,-551.608276,299.999725,0.000000
112.820007,67.439270,-551.608276,-0.002044,-0.001163,-0.029538,299.984863,15.281957,-0.295377,-551.608276,299.999725,0.000000
112.830002,67.440018,-551.786194,-0.002061,-0.001163,-0.029538,299.988190,15.282126,-0.295377,-551.786194,299.999725,0.000000
112.840004,67.435913,-551.608276,-0.002044,-0.001163,-0.029538,299.969910,15.281196,-0.295377,-551.608276,299.999725,0.000000
112.850006,67.426239,-551.697266,-0.002057,-0.001163,-0.029538,299.926880,15.279004,-0.295377,-551.697266,299.999725,0.000000
112.860008,67.429214,-551.697266,-0.002061,-0.001163,-0.029538,299.940125,15.279678,-0.295377,-551.697266,299.999725,0.000000
112.870003,67.431824,-551.697266,-0.002074,-0.001163,-0.029538,299.951721,15.280270,-0.295377,-551.697266,299.999725,0.000000
112.880005,67.435913,-551.741699,-0.002108,-0.001163,-0.029538,299.969910,15.281196,-0.295377,-551.741699,299.999725,0.000000
112.890007,67.443741,-551.697266,-0.002177,-0.001163,-0.029538,300.004730,15.282969,-0.295377,-551.697266,299.999725,0.000000
112.900009,67.439270,-551.697266,-0.002164,-0.001163,-0.029538,299.984863,15.281957,-0.295377,-551.697266,299.999725,0.000000
112.910004,67.424744,-551.652771,-0.002082,-0.001163,-0.029538,299.920227,15.278665,-0.295377,-551.652771,299.999725,0.000000
112.920006,67.428101,-551.652771,-0.002078,-0.001163,-0.029538,299.935181,15.279426,-0.295377,-551.652771,299.999725,0.000000
112.930008,67.429962,-551.786194,-0.002074,-0.001163,-0.029538,299.943451,15.279848,-0.295377,-551.786194,299.999725,0.000000
112.940002,67.431824,-551.608276,-0.002070,-0.001163,-0.029538,299.951721,15.280270,-0.295377,-551.608276,299.999725,0.000000
112.950005,67.438522,-551.786194,-0.002065,-0.001163,-0.029538,299.981537,15.281788,-0.295377,-551.786194,299.999725,0.000000
112.960007,67.440018,-551.652771,-0.002074,-0.001163,-0.029538,299.988190,15.282126,-0.295377,-551.652771,299.999725,0.000000
112.970009,67.441132,-551.697266,-0.002044,-0.001163,-0.029538,299.993134,15.282379,-0.295377,-551.697266,299.999725,0.000000
112.980003,67.429581,-551.741699,-0.002044,-0.001163,-0.029538,299.941742,15.279761,-0.295377,-551.741699,299.999725,0.000000
112.990005,67.428467,-551.608276,-0.002044,-0.001163,-0.029538,299.936798,15.279510,-0.295377,-551.608276,299.999725,0.000000
113.000008,67.429581,-551.786194,-0.002039,-0.001163,-0.029538,299.941742,15.279761,-0.295377,-551.786194,299.999725,0.000000
113.010002,67.434052,-551.697266,-0.002061,-0.001163,-0.029538,299.961639,15.280775,-0.295377,-551.697266,299.999725,0.000000
113.020004,67.440018,-551.697266,-0.002117,-0.001163,-0.029538,299.988190,15.282126,-0.295377,-551.697266,299.999725,0.000000
113.030006,67.442993,-551.741699,-0.002044,-0.001163,-0.029538,300.001404,15.282801,-0.295377,-551.741699,299.999725,0.000000
113.040009,67.438156,-551.697266,-0.002052,-0.001163,-0.029538,299.979889,15.281704,-0.295377,-551.697266,299.999725,0.000000
113.050003,67.433685,-551.741699,-0.002065,-0.001163,-0.029538,299.960022,15.280691,-0.295377,-551.741699,299.999725,0.000000
113.060005,67.431442,-551.697266,-0.002065,-0.001163,-0.029538,299.950043,15.280183,-0.295377,-551.697266,299.999725,0.000000
113.070007,67.431824,-551.652771,-0.002035,-0.001163,-0.029538,299.951721,15.280270,-0.295377,-551.652771,299.999725,0.000000
113.080002,67.441879,-551.741699,-0.002065,-0.001163,-0.029538,299.996460,15.282549,-0.295377,-551.741699,299.999725,0.000000
113.090004,67.438889,-551.652771,-0.002113,-0.001163,-0.029538,299.983154,15.281871,-0.295377,-551.652771,299.999725,0.000000
113.100006,67.437027,-551.786194,-0.002100,-0.001163,-0.029538,299.974884,15.281448,-0.295377,-551.786194,299.999725,0.000000
113.110008,67.441498,-551.652771,-0.002113,-0.001163,-0.029538,299.994751,15.282461,-0.295377,-551.652771,299.999725,0.000000
113.120003,67.441132,-551.697266,-0.002095,-0.001163,-0.029538,299.993134,15.282379,-0.295377,-551.697266,299.999725,0.000000
113.130005,67.429214,-551.786194,-0.002074,-0.001163,-0.029538,299.940125,15.279678,-0.295377,-551.786194,299.999725,0.000000
113.140007,67.433685,-551.652771,-0.002070,-0.001163,-0.029538,299.960022,15.280691,-0.295377,-551.652771,299.999725,0.000000
113.150009,67.434052,-551.741699,-0.002057,-0.001163,-0.029538,299.961639,15.280775,-0.295377,-551.741699,299.999725,0.000000
113.160004,67.436295,-551.697266,-0.002057,-0.001163,-0.029538,299.971619,15.281283,-0.295377,-551.697266,299.999725,0.000000
113.170006,67.444855,-551.741699,-0.002052,-0.001163,-0.029538,300.009705,15.283222,-0.295377,-551.741699,299.999725,0.000000
113.180008,67.441498,-551.741699,-0.002078,-0.001163,-0.029538,299.994751,15.282461,-0.295377,-551.741699,299.999725,0.000000
113.190002,67.432938,-551.608276,-0.002139,-0.001163,-0.029538,299.956696,15.280522,-0.295377,-551.608276,299.999725,0.000000
113.200005,67.430695,-551.741699,-0.002074,-0.001163,-0.029538,299.946716,15.280014,-0.295377,-551.741699,299.999725,0.000000
113.210007,67.441132,-551.652771,-0.002117,-0.001163,-0.029538,299.993134,15.282379,-0.295377,-551.652771,299.999725,0.000000
113.220009,67.432938,-551.741699,-0.002134,-0.001163,-0.029538,299.956696,15.280522,-0.295377,-551.741699,299.999725,0.000000
113.230003,67.426605,-551.741699,-0.002160,-0.001163,-0.029538,299.928528,15.279087,-0.295377,-551.741699,299.999725,0.000000
113.240005,67.429581,-551.608276,-0.002160,-0.001163,-0.029538,299.941742,15.279761,-0.295377,-551.608276,299.999725,0.000000
113.250008,67.434433,-551.741699,-0.002143,-0.001163,-0.029538,299.963348,15.280861,-0.295377,-551.741699,299.999725,0.000000
113.260002,67.435913,-551.652771,-0.002147,-0.001163,-0.029538,299.969910,15.281196,-0.295377,-551.652771,299.999725,0.000000
113.270004,67.440018,-551.652771,-0.002061,-0.001163,-0.029538,299.988190,15.282126,-0.295377,-551.652771,299.999725,0.000000
113.280006,67.439270,-551.786194,-0.002070,-0.001163,-0.029538,299.984863,15.281957,-0.295377,-551.786194,299.999725,0.000000
113.290009,67.443359,-551.608276,-0.002095,-0.001163,-0.029538,300.003052,15.282884,-0.295377,-551.608276,299.999725,0.000000
113.300003,67.439636,-551.786194,-0.002130,-0.001163,-0.029538,299.986481,15.282041,-0.295377,-551.786194,299.999725,0.000000
113.310005,67.436661,-551.652771,-0.002160,-0.001163,-0.029538,299.973236,15.281365,-0.295377,-551.652771,299.999725,0.000000
113.320007,67.429962,-551.608276,-0.002160,-0.001163,-0.029538,299.943451,15.279848,-0.295377,-551.608276,299.999725,0.000000
113.330002,67.430328,-551.741699,-0.002104,-0.001163,-0.029538,299.945068,15.279930,-0.295377,-551.741699,299.999725,0.000000
113.340004,67.427719,-551.563782,-0.002104,-0.001163,-0.029538,299.933472,15.279340,-0.295377,-551.563782,299.999725,0.000000
113.350006,67.426971,-551.830688,-0.002070,-0.001163,-0.029538,299.930145,15.279170,-0.295377,-551.830688,299.999725,0.000000
113.360008,67.437408,-551.652771,-0.002078,-0.001163,-0.029538,299.976562,15.281535,-0.295377,-551.652771,299.999725,0.000000
113.370003,67.435547,-551.697266,-0.002074,-0.001163,-0.029538,299.968292,15.281114,-0.295377,-551.697266,299.999725,0.000000
113.380005,67.438522,-551.786194,-0.002057,-0.001163,-0.029538,299.981537,15.281788,-0.295377,-551.786194,299.999725,0.000000
113.390007,67.432190,-551.608276,-0.002070,-0.001163,-0.029538,299.953369,15.280353,-0.295377,-551.608276,299.999725,0.000000
113.400009,67.429962,-551.786194,-0.002044,-0.001163,-0.029538,299.943451,15.279848,-0.295377,-551.786194,299.999725,0.000000
113.410004,67.432190,-551.652771,-0.002057,-0.001163,-0.029538,299.953369,15.280353,-0.295377,-551.652771,299.999725,0.000000
113.420006,67.433304,-551.697266,-0.002061,-0.001163,-0.029538,299.958313,15.280605,-0.295377,-551.697266,299.999725,0.000000
113.430008,67.436661,-551.786194,-0.002048,-0.001163,-0.029538,299.973236,15.281365,-0.295377,-551.786194,299.999725,0.000000
113.440002,67.437408,-551.608276,-0.002022,-0.001163,-0.029538,299.976562,15.281535,-0.295377,-551.608276,299.999725,0.000000
113.450005,67.440018,-551.786194,-0.002052,-0.001163,-0.029538,299.988190,15.282126,-0.295377,-551.786194,299.999725,0.000000
113.460007,67.434052,-551.697266,-0.002052,-0.001163,-0.029538,299.961639,15.280775,-0.295377,-551.697266,299.999725,0.000000
113.470009,67.428101,-551.608276,-0.002061,-0.001163,-0.029538,299.935181,15.279426,-0.295377,-551.608276,299.999725,0.000000
113.480003,67.426239,-551.741699,-0.002044,-0.001163,-0.029538,299.926880,15.279004,-0.295377,-551.741699,299.999725,0.000000
113.490005,67.425858,-551.608276,-0.002052,-0.001163,-0.029538,299.925201,15.278917,-0.295377,-551.608276,299.999725,0.000000
113.500008,67.430695,-551.741699,-0.002108,-0.001163,-0.029538,299.946716,15.280014,-0.295377,-551.741699,299.999725,0.000000
113.510002,67.438522,-551.697266,-0.002121,-0.001163,-0.029538,299.981537,15.281788,-0.295377,-551.697266,299.999725,0.000000
113.520004,67.439270,-551.697266,-0.002087,-0.001163,-0.029538,299.984863,15.281957,-0.295377,-551.697266,299.999725,0.000000
113.530006,67.442245,-551.830688,-0.002057,-0.001163,-0.029538,299.998077,15.282631,-0.295377,-551.830688,299.999725,0.000000
113.540009,67.421768,-551.608276,-0.002044,-0.001163,-0.029538,299.907013,15.277991,-0.295377,-551.608276,299.999725,0.000000
113.550003,67.422516,-551.786194,-0.002026,-0.001163,-0.029538,299.910339,15.278161,-0.295377,-551.786194,299.999725,0.000000
113.560005,67.426239,-551.697266,-0.002048,-0.001163,-0.029538,299.926880,15.279004,-0.295377,-551.697266,299.999725,0.000000
113.570007,67.442993,-551.652771,-0.002061,-0.001163,-0.029538,300.001404,15.282801,-0.295377,-551.652771,299.999725,0.000000
113.580002,67.445221,-551.741699,-0.002061,-0.001163,-0.029538,300.011322,15.283306,-0.295377,-551.741699,299.999725,0.000000
113.590004,67.445969,-551.652771,-0.002108,-0.001163,-0.029538,300.014648,15.283475,-0.295377,-551.652771,299.999725,0.000000
113.600006,67.437408,-551.741699,-0.002126,-0.001163,-0.029538,299.976562,15.281535,-0.295377,-551.741699,299.999725,0.000000
113.610008,67.422882,-551.697266,-0.002134,-0.001163,-0.029538,299.911957,15.278244,-0.295377,-551.697266,299.999725,0.000000
113.620003,67.434799,-551.697266,-0.002108,-0.001163,-0.029538,299.964966,15.280944,-0.295377,-551.697266,299.999725,0.000000
113.630005,67.423248,-551.786194,-0.002130,-0.001163,-0.029538,299.913574,15.278326,-0.295377,-551.786194,299.999725,0.000000
113.640007,67.430695,-551.652771,-0.002164,-0.001163,-0.029538,299.946716,15.280014,-0.295377,-551.652771,299.999725,0.000000
113.650009,67.440384,-551.741699,-0.002121,-0.001163,-0.029538,299.989807,15.282209,-0.295377,-551.741699,299.999725,0.000000
113.660004,67.441132,-551.652771,-0.002173,-0.001163,-0.029538,299.993134,15.282379,-0.295377,-551.652771,299.999725,0.000000
113.670006,67.438522,-551.652771,-0.002130,-0.001163,-0.029538,299.981537,15.281788,-0.295377,-551.652771,299.999725,0.000000
113.680008,67.422882,-551.697266,-0.002160,-0.001163,-0.029538,299.911957,15.278244,-0.295377,-551.697266,299.999725,0.000000
113.690002,67.428833,-551.608276,-0.002156,-0.001163,-0.029538,299.938416,15.279592,-0.295377,-551.608276,299.999725,0.000000
113.700005,67.432938,-551.786194,-0.002177,-0.001163,-0.029538,299.956696,15.280522,-0.295377,-551.786194,299.999725,0.000000
113.710007,67.441879,-551.652771,-0.002160,-0.001163,-0.029538,299.996460,15.282549,-0.295377,-551.652771,299.999725,0.000000
113.720009,67.439636,-551.697266,-0.002113,-0.001163,-0.029538,299.986481,15.282041,-0.295377,-551.697266,299.999725,0.000000
113.730003,67.434799,-551.786194,-0.002130,-0.001163,-0.029538,299.964966,15.280944,-0.295377,-551.786194,299.999725,0.000000
113.740005,67.441879,-551.652771,-0.002121,-0.001163,-0.029538,299.996460,15.282549,-0.295377,-551.652771,299.999725,0.000000
113.750008,67.428467,-551.741699,-0.002113,-0.001163,-0.029538,299.936798,15.279510,-0.295377,-551.741699,299.999725,0.000000
113.760002,67.428101,-551.652771,-0.002100,-0.001163,-0.029538,299.935181,15.279426,-0.295377,-551.652771,299.999725,0.000000
113.770004,67.438522,-551.652771,-0.002095,-0.001163,-0.029538,299.981537,15.281788,-0.295377,-551.652771,299.999725,0.000000
113.780006,67.436661,-551.741699,-0.002044,-0.001163,-0.029538,299.973236,15.281365,-0.295377,-551.741699,299.999725,0.000000
113.790009,67.439636,-551.608276,-0.002052,-0.001163,-0.029538,299.986481,15.282041,-0.295377,-551.608276,299.999725,0.000000
113.800003,67.427719,-551.697266,-0.002031,-0.001163,-0.029538,299.933472,15.279340,-0.295377,-551.697266,299.999725,0.000000
113.810005,67.418793,-551.652771,-0.002048,-0.001163,-0.029538,299.893768,15.277317,-0.295377,-551.652771,299.999725,0.000000
113.820007,67.412460,-551.697266,-0.002087,-0.001163,-0.029538,299.865601,15.275883,-0.295377,-551.697266,299.999725,0.000000
113.830002,67.421768,-551.741699,-0.002134,-0.001163,-0.029538,299.907013,15.277991,-0.295377,-551.741699,299.999725,0.000000
113.840004,67.431442,-551.697266,-0.002156,-0.001163,-0.029538,299.950043,15.280183,-0.295377,-551.697266,299.999725,0.000000
113.850006,67.432571,-551.786194,-0.002151,-0.001163,-0.029538,299.955048,15.280438,-0.295377,-551.786194,299.999725,0.000000
113.860008,67.444473,-551.697266,-0.002151,-0.001163,-0.029538,300.007996,15.283136,-0.295377,-551.697266,299.999725,0.000000
113.870003,67.435547,-551.786194,-0.002052,-0.001163,-0.029538,299.968292,15.281114,-0.295377,-551.786194,299.999725,0.000000
113.880005,67.437027,-551.830688,-0.002044,-0.001163,-0.029538,299.974884,15.281448,-0.295377,-551.830688,299.999725,0.000000
113.890007,67.429214,-551.608276,-0.002057,-0.001163,-0.029538,299.940125,15.279678,-0.295377,-551.608276,299.999725,0.000000
113.900009,67.418045,-551.741699,-0.002065,-0.001163,-0.029538,299.890442,15.277148,-0.295377,-551.741699,299.999725,0.000000
113.910004,67.428833,-551.652771,-0.002104,-0.001163,-0.029538,299.938416,15.279592,-0.295377,-551.652771,299.999725,0.000000
113.920006,67.432571,-551.652771,-0.002134,-0.001163,-0.029538,299.955048,15.280438,-0.295377,-551.652771,299.999725,0.000000
113.930008,67.432938,-551.786194,-0.002143,-0.001163,-0.029538,299.956696,15.280522,-0.295377,-551.786194,299.999725,0.000000
113.940002,67.431824,-551.652771,-0.002151,-0.001163,-0.029538,299.951721,15.280270,-0.295377,-551.652771,299.999725,0.000000
113.950005,67.426971,-551.830688,-0.002139,-0.001163,-0.029538,299.930145,15.279170,-0.295377,-551.830688,299.999725,0.000000
113.960007,67.438889,-551.652771,-0.002108,-0.001163,-0.029538,299.983154,15.281871,-0.295377,-551.652771,299.999725,0.000000
113.970009,67.437027,-551.697266,-0.002057,-0.001163,-0.029538,299.974884,15.281448,-0.295377,-551.697266,299.999725,0.000000
113.980003,67.436295,-551.786194,-0.002061,-0.001163,-0.029538,299.971619,15.281283,-0.295377,-551.786194,299.999725,0.000000
113.990005,67.425858,-551.652771,-0.002052,-0.001163,-0.029538,299.925201,15.278917,-0.295377,-551.652771,299.999725,0.000000
114.000008,67.425858,-551.786194,-0.002100,-0.001163,-0.029538,299.925201,15.278917,-0.295377,-551.786194,299.999725,0.000000
114.010002,67.431824,-551.697266,-0.002108,-0.001163,-0.029538,299.951721,15.280270,-0.295377,-551.697266,299.999725,0.000000
114.020004,67.431442,-551.652771,-0.002139,-0.001163,-0.029538,299.950043,15.280183,-0.295377,-551.652771,299.999725,0.000000
114.030006,67.435547,-551.786194,-0.002173,-0.001163,-0.029538,299.968292,15.281114,-0.295377,-551.786194,299.999725,0.000000
114.040009,67.434799,-551.608276,-0.002134,-0.001163,-0.029538,299.964966,15.280944,-0.295377,-551.608276,299.999725,0.000000
114.050003,67.431824,-551.786194,-0.002091,-0.001163,-0.029538,299.951721,15.280270,-0.295377,-551.786194,299.999725,0.000000
114.060005,67.434433,-551.608276,-0.002057,-0.001163,-0.029538,299.963348,15.280861,-0.295377,-551.608276,299.999725,0.000000
114.070007,67.432938,-551.652771,-0.002070,-0.001163,-0.029538,299.956696,15.280522,-0.295377,-551.652771,299.999725,0.000000
114.080002,67.429581,-551.830688,-0.002070,-0.001163,-0.029538,299.941742,15.279761,-0.295377,-551.830688,299.999725,0.000000
114.090004,67.431824,-551.652771,-0.002052,-0.001163,-0.029538,299.951721,15.280270,-0.295377,-551.652771,299.999725,0.000000
114.100006,67.422882,-551.741699,-0.002052,-0.001163,-0.029538,299.911957,15.278244,-0.295377,-551.741699,299.999725,0.000000
114.110008,67.423248,-551.697266,-0.002044,-0.001163,-0.029538,299.913574,15.278326,-0.295377,-551.697266,299.999725,0.000000
114.120003,67.431824,-551.697266,-0.002039,-0.001163,-0.029538,299.951721,15.280270,-0.295377,-551.697266,299.999725,0.000000
114.130005,67.435913,-551.786194,-0.002087,-0.001163,-0.029538,299.969910,15.281196,-0.295377,-551.786194,299.999725,0.000000
114.140007,67.437408,-551.652771,-0.002100,-0.001163,-0.029538,299.976562,15.281535,-0.295377,-551.652771,299.999725,0.000000
114.150009,67.431824,-551.741699,-0.002173,-0.001163,-0.029538,299.951721,15.280270,-0.295377,-551.741699,299.999725,0.000000
114.160004,67.429962,-551.697266,-0.002151,-0.001163,-0.029538,299.943451,15.279848,-0.295377,-551.697266,299.999725,0.000000
114.170006,67.428101,-551.697266,-0.002095,-0.001163,-0.029538,299.935181,15.279426,-0.295377,-551.697266,299.999725,0.000000
114.180008,67.422134,-551.786194,-0.002044,-0.001163,-0.029538,299.908630,15.278074,-0.295377,-551.786194,299.999725,0.000000
114.190002,67.433304,-551.697266,-0.002057,-0.001163,-0.029538,299.958313,15.280605,-0.295377,-551.697266,299.999725,0.000000
114.200005,67.429962,-551.875183,-0.002070,-0.001163,-0.029538,299.943451,15.279848,-0.295377,-551.875183,299.999725,0.000000
114.210007,67.442993,-551.697266,-0.002074,-0.001163,-0.029538,300.001404,15.282801,-0.295377,-551.697266,299.999725,0.000000
114.220009,67.442612,-551.741699,-0.002100,-0.001163,-0.029538,299.999725,15.282714,-0.295377,-551.741699,299.999725,0.000000
114.230003,67.428467,-551.786194,-0.002070,-0.001163,-0.029538,299.936798,15.279510,-0.295377,-551.786194,299.999725,0.000000
114.240005,67.422516,-551.652771,-0.002095,-0.001163,-0.029538,299.910339,15.278161,-0.295377,-551.652771,299.999725,0.000000
114.250008,67.423996,-551.786194,-0.002117,-0.001163,-0.029538,299.916901,15.278496,-0.295377,-551.786194,299.999725,0.000000
114.260002,67.430695,-551.741699,-0.002143,-0.001163,-0.029538,299.946716,15.280014,-0.295377,-551.741699,299.999725,0.000000
114.270004,67.434433,-551.741699,-0.002126,-0.001163,-0.029538,299.963348,15.280861,-0.295377,-551.741699,299.999725,0.000000
114.280006,67.438156,-551.786194,-0.002065,-0.001163,-0.029538,299.979889,15.281704,-0.295377,-551.786194,299.999725,0.000000
114.290009,67.430695,-551.697266,-0.002065,-0.001163,-0.029538,299.946716,15.280014,-0.295377,-551.697266,299.999725,0.000000
114.300003,67.416550,-551.786194,-0.002082,-0.001163,-0.029538,299.883789,15.276809,-0.295377,-551.786194,299.999725,0.000000
114.310005,67.423248,-551.697266,-0.002095,-0.001163,-0.029538,299.913574,15.278326,-0.295377,-551.697266,299.999725,0.000000
114.320007,67.429581,-551.697266,-0.002052,-0.001163,-0.029538,299.941742,15.279761,-0.295377,-551.697266,299.999725,0.000000
114.330002,67.428467,-551.830688,-0.002061,-0.001163,-0.029538,299.936798,15.279510,-0.295377,-551.830688,299.999725,0.000000
114.340004,67.435913,-551.652771,-0.002022,-0.001163,-0.029538,299.969910,15.281196,-0.295377,-551.652771,299.999725,0.000000
114.350006,67.436661,-551.830688,-0.002082,-0.001163,-0.029538,299.973236,15.281365,-0.295377,-551.830688,299.999725,0.000000
114.360008,67.438522,-551.697266,-0.002078,-0.001163,-0.029538,299.981537,15.281788,-0.295377,-551.697266,299.999725,0.000000
114.370003,67.429214,-551.741699,-0.002052,-0.001163,-0.029538,299.940125,15.279678,-0.295377,-551.741699,299.999725,0.000000
114.380005,67.424377,-551.786194,-0.002044,-0.001163,-0.029538,299.918610,15.278583,-0.295377,-551.786194,299.999725,0.000000
114.390007,67.415802,-551.697266,-0.002070,-0.001163,-0.029538,299.880463,15.276640,-0.295377,-551.697266,299.999725,0.000000
114.400009,67.422882,-551.830688,-0.002013,-0.001163,-0.029538,299.911957,15.278244,-0.295377,-551.830688,299.999725,0.000000
114.410004,67.429581,-551.697266,-0.002052,-0.001163,-0.029538,299.941742,15.279761,-0.295377,-551.697266,299.999725,0.000000
114.420006,67.435913,-551.697266,-0.002048,-0.001163,-0.029538,299.969910,15.281196,-0.295377,-551.697266,299.999725,0.000000
114.430008,67.433685,-551.786194,-0.002065,-0.001163,-0.029538,299.960022,15.280691,-0.295377,-551.786194,299.999725,0.000000
114.440002,67.426605,-551.608276,-0.002087,-0.001163,-0.029538,299.928528,15.279087,-0.295377,-551.608276,299.999725,0.000000
114.450005,67.418793,-551.786194,-0.002070,-0.001163,-0.029538,299.893768,15.277317,-0.295377,-551.786194,299.999725,0.000000
114.460007,67.425110,-551.741699,-0.002082,-0.001163,-0.029538,299.921875,15.278749,-0.295377,-551.741699,299.999725,0.000000
114.470009,67.438889,-551.697266,-0.002104,-0.001163,-0.029538,299.983154,15.281871,-0.295377,-551.697266,299.999725,0.000000
114.480003,67.442612,-551.830688,-0.002087,-0.001163,-0.029538,299.999725,15.282714,-0.295377,-551.830688,299.999725,0.000000
114.490005,67.433304,-551.652771,-0.002117,-0.001163,-0.029538,299.958313,15.280605,-0.295377,-551.652771,299.999725,0.000000
114.500008,67.430328,-551.786194,-0.002151,-0.001163,-0.029538,299.945068,15.279930,-0.295377,-551.786194,299.999725,0.000000
114.510002,67.418793,-551.741699,-0.002182,-0.001163,-0.029538,299.893768,15.277317,-0.295377,-551.741699,299.999725,0.000000
114.520004,67.416183,-551.697266,-0.002100,-0.001163,-0.029538,299.882172,15.276726,-0.295377,-551.697266,299.999725,0.000000
114.530006,67.421768,-551.741699,-0.002121,-0.001163,-0.029538,299.907013,15.277991,-0.295377,-551.741699,299.999725,0.000000
114.540009,67.431076,-551.652771,-0.002126,-0.001163,-0.029538,299.948395,15.280100,-0.295377,-551.652771,299.999725,0.000000
114.550003,67.432938,-551.697266,-0.002143,-0.001163,-0.029538,299.956696,15.280522,-0.295377,-551.697266,299.999725,0.000000
114.560005,67.432190,-551.697266,-0.002139,-0.001163,-0.029538,299.953369,15.280353,-0.295377,-551.697266,299.999725,0.000000
114.570007,67.427719,-551.652771,-0.002156,-0.001163,-0.029538,299.933472,15.279340,-0.295377,-551.652771,299.999725,0.000000
114.580002,67.416550,-551.786194,-0.002164,-0.001163,-0.029538,299.883789,15.276809,-0.295377,-551.786194,299.999725,0.000000
114.590004,67.417297,-551.697266,-0.002134,-0.001163,-0.029538,299.887115,15.276978,-0.295377,-551.697266,299.999725,0.000000
114.600006,67.426239,-551.786194,-0.002100,-0.001163,-0.029538,299.926880,15.279004,-0.295377,-551.786194,299.999725,0.000000
114.610008,67.435913,-551.741699,-0.002078,-0.001163,-0.029538,299.969910,15.281196,-0.295377,-551.741699,299.999725,0.000000
114.620003,67.437408,-551.741699,-0.002035,-0.001163,-0.029538,299.976562,15.281535,-0.295377,-551.741699,299.999725,0.000000
114.630005,67.430695,-551.786194,-0.002065,-0.001163,-0.029538,299.946716,15.280014,-0.295377,-551.786194,299.999725,0.000000
114.640007,67.431076,-551.652771,-0.002052,-0.001163,-0.029538,299.948395,15.280100,-0.295377,-551.652771,299.999725,0.000000
114.650009,67.424377,-551.786194,-0.002100,-0.001163,-0.029538,299.918610,15.278583,-0.295377,-551.786194,299.999725,0.000000
114.660004,67.429214,-551.741699,-0.002100,-0.001163,-0.029538,299.940125,15.279678,-0.295377,-551.741699,299.999725,0.000000
114.670006,67.431076,-551.697266,-0.002074,-0.001163,-0.029538,299.948395,15.280100,-0.295377,-551.697266,299.999725,0.000000
114.680008,67.429214,-551.741699,-0.002126,-0.001163,-0.029538,299.940125,15.279678,-0.295377,-551.741699,299.999725,0.000000
114.690002,67.431076,-551.652771,-0.002121,-0.001163,-0.029538,299.948395,15.280100,-0.295377,-551.652771,299.999725,0.000000
114.700005,67.441132,-551.786194,-0.002160,-0.001163,-0.029538,299.993134,15.282379,-0.295377,-551.786194,299.999725,0.000000
114.710007,67.440018,-551.652771,-0.002143,-0.001163,-0.029538,299.988190,15.282126,-0.295377,-551.652771,299.999725,0.000000
114.720009,67.433685,-551.741699,-0.002139,-0.001163,-0.029538,299.960022,15.280691,-0.295377,-551.741699,299.999725,0.000000
114.730003,67.419525,-551.830688,-0.002126,-0.001163,-0.029538,299.897034,15.277483,-0.295377,-551.830688,299.999725,0.000000
114.740005,67.414322,-551.652771,-0.002087,-0.001163,-0.029538,299.873871,15.276303,-0.295377,-551.652771,299.999725,0.000000
114.750008,67.418411,-551.786194,-0.002147,-0.001163,-0.029538,299.892059,15.277230,-0.295377,-551.786194,299.999725,0.000000
114.760002,67.441132,-551.697266,-0.002061,-0.001163,-0.029538,299.993134,15.282379,-0.295377,-551.697266,299.999725,0.000000
114.770004,67.438889,-551.697266,-0.002048,-0.001163,-0.029538,299.983154,15.281871,-0.295377,-551.697266,299.999725,0.000000
114.780006,67.435547,-551.741699,-0.002039,-0.001163,-0.029538,299.968292,15.281114,-0.295377,-551.741699,299.999725,0.000000
114.790009,67.426971,-551.697266,-0.002048,-0.001163,-0.029538,299.930145,15.279170,-0.295377,-551.697266,299.999725,0.000000
114.800003,67.416550,-551.830688,-0.002070,-0.001163,-0.029538,299.883789,15.276809,-0.295377,-551.830688,299.999725,0.000000
114.810005,67.413208,-551.697266,-0.002104,-0.001163,-0.029538,299.868927,15.276051,-0.295377,-551.697266,299.999725,0.000000
114.820007,67.421768,-551.697266,-0.002108,-0.001163,-0.029538,299.907013,15.277991,-0.295377,-551.697266,299.999725,0.000000
114.830002,67.432938,-551.786194,-0.002113,-0.001163,-0.029538,299.956696,15.280522,-0.295377,-551.786194,299.999725,0.000000
114.840004,67.443741,-551.652771,-0.002147,-0.001163,-0.029538,300.004730,15.282969,-0.295377,-551.652771,299.999725,0.000000
114.850006,67.438156,-551.830688,-0.002173,-0.001163,-0.029538,299.979889,15.281704,-0.295377,-551.830688,299.999725,0.000000
114.860008,67.430328,-551.741699,-0.002151,-0.001163,-0.029538,299.945068,15.279930,-0.295377,-551.741699,299.999725,0.000000
114.870003,67.419525,-551.741699,-0.002147,-0.001163,-0.029538,299.897034,15.277483,-0.295377,-551.741699,299.999725,0.000000
114.880005,67.409103,-551.741699,-0.002147,-0.001163,-0.029538,299.850677,15.275122,-0.295377,-551.741699,299.999725,0.000000
114.890007,67.425491,-551.652771,-0.002160,-0.001163,-0.029538,299.923553,15.278834,-0.295377,-551.652771,299.999725,0.000000
114.900009,67.422882,-551.786194,-0.002130,-0.001163,-0.029538,299.911957,15.278244,-0.295377,-551.786194,299.999725,0.000000
114.910004,67.440384,-551.697266,-0.002121,-0.001163,-0.029538,299.989807,15.282209,-0.295377,-551.697266,299.999725,0.000000
114.920006,67.441498,-551.741699,-0.002139,-0.001163,-0.029538,299.994751,15.282461,-0.295377,-551.741699,299.999725,0.000000
114.930008,67.421768,-551.786194,-0.002139,-0.001163,-0.029538,299.907013,15.277991,-0.295377,-551.786194,299.999725,0.000000
114.940002,67.407608,-551.697266,-0.002134,-0.001163,-0.029538,299.844025,15.274782,-0.295377,-551.697266,299.999725,0.000000
114.950005,67.410965,-551.830688,-0.002126,-0.001163,-0.029538,299.858948,15.275543,-0.295377,-551.830688,299.999725,0.000000
114.960007,67.416931,-551.697266,-0.002074,-0.001163,-0.029538,299.885498,15.276896,-0.295377,-551.697266,299.999725,0.000000
114.970009,67.427353,-551.741699,-0.002052,-0.001163,-0.029538,299.931854,15.279257,-0.295377,-551.741699,299.999725,0.000000
114.980003,67.438889,-551.830688,-0.002057,-0.001163,-0.029538,299.983154,15.281871,-0.295377,-551.830688,299.999725,0.000000
114.990005,67.443359,-551.741699,-0.002044,-0.001163,-0.029538,300.003052,15.282884,-0.295377,-551.741699,299.999725,0.000000
115.000008,67.422882,-551.786194,-0.002057,-0.001163,-0.029538,299.911957,15.278244,-0.295377,-551.786194,299.999725,0.000000
115.010002,67.418793,-551.697266,-0.002078,-0.001163,-0.029538,299.893768,15.277317,-0.295377,-551.697266,299.999725,0.000000
115.020004,67.421768,-551.786194,-0.002117,-0.001163,-0.029538,299.907013,15.277991,-0.295377,-551.786194,299.999725,0.000000
115.030006,67.421021,-551.786194,-0.002108,-0.001163,-0.029538,299.903687,15.277822,-0.295377,-551.786194,299.999725,0.000000
115.040009,67.428833,-551.697266,-0.002057,-0.001163,-0.029538,299.938416,15.279592,-0.295377,-551.697266,299.999725,0.000000
115.050003,67.432571,-551.830688,-0.002061,-0.001163,-0.029538,299.955048,15.280438,-0.295377,-551.830688,299.999725,0.000000
115.060005,67.432571,-551.697266,-0.002104,-0.001163,-0.029538,299.955048,15.280438,-0.295377,-551.697266,299.999725,0.000000
115.070007,67.426971,-551.741699,-0.002143,-0.001163,-0.029538,299.930145,15.279170,-0.295377,-551.741699,299.999725,0.000000
115.080002,67.424744,-551.830688,-0.002182,-0.001163,-0.029538,299.920227,15.278665,-0.295377,-551.830688,299.999725,0.000000
115.090004,67.418045,-551.652771,-0.002139,-0.001163,-0.029538,299.890442,15.277148,-0.295377,-551.652771,299.999725,0.000000
115.100006,67.419907,-551.830688,-0.002151,-0.001163,-0.029538,299.898712,15.277569,-0.295377,-551.830688,299.999725,0.000000
115.110008,67.425110,-551.741699,-0.002108,-0.001163,-0.029538,299.921875,15.278749,-0.295377,-551.741699,299.999725,0.000000
115.120003,67.422134,-551.786194,-0.002074,-0.001163,-0.029538,299.908630,15.278074,-0.295377,-551.786194,299.999725,0.000000
115.130005,67.417664,-551.741699,-0.002091,-0.001163,-0.029538,299.888733,15.277061,-0.295377,-551.741699,299.999725,0.000000
115.140007,67.426971,-551.741699,-0.002074,-0.001163,-0.029538,299.930145,15.279170,-0.295377,-551.741699,299.999725,0.000000
115.150009,67.422134,-551.786194,-0.002070,-0.001163,-0.029538,299.908630,15.278074,-0.295377,-551.786194,299.999725,0.000000
115.160004,67.424377,-551.786194,-0.002078,-0.001163,-0.029538,299.918610,15.278583,-0.295377,-551.786194,299.999725,0.000000
115.170006,67.434799,-551.697266,-0.002082,-0.001163,-0.029538,299.964966,15.280944,-0.295377,-551.697266,299.999725,0.000000
115.180008,67.435165,-551.786194,-0.002070,-0.001163,-0.029538,299.966583,15.281027,-0.295377,-551.786194,299.999725,0.000000
115.190002,67.431442,-551.697266,-0.002070,-0.001163,-0.029538,299.950043,15.280183,-0.295377,-551.697266,299.999725,0.000000
115.200005,67.429214,-551.786194,-0.002104,-0.001163,-0.029538,299.940125,15.279678,-0.295377,-551.786194,299.999725,0.000000
115.210007,67.429962,-551.741699,-0.002113,-0.001163,-0.029538,299.943451,15.279848,-0.295377,-551.741699,299.999725,0.000000
115.220009,67.426605,-551.697266,-0.002095,-0.001163,-0.029538,299.928528,15.279087,-0.295377,-551.697266,299.999725,0.000000
115.230003,67.413208,-551.697266,-0.002151,-0.001163,-0.029538,299.868927,15.276051,-0.295377,-551.697266,299.999725,0.000000
115.240005,67.431076,-551.652771,-0.002173,-0.001163,-0.029538,299.948395,15.280100,-0.295377,-551.652771,299.999725,0.000000
115.250008,67.435913,-551.830688,-0.002151,-0.001163,-0.029538,299.969910,15.281196,-0.295377,-551.830688,299.999725,0.000000
115.260002,67.432938,-551.741699,-0.002190,-0.001163,-0.029538,299.956696,15.280522,-0.295377,-551.741699,299.999725,0.000000
115.270004,67.426971,-551.741699,-0.002147,-0.001163,-0.029538,299.930145,15.279170,-0.295377,-551.741699,299.999725,0.000000
115.280006,67.416550,-551.830688,-0.002130,-0.001163,-0.029538,299.883789,15.276809,-0.295377,-551.830688,299.999725,0.000000
115.290009,67.414322,-551.652771,-0.002108,-0.001163,-0.029538,299.873871,15.276303,-0.295377,-551.652771,299.999725,0.000000
115.300003,67.414322,-551.786194,-0.002143,-0.001163,-0.029538,299.873871,15.276303,-0.295377,-551.786194,299.999725,0.000000
115.310005,67.426605,-551.652771,-0.002100,-0.001163,-0.029538,299.928528,15.279087,-0.295377,-551.652771,299.999725,0.000000
115.320007,67.433685,-551.741699,-0.002057,-0.001163,-0.029538,299.960022,15.280691,-0.295377,-551.741699,299.999725,0.000000
115.330002,67.437408,-551.830688,-0.002039,-0.001163,-0.029538,299.976562,15.281535,-0.295377,-551.830688,299.999725,0.000000
115.340004,67.427719,-551.697266,-0.002057,-0.001163,-0.029538,299.933472,15.279340,-0.295377,-551.697266,299.999725,0.000000
115.350006,67.424744,-551.786194,-0.002087,-0.001163,-0.029538,299.920227,15.278665,-0.295377,-551.786194,299.999725,0.000000
115.360008,67.419159,-551.741699,-0.002177,-0.001163,-0.029538,299.895386,15.277400,-0.295377,-551.741699,299.999725,0.000000
115.370003,67.422134,-551.697266,-0.002156,-0.001163,-0.029538,299.908630,15.278074,-0.295377,-551.697266,299.999725,0.000000
115.380005,67.416931,-551.786194,-0.002134,-0.001163,-0.029538,299.885498,15.276896,-0.295377,-551.786194,299.999725,0.000000
115.390007,67.423248,-551.697266,-0.002078,-0.001163,-0.029538,299.913574,15.278326,-0.295377,-551.697266,299.999725,0.000000
115.400009,67.430328,-551.830688,-0.002104,-0.001163,-0.029538,299.945068,15.279930,-0.295377,-551.830688,299.999725,0.000000
115.410004,67.426605,-551.741699,-0.002104,-0.001163,-0.029538,299.928528,15.279087,-0.295377,-551.741699,299.999725,0.000000
115.420006,67.412079,-551.786194,-0.002134,-0.001163,-0.029538,299.863892,15.275795,-0.295377,-551.786194,299.999725,0.000000
115.430008,67.405746,-551.830688,-0.002143,-0.001163,-0.029538,299.835724,15.274361,-0.295377,-551.830688,299.999725,0.000000
115.440002,67.419159,-551.697266,-0.002130,-0.001163,-0.029538,299.895386,15.277400,-0.295377,-551.697266,299.999725,0.000000
115.450005,67.425858,-551.830688,-0.002126,-0.001163,-0.029538,299.925201,15.278917,-0.295377,-551.830688,299.999725,0.000000
115.460007,67.437775,-551.652771,-0.002113,-0.001163,-0.029538,299.978210,15.281618,-0.295377,-551.652771,299.999725,0.000000
115.470009,67.435547,-551.741699,-0.002113,-0.001163,-0.029538,299.968292,15.281114,-0.295377,-551.741699,299.999725,0.000000
115.480003,67.424744,-551.830688,-0.002156,-0.001163,-0.029538,299.920227,15.278665,-0.295377,-551.830688,299.999725,0.000000
115.490005,67.414688,-551.697266,-0.002121,-0.001163,-0.029538,299.875519,15.276387,-0.295377,-551.697266,299.999725,0.000000
115.500008,67.412079,-551.786194,-0.002121,-0.001163,-0.029538,299.863892,15.275795,-0.295377,-551.786194,299.999725,0.000000
115.510002,67.417664,-551.652771,-0.002091,-0.001163,-0.029538,299.888733,15.277061,-0.295377,-551.652771,299.999725,0.000000
115.520004,67.428467,-551.741699,-0.002121,-0.001163,-0.029538,299.936798,15.279510,-0.295377,-551.741699,299.999725,0.000000
115.530006,67.432190,-551.830688,-0.002074,-0.001163,-0.029538,299.953369,15.280353,-0.295377,-551.830688,299.999725,0.000000
115.540009,67.426971,-551.652771,-0.002087,-0.001163,-0.029538,299.930145,15.279170,-0.295377,-551.652771,299.999725,0.000000
115.550003,67.421768,-551.786194,-0.002048,-0.001163,-0.029538,299.907013,15.277991,-0.295377,-551.786194,299.999725,0.000000
115.560005,67.413940,-551.741699,-0.002113,-0.001163,-0.029538,299.872192,15.276217,-0.295377,-551.741699,299.999725,0.000000
115.570007,67.415070,-551.786194,-0.002117,-0.001163,-0.029538,299.877197,15.276473,-0.295377,-551.786194,299.999725,0.000000
115.580002,67.410599,-551.786194,-0.002169,-0.001163,-0.029538,299.857330,15.275460,-0.295377,-551.786194,299.999725,0.000000
115.590004,67.419525,-551.697266,-0.002091,-0.001163,-0.029538,299.897034,15.277483,-0.295377,-551.697266,299.999725,0.000000
115.600006,67.431076,-551.830688,-0.002147,-0.001163,-0.029538,299.948395,15.280100,-0.295377,-551.830688,299.999725,0.000000
115.610008,67.433685,-551.741699,-0.002156,-0.001163,-0.029538,299.960022,15.280691,-0.295377,-551.741699,299.999725,0.000000
115.620003,67.416931,-551.786194,-0.002100,-0.001163,-0.029538,299.885498,15.276896,-0.295377,-551.786194,299.999725,0.000000
115.630005,67.410599,-551.786194,-0.002048,-0.001163,-0.029538,299.857330,15.275460,-0.295377,-551.786194,299.999725,0.000000
115.640007,67.409851,-551.741699,-0.002087,-0.001163,-0.029538,299.854004,15.275290,-0.295377,-551.741699,299.999725,0.000000
115.650009,67.417664,-551.875183,-0.002048,-0.001163,-0.029538,299.888733,15.277061,-0.295377,-551.875183,299.999725,0.000000
115.660004,67.428467,-551.786194,-0.002048,-0.001163,-0.029538,299.936798,15.279510,-0.295377,-551.786194,299.999725,0.000000
115.670006,67.436295,-551.741699,-0.002065,-0.001163,-0.029538,299.971619,15.281283,-0.295377,-551.741699,299.999725,0.000000
115.680008,67.438889,-551.830688,-0.002074,-0.001163,-0.029538,299.983154,15.281871,-0.295377,-551.830688,299.999725,0.000000
115.690002,67.425491,-551.741699,-0.002052,-0.001163,-0.029538,299.923553,15.278834,-0.295377,-551.741699,299.999725,0.000000
115.700005,67.421021,-551.830688,-0.002057,-0.001163,-0.029538,299.903687,15.277822,-0.295377,-551.830688,299.999725,0.000000
115.710007,67.416183,-551.697266,-0.002039,-0.001163,-0.029538,299.882172,15.276726,-0.295377,-551.697266,299.999725,0.000000
115.720009,67.413940,-551.786194,-0.002065,-0.001163,-0.029538,299.872192,15.276217,-0.295377,-551.786194,299.999725,0.000000
115.730003,67.428833,-551.830688,-0.002074,-0.001163,-0.029538,299.938416,15.279592,-0.295377,-551.830688,299.999725,0.000000
115.740005,67.423996,-551.741699,-0.002048,-0.001163,-0.029538,299.916901,15.278496,-0.295377,-551.741699,299.999725,0.000000
115.750008,67.431442,-551.786194,-0.002091,-0.001163,-0.029538,299.950043,15.280183,-0.295377,-551.786194,299.999725,0.000000
115.760002,67.426971,-551.741699,-0.002052,-0.001163,-0.029538,299.930145,15.279170,-0.295377,-551.741699,299.999725,0.000000
115.770004,67.428833,-551.741699,-0.002070,-0.001163,-0.029538,299.938416,15.279592,-0.295377,-551.741699,299.999725,0.000000
115.780006,67.421021,-551.786194,-0.002104,-0.001163,-0.029538,299.903687,15.277822,-0.295377,-551.786194,299.999725,0.000000
115.790009,67.418793,-551.697266,-0.002100,-0.001163,-0.029538,299.893768,15.277317,-0.295377,-551.697266,299.999725,0.000000
115.800003,67.427719,-551.830688,-0.002031,-0.001163,-0.029538,299.933472,15.279340,-0.295377,-551.830688,299.999725,0.000000
115.810005,67.427719,-551.741699,-0.002065,-0.001163,-0.029538,299.933472,15.279340,-0.295377,-551.741699,299.999725,0.000000
115.820007,67.426605,-551.741699,-0.002082,-0.001163,-0.029538,299.928528,15.279087,-0.295377,-551.741699,299.999725,0.000000
115.830002,67.425491,-551.786194,-0.002130,-0.001163,-0.029538,299.923553,15.278834,-0.295377,-551.786194,299.999725,0.000000
115.840004,67.421768,-551.697266,-0.002160,-0.001163,-0.029538,299.907013,15.277991,-0.295377,-551.697266,299.999725,0.000000
115.850006,67.422882,-551.875183,-0.002113,-0.001163,-0.029538,299.911957,15.278244,-0.295377,-551.875183,299.999725,0.000000
115.860008,67.419907,-551.741699,-0.002117,-0.001163,-0.029538,299.898712,15.277569,-0.295377,-551.741699,299.999725,0.000000
115.870003,67.433304,-551.741699,-0.002143,-0.001163,-0.029538,299.958313,15.280605,-0.295377,-551.741699,299.999725,0.000000
115.880005,67.426239,-551.830688,-0.002190,-0.001163,-0.029538,299.926880,15.279004,-0.295377,-551.830688,299.999725,0.000000
115.890007,67.422882,-551.652771,-0.002173,-0.001163,-0.029538,299.911957,15.278244,-0.295377,-551.652771,299.999725,0.000000
115.900009,67.425858,-551.786194,-0.002169,-0.001163,-0.029538,299.925201,15.278917,-0.295377,-551.786194,299.999725,0.000000
115.910004,67.431076,-551.741699,-0.002186,-0.001163,-0.029538,299.948395,15.280100,-0.295377,-551.741699,299.999725,0.000000
115.920006,67.425491,-551.741699,-0.002156,-0.001163,-0.029538,299.923553,15.278834,-0.295377,-551.741699,299.999725,0.000000
115.930008,67.419159,-551.830688,-0.002143,-0.001163,-0.029538,299.895386,15.277400,-0.295377,-551.830688,299.999725,0.000000
115.940002,67.430328,-551.697266,-0.002104,-0.001163,-0.029538,299.945068,15.279930,-0.295377,-551.697266,299.999725,0.000000
115.950005,67.432938,-551.875183,-0.002078,-0.001163,-0.029538,299.956696,15.280522,-0.295377,-551.875183,299.999725,0.000000
115.960007,67.427719,-551.741699,-0.002091,-0.001163,-0.029538,299.933472,15.279340,-0.295377,-551.741699,299.999725,0.000000
115.970009,67.423248,-551.741699,-0.002091,-0.001163,-0.029538,299.913574,15.278326,-0.295377,-551.741699,299.999725,0.000000
115.980003,67.418411,-551.830688,-0.002074,-0.001163,-0.029538,299.892059,15.277230,-0.295377,-551.830688,299.999725,0.000000
115.990005,67.427719,-551.741699,-0.002035,-0.001163,-0.029538,299.933472,15.279340,-0.295377,-551.741699,299.999725,0.000000
116.000008,67.415802,-551.875183,-0.002052,-0.001163,-0.029538,299.880463,15.276640,-0.295377,-551.875183,299.999725,0.000000
116.010002,67.420273,-551.697266,-0.002070,-0.001163,-0.029538,299.900360,15.277652,-0.295377,-551.697266,299.999725,0.000000
116.020004,67.421387,-551.741699,-0.002048,-0.001163,-0.029538,299.905304,15.277905,-0.295377,-551.741699,299.999725,0.000000
116.030006,67.424744,-551.786194,-0.002082,-0.001163,-0.029538,299.920227,15.278665,-0.295377,-551.786194,299.999725,0.000000
116.040009,67.423248,-551.697266,-0.002126,-0.001163,-0.029538,299.913574,15.278326,-0.295377,-551.697266,299.999725,0.000000
116.050003,67.417297,-551.786194,-0.002139,-0.001163,-0.029538,299.887115,15.276978,-0.295377,-551.786194,299.999725,0.000000
116.060005,67.422516,-551.786194,-0.002151,-0.001163,-0.029538,299.910339,15.278161,-0.295377,-551.786194,299.999725,0.000000
116.070007,67.427353,-551.830688,-0.002160,-0.001163,-0.029538,299.931854,15.279257,-0.295377,-551.830688,299.999725,0.000000
116.080002,67.416183,-551.830688,-0.002126,-0.001163,-0.029538,299.882172,15.276726,-0.295377,-551.830688,299.999725,0.000000
116.090004,67.418411,-551.741699,-0.002177,-0.001163,-0.029538,299.892059,15.277230,-0.295377,-551.741699,299.999725,0.000000
116.100006,67.428101,-551.830688,-0.002156,-0.001163,-0.029538,299.935181,15.279426,-0.295377,-551.830688,299.999725,0.000000
116.110008,67.429581,-551.786194,-0.002139,-0.001163,-0.029538,299.941742,15.279761,-0.295377,-551.786194,299.999725,0.000000
116.120003,67.416931,-551.741699,-0.002134,-0.001163,-0.029538,299.885498,15.276896,-0.295377,-551.741699,299.999725,0.000000
116.130005,67.424744,-551.830688,-0.002126,-0.001163,-0.029538,299.920227,15.278665,-0.295377,-551.830688,299.999725,0.000000
116.140007,67.437775,-551.741699,-0.002156,-0.001163,-0.029538,299.978210,15.281618,-0.295377,-551.741699,299.999725,0.000000
116.150009,67.430695,-551.875183,-0.002143,-0.001163,-0.029538,299.946716,15.280014,-0.295377,-551.875183,299.999725,0.000000
116.160004,67.427353,-551.741699,-0.002100,-0.001163,-0.029538,299.931854,15.279257,-0.295377,-551.741699,299.999725,0.000000
116.170006,67.425110,-551.786194,-0.002091,-0.001163,-0.029538,299.921875,15.278749,-0.295377,-551.786194,299.999725,0.000000
116.180008,67.419907,-551.786194,-0.002039,-0.001163,-0.029538,299.898712,15.277569,-0.295377,-551.786194,299.999725,0.000000
116.190002,67.421021,-551.741699,-0.002052,-0.001163,-0.029538,299.903687,15.277822,-0.295377,-551.741699,299.999725,0.000000
116.200005,67.422516,-551.875183,-0.002082,-0.001163,-0.029538,299.910339,15.278161,-0.295377,-551.875183,299.999725,0.000000
116.210007,67.424377,-551.741699,-0.002100,-0.001163,-0.029538,299.918610,15.278583,-0.295377,-551.741699,299.999725,0.000000
116.220009,67.424377,-551.786194,-0.002126,-0.001163,-0.029538,299.918610,15.278583,-0.295377,-551.786194,299.999725,0.000000
116.230003,67.418045,-551.786194,-0.002160,-0.001163,-0.029538,299.890442,15.277148,-0.295377,-551.786194,299.999725,0.000000
116.240005,67.422882,-551.741699,-0.002126,-0.001163,-0.029538,299.911957,15.278244,-0.295377,-551.741699,299.999725,0.000000
116.250008,67.422516,-551.830688,-0.002169,-0.001163,-0.029538,299.910339,15.278161,-0.295377,-551.830688,299.999725,0.000000
116.260002,67.425491,-551.741699,-0.002164,-0.001163,-0.029538,299.923553,15.278834,-0.295377,-551.741699,299.999725,0.000000
116.270004,67.420273,-551.741699,-0.002164,-0.001163,-0.029538,299.900360,15.277652,-0.295377,-551.741699,299.999725,0.000000
116.280006,67.425858,-551.830688,-0.002121,-0.001163,-0.029538,299.925201,15.278917,-0.295377,-551.830688,299.999725,0.000000
116.290009,67.429581,-551.786194,-0.002117,-0.001163,-0.029538,299.941742,15.279761,-0.295377,-551.786194,299.999725,0.000000
116.300003,67.427719,-551.830688,-0.002095,-0.001163,-0.029538,299.933472,15.279340,-0.295377,-551.830688,299.999725,0.000000
116.310005,67.421768,-551.741699,-0.002130,-0.001163,-0.029538,299.907013,15.277991,-0.295377,-551.741699,299.999725,0.000000
116.320007,67.422134,-551.741699,-0.002039,-0.001163,-0.029538,299.908630,15.278074,-0.295377,-551.741699,299.999725,0.000000
116.330002,67.427719,-551.875183,-0.002091,-0.001163,-0.029538,299.933472,15.279340,-0.295377,-551.875183,299.999725,0.000000
116.340004,67.429581,-551.741699,-0.002057,-0.001163,-0.029538,299.941742,15.279761,-0.295377,-551.741699,299.999725,0.000000
116.350006,67.417664,-551.875183,-0.002065,-0.001163,-0.029538,299.888733,15.277061,-0.295377,-551.875183,299.999725,0.000000
116.360008,67.419907,-551.786194,-0.002057,-0.001163,-0.029538,299.898712,15.277569,-0.295377,-551.786194,299.999725,0.000000
116.370003,67.423996,-551.786194,-0.002126,-0.001163,-0.029538,299.916901,15.278496,-0.295377,-551.786194,299.999725,0.000000
116.380005,67.423996,-551.830688,-0.002100,-0.001163,-0.029538,299.916901,15.278496,-0.295377,-551.830688,299.999725,0.000000
116.390007,67.427719,-551.741699,-0.002173,-0.001163,-0.029538,299.933472,15.279340,-0.295377,-551.741699,299.999725,0.000000
116.400009,67.429214,-551.830688,-0.002169,-0.001163,-0.029538,299.940125,15.279678,-0.295377,-551.830688,299.999725,0.000000
116.410004,67.426239,-551.741699,-0.002147,-0.001163,-0.029538,299.926880,15.279004,-0.295377,-551.741699,299.999725,0.000000
116.420006,67.432190,-551.830688,-0.002147,-0.001163,-0.029538,299.953369,15.280353,-0.295377,-551.830688,299.999725,0.000000
116.430008,67.426239,-551.830688,-0.002151,-0.001163,-0.029538,299.926880,15.279004,-0.295377,-551.830688,299.999725,0.000000
116.440002,67.429581,-551.741699,-0.002108,-0.001163,-0.029538,299.941742,15.279761,-0.295377,-551.741699,299.999725,0.000000
116.450005,67.427353,-551.875183,-0.002100,-0.001163,-0.029538,299.931854,15.279257,-0.295377,-551.875183,299.999725,0.000000
116.460007,67.431076,-551.786194,-0.002078,-0.001163,-0.029538,299.948395,15.280100,-0.295377,-551.786194,299.999725,0.000000
116.470009,67.424377,-551.786194,-0.002082,-0.001163,-0.029538,299.918610,15.278583,-0.295377,-551.786194,299.999725,0.000000
116.480003,67.421387,-551.786194,-0.002052,-0.001163,-0.029538,299.905304,15.277905,-0.295377,-551.786194,299.999725,0.000000
116.490005,67.427353,-551.697266,-0.002052,-0.001163,-0.029538,299.931854,15.279257,-0.295377,-551.697266,299.999725,0.000000
116.500008,67.423248,-551.786194,-0.002057,-0.001163,-0.029538,299.913574,15.278326,-0.295377,-551.786194,299.999725,0.000000
116.510002,67.422134,-551.786194,-0.002070,-0.001163,-0.029538,299.908630,15.278074,-0.295377,-551.786194,299.999725,0.000000
116.520004,67.421768,-551.786194,-0.002082,-0.001163,-0.029538,299.907013,15.277991,-0.295377,-551.786194,299.999725,0.000000
116.530006,67.430695,-551.830688,-0.002091,-0.001163,-0.029538,299.946716,15.280014,-0.295377,-551.830688,299.999725,0.000000
116.540009,67.425491,-551.697266,-0.002117,-0.001163,-0.029538,299.923553,15.278834,-0.295377,-551.697266,299.999725,0.000000
116.550003,67.424377,-551.830688,-0.002095,-0.001163,-0.029538,299.918610,15.278583,-0.295377,-551.830688,299.999725,0.000000
116.560005,67.431442,-551.786194,-0.002082,-0.001163,-0.029538,299.950043,15.280183,-0.295377,-551.786194,299.999725,0.000000
116.570007,67.419159,-551.786194,-0.002065,-0.001163,-0.029538,299.895386,15.277400,-0.295377,-551.786194,299.999725,0.000000
116.580002,67.417297,-551.875183,-0.002130,-0.001163,-0.029538,299.887115,15.276978,-0.295377,-551.875183,299.999725,0.000000
116.590004,67.420654,-551.697266,-0.002169,-0.001163,-0.029538,299.902039,15.277739,-0.295377,-551.697266,299.999725,0.000000
116.600006,67.426239,-551.830688,-0.002147,-0.001163,-0.029538,299.926880,15.279004,-0.295377,-551.830688,299.999725,0.000000
116.610008,67.431442,-551.786194,-0.002169,-0.001163,-0.029538,299.950043,15.280183,-0.295377,-551.786194,299.999725,0.000000
116.620003,67.425110,-551.830688,-0.002169,-0.001163,-0.029538,299.921875,15.278749,-0.295377,-551.830688,299.999725,0.000000
116.630005,67.420654,-551.830688,-0.002156,-0.001163,-0.029538,299.902039,15.277739,-0.295377,-551.830688,299.999725,0.000000
116.640007,67.413574,-551.741699,-0.002048,-0.001163,-0.029538,299.870544,15.276134,-0.295377,-551.741699,299.999725,0.000000
116.650009,67.410965,-551.830688,-0.002044,-0.001163,-0.029538,299.858948,15.275543,-0.295377,-551.830688,299.999725,0.000000
116.660004,67.421768,-551.741699,-0.002100,-0.001163,-0.029538,299.907013,15.277991,-0.295377,-551.741699,299.999725,0.000000
116.670006,67.406876,-551.741699,-0.002091,-0.001163,-0.029538,299.840759,15.274617,-0.295377,-551.741699,299.999725,0.000000
116.680008,67.411713,-551.830688,-0.002095,-0.001163,-0.029538,299.862274,15.275713,-0.295377,-551.830688,299.999725,0.000000
116.690002,67.430328,-551.786194,-0.002082,-0.001163,-0.029538,299.945068,15.279930,-0.295377,-551.786194,299.999725,0.000000
116.700005,67.422134,-551.830688,-0.002169,-0.001163,-0.029538,299.908630,15.278074,-0.295377,-551.830688,299.999725,0.000000
116.710007,67.427353,-551.786194,-0.002173,-0.001163,-0.029538,299.931854,15.279257,-0.295377,-551.786194,299.999725,0.000000
116.720009,67.427353,-551.786194,-0.002190,-0.001163,-0.029538,299.931854,15.279257,-0.295377,-551.786194,299.999725,0.000000
116.730003,67.422516,-551.830688,-0.002182,-0.001163,-0.029538,299.910339,15.278161,-0.295377,-551.830688,299.999725,0.000000
116.740005,67.426239,-551.741699,-0.002134,-0.001163,-0.029538,299.926880,15.279004,-0.295377,-551.741699,299.999725,0.000000
116.750008,67.430328,-551.830688,-0.002039,-0.001163,-0.029538,299.945068,15.279930,-0.295377,-551.830688,299.999725,0.000000
116.760002,67.421021,-551.786194,-0.002065,-0.001163,-0.029538,299.903687,15.277822,-0.295377,-551.786194,299.999725,0.000000
116.770004,67.425858,-551.830688,-0.002095,-0.001163,-0.029538,299.925201,15.278917,-0.295377,-551.830688,299.999725,0.000000
116.780006,67.417664,-551.919617,-0.002151,-0.001163,-0.029538,299.888733,15.277061,-0.295377,-551.919617,299.999725,0.000000
116.790009,67.421021,-551.741699,-0.002121,-0.001163,-0.029538,299.903687,15.277822,-0.295377,-551.741699,299.999725,0.000000
116.800003,67.427719,-551.830688,-0.002117,-0.001163,-0.029538,299.933472,15.279340,-0.295377,-551.830688,299.999725,0.000000
116.810005,67.419907,-551.786194,-0.002035,-0.001163,-0.029538,299.898712,15.277569,-0.295377,-551.786194,299.999725,0.000000
116.820007,67.410217,-551.875183,-0.002065,-0.001163,-0.029538,299.855621,15.275374,-0.295377,-551.875183,299.999725,0.000000
116.830002,67.412079,-551.875183,-0.002044,-0.001163,-0.029538,299.863892,15.275795,-0.295377,-551.875183,299.999725,0.000000
116.840004,67.422134,-551.741699,-0.002095,-0.001163,-0.029538,299.908630,15.278074,-0.295377,-551.741699,299.999725,0.000000
116.850006,67.415070,-551.830688,-0.002117,-0.001163,-0.029538,299.877197,15.276473,-0.295377,-551.830688,299.999725,0.000000
116.860008,67.422516,-551.741699,-0.002156,-0.001163,-0.029538,299.910339,15.278161,-0.295377,-551.741699,299.999725,0.000000
116.870003,67.419907,-551.786194,-0.002134,-0.001163,-0.029538,299.898712,15.277569,-0.295377,-551.786194,299.999725,0.000000
116.880005,67.421387,-551.786194,-0.002164,-0.001163,-0.029538,299.905304,15.277905,-0.295377,-551.786194,299.999725,0.000000
116.890007,67.424377,-551.741699,-0.002121,-0.001163,-0.029538,299.918610,15.278583,-0.295377,-551.741699,299.999725,0.000000
116.900009,67.416931,-551.875183,-0.002065,-0.001163,-0.029538,299.885498,15.276896,-0.295377,-551.875183,299.999725,0.000000
116.910004,67.423630,-551.786194,-0.002113,-0.001163,-0.029538,299.915283,15.278414,-0.295377,-551.786194,299.999725,0.000000
116.920006,67.418793,-551.830688,-0.002057,-0.001163,-0.029538,299.893768,15.277317,-0.295377,-551.830688,299.999725,0.000000
116.930008,67.410217,-551.786194,-0.002022,-0.001163,-0.029538,299.855621,15.275374,-0.295377,-551.786194,299.999725,0.000000
116.940002,67.420273,-551.697266,-0.002026,-0.001163,-0.029538,299.900360,15.277652,-0.295377,-551.697266,299.999725,0.000000
116.950005,67.406128,-551.875183,-0.002035,-0.001163,-0.029538,299.837433,15.274447,-0.295377,-551.875183,299.999725,0.000000
116.960007,67.410965,-551.786194,-0.002057,-0.001163,-0.029538,299.858948,15.275543,-0.295377,-551.786194,299.999725,0.000000
116.970009,67.417297,-551.786194,-0.002061,-0.001163,-0.029538,299.887115,15.276978,-0.295377,-551.786194,299.999725,0.000000
116.980003,67.412079,-551.830688,-0.002113,-0.001163,-0.029538,299.863892,15.275795,-0.295377,-551.830688,299.999725,0.000000
116.990005,67.422882,-551.741699,-0.002139,-0.001163,-0.029538,299.911957,15.278244,-0.295377,-551.741699,299.999725,0.000000
117.000008,67.416550,-551.875183,-0.002156,-0.001163,-0.029538,299.883789,15.276809,-0.295377,-551.875183,299.999725,0.000000
117.010002,67.412460,-551.786194,-0.002160,-0.001163,-0.029538,299.865601,15.275883,-0.295377,-551.786194,299.999725,0.000000
117.020004,67.416550,-551.786194,-0.002143,-0.001163,-0.029538,299.883789,15.276809,-0.295377,-551.786194,299.999725,0.000000
117.030006,67.414688,-551.875183,-0.002164,-0.001163,-0.029538,299.875519,15.276387,-0.295377,-551.875183,299.999725,0.000000
117.040009,67.416550,-551.697266,-0.002151,-0.001163,-0.029538,299.883789,15.276809,-0.295377,-551.697266,299.999725,0.000000
117.050003,67.415802,-551.830688,-0.002173,-0.001163,-0.029538,299.880463,15.276640,-0.295377,-551.830688,299.999725,0.000000
117.060005,67.415070,-551.786194,-0.002156,-0.001163,-0.029538,299.877197,15.276473,-0.295377,-551.786194,299.999725,0.000000
117.070007,67.416550,-551.830688,-0.002156,-0.001163,-0.029538,299.883789,15.276809,-0.295377,-551.830688,299.999725,0.000000
117.080002,67.421768,-551.830688,-0.002177,-0.001163,-0.029538,299.907013,15.277991,-0.295377,-551.830688,299.999725,0.000000
117.090004,67.420654,-551.741699,-0.002147,-0.001163,-0.029538,299.902039,15.277739,-0.295377,-551.741699,299.999725,0.000000
117.100006,67.423996,-551.830688,-0.002143,-0.001163,-0.029538,299.916901,15.278496,-0.295377,-551.830688,299.999725,0.000000
117.110008,67.425491,-551.697266,-0.002082,-0.001163,-0.029538,299.923553,15.278834,-0.295377,-551.697266,299.999725,0.000000
117.120003,67.419159,-551.786194,-0.002022,-0.001163,-0.029538,299.895386,15.277400,-0.295377,-551.786194,299.999725,0.000000
117.130005,67.409103,-551.875183,-0.002065,-0.001163,-0.029538,299.850677,15.275122,-0.295377,-551.875183,299.999725,0.000000
117.140007,67.419907,-551.786194,-0.002082,-0.001163,-0.029538,299.898712,15.277569,-0.295377,-551.786194,299.999725,0.000000
117.150009,67.418411,-551.919617,-0.002104,-0.001163,-0.029538,299.892059,15.277230,-0.295377,-551.919617,299.999725,0.000000
117.160004,67.422882,-551.741699,-0.002130,-0.001163,-0.029538,299.911957,15.278244,-0.295377,-551.741699,299.999725,0.000000
117.170006,67.422882,-551.786194,-0.002130,-0.001163,-0.029538,299.911957,15.278244,-0.295377,-551.786194,299.999725,0.000000
117.180008,67.415070,-551.830688,-0.002177,-0.001163,-0.029538,299.877197,15.276473,-0.295377,-551.830688,299.999725,0.000000
117.190002,67.425491,-551.697266,-0.002143,-0.001163,-0.029538,299.923553,15.278834,-0.295377,-551.697266,299.999725,0.000000
117.200005,67.426605,-551.786194,-0.002113,-0.001163,-0.029538,299.928528,15.279087,-0.295377,-551.786194,299.999725,0.000000
117.210007,67.412079,-551.830688,-0.002070,-0.001163,-0.029538,299.863892,15.275795,-0.295377,-551.830688,299.999725,0.000000
117.220009,67.409103,-551.786194,-0.002100,-0.001163,-0.029538,299.850677,15.275122,-0.295377,-551.786194,299.999725,0.000000
117.230003,67.415070,-551.919617,-0.002052,-0.001163,-0.029538,299.877197,15.276473,-0.295377,-551.919617,299.999725,0.000000
117.240005,67.416931,-551.741699,-0.002082,-0.001163,-0.029538,299.885498,15.276896,-0.295377,-551.741699,299.999725,0.000000
117.250008,67.421021,-551.830688,-0.002035,-0.001163,-0.029538,299.903687,15.277822,-0.295377,-551.830688,299.999725,0.000000
117.260002,67.421387,-551.830688,-0.002108,-0.001163,-0.029538,299.905304,15.277905,-0.295377,-551.830688,299.999725,0.000000
117.270004,67.425858,-551.830688,-0.002156,-0.001163,-0.029538,299.925201,15.278917,-0.295377,-551.830688,299.999725,0.000000
117.280006,67.416931,-551.786194,-0.002177,-0.001163,-0.029538,299.885498,15.276896,-0.295377,-551.786194,299.999725,0.000000
117.290009,67.425858,-551.741699,-0.002160,-0.001163,-0.029538,299.925201,15.278917,-0.295377,-551.741699,299.999725,0.000000
117.300003,67.414322,-551.875183,-0.002160,-0.001163,-0.029538,299.873871,15.276303,-0.295377,-551.875183,299.999725,0.000000
117.310005,67.416183,-551.875183,-0.002121,-0.001163,-0.029538,299.882172,15.276726,-0.295377,-551.875183,299.999725,0.000000
117.320007,67.408356,-551.786194,-0.002113,-0.001163,-0.029538,299.847351,15.274952,-0.295377,-551.786194,299.999725,0.000000
117.330002,67.419159,-551.875183,-0.002130,-0.001163,-0.029538,299.895386,15.277400,-0.295377,-551.875183,299.999725,0.000000
117.340004,67.419907,-551.786194,-0.002091,-0.001163,-0.029538,299.898712,15.277569,-0.295377,-551.786194,299.999725,0.000000
117.350006,67.415436,-551.875183,-0.002022,-0.001163,-0.029538,299.878845,15.276556,-0.295377,-551.875183,299.999725,0.000000
117.360008,67.404633,-551.786194,-0.002052,-0.001163,-0.029538,299.830780,15.274109,-0.295377,-551.786194,299.999725,0.000000
117.370003,67.412079,-551.830688,-0.002039,-0.001163,-0.029538,299.863892,15.275795,-0.295377,-551.830688,299.999725,0.000000
117.380005,67.422134,-551.919617,-0.002074,-0.001163,-0.029538,299.908630,15.278074,-0.295377,-551.919617,299.999725,0.000000
117.390007,67.416550,-551.786194,-0.002070,-0.001163,-0.029538,299.883789,15.276809,-0.295377,-551.786194,299.999725,0.000000
117.400009,67.417297,-551.875183,-0.002104,-0.001163,-0.029538,299.887115,15.276978,-0.295377,-551.875183,299.999725,0.000000
117.410004,67.425110,-551.741699,-0.002087,-0.001163,-0.029538,299.921875,15.278749,-0.295377,-551.741699,299.999725,0.000000
117.420006,67.417664,-551.830688,-0.002147,-0.001163,-0.029538,299.888733,15.277061,-0.295377,-551.830688,299.999725,0.000000
117.430008,67.414322,-551.875183,-0.002113,-0.001163,-0.029538,299.873871,15.276303,-0.295377,-551.875183,299.999725,0.000000
117.440002,67.421387,-551.741699,-0.002147,-0.001163,-0.029538,299.905304,15.277905,-0.295377,-551.741699,299.999725,0.000000
117.450005,67.419159,-551.919617,-0.002156,-0.001163,-0.029538,299.895386,15.277400,-0.295377,-551.919617,299.999725,0.000000
117.460007,67.419159,-551.786194,-0.002143,-0.001163,-0.029538,299.895386,15.277400,-0.295377,-551.786194,299.999725,0.000000
117.470009,67.413574,-551.830688,-0.002143,-0.001163,-0.029538,299.870544,15.276134,-0.295377,-551.830688,299.999725,0.000000
117.480003,67.409103,-551.875183,-0.002156,-0.001163,-0.029538,299.850677,15.275122,-0.295377,-551.875183,299.999725,0.000000
117.490005,67.412460,-551.786194,-0.002121,-0.001163,-0.029538,299.865601,15.275883,-0.295377,-551.786194,299.999725,0.000000
117.500008,67.411331,-551.875183,-0.002078,-0.001163,-0.029538,299.860565,15.275625,-0.295377,-551.875183,299.999725,0.000000
117.510002,67.422516,-551.786194,-0.002121,-0.001163,-0.029538,299.910339,15.278161,-0.295377,-551.786194,299.999725,0.000000
117.520004,67.413940,-551.830688,-0.002134,-0.001163,-0.029538,299.872192,15.276217,-0.295377,-551.830688,299.999725,0.000000
117.530006,67.419525,-551.830688,-0.002078,-0.001163,-0.029538,299.897034,15.277483,-0.295377,-551.830688,299.999725,0.000000
117.540009,67.422882,-551.786194,-0.002078,-0.001163,-0.029538,299.911957,15.278244,-0.295377,-551.786194,299.999725,0.000000
117.550003,67.418411,-551.919617,-0.002022,-0.001163,-0.029538,299.892059,15.277230,-0.295377,-551.919617,299.999725,0.000000
117.560005,67.415436,-551.875183,-0.002048,-0.001163,-0.029538,299.878845,15.276556,-0.295377,-551.875183,299.999725,0.000000
117.570007,67.415436,-551.786194,-0.002048,-0.001163,-0.029538,299.878845,15.276556,-0.295377,-551.786194,299.999725,0.000000
117.580002,67.413940,-551.830688,-0.002061,-0.001163,-0.029538,299.872192,15.276217,-0.295377,-551.830688,299.999725,0.000000
117.590004,67.413208,-551.830688,-0.002039,-0.001163,-0.029538,299.868927,15.276051,-0.295377,-551.830688,299.999725,0.000000
117.600006,67.418411,-551.919617,-0.002039,-0.001163,-0.029538,299.892059,15.277230,-0.295377,-551.919617,299.999725,0.000000
117.610008,67.423630,-551.786194,-0.002039,-0.001163,-0.029538,299.915283,15.278414,-0.295377,-551.786194,299.999725,0.000000
117.620003,67.416931,-551.875183,-0.002057,-0.001163,-0.029538,299.885498,15.276896,-0.295377,-551.875183,299.999725,0.000000
117.630005,67.407608,-551.875183,-0.002031,-0.001163,-0.029538,299.844025,15.274782,-0.295377,-551.875183,299.999725,0.000000
117.640007,67.411713,-551.786194,-0.002078,-0.001163,-0.029538,299.862274,15.275713,-0.295377,-551.786194,299.999725,0.000000
117.650009,67.415802,-551.875183,-0.002048,-0.001163,-0.029538,299.880463,15.276640,-0.295377,-551.875183,299.999725,0.000000
117.660004,67.418045,-551.786194,-0.002065,-0.001163,-0.029538,299.890442,15.277148,-0.295377,-551.786194,299.999725,0.000000
117.670006,67.417297,-551.875183,-0.002065,-0.001163,-0.029538,299.887115,15.276978,-0.295377,-551.875183,299.999725,0.000000
117.680008,67.418411,-551.830688,-0.002070,-0.001163,-0.029538,299.892059,15.277230,-0.295377,-551.830688,299.999725,0.000000
117.690002,67.415436,-551.741699,-0.002057,-0.001163,-0.029538,299.878845,15.276556,-0.295377,-551.741699,299.999725,0.000000
117.700005,67.416550,-551.875183,-0.002082,-0.001163,-0.029538,299.883789,15.276809,-0.295377,-551.875183,299.999725,0.000000
117.710007,67.418411,-551.786194,-0.002126,-0.001163,-0.029538,299.892059,15.277230,-0.295377,-551.786194,299.999725,0.000000
117.720009,67.413940,-551.830688,-0.002151,-0.001163,-0.029538,299.872192,15.276217,-0.295377,-551.830688,299.999725,0.000000
117.730003,67.418045,-551.875183,-0.002156,-0.001163,-0.029538,299.890442,15.277148,-0.295377,-551.875183,299.999725,0.000000
117.740005,67.421768,-551.786194,-0.002121,-0.001163,-0.029538,299.907013,15.277991,-0.295377,-551.786194,299.999725,0.000000
117.750008,67.418411,-551.875183,-0.002108,-0.001163,-0.029538,299.892059,15.277230,-0.295377,-551.875183,299.999725,0.000000
117.760002,67.420273,-551.830688,-0.002078,-0.001163,-0.029538,299.900360,15.277652,-0.295377,-551.830688,299.999725,0.000000
117.770004,67.421768,-551.875183,-0.002070,-0.001163,-0.029538,299.907013,15.277991,-0.295377,-551.875183,299.999725,0.000000
117.780006,67.418793,-551.875183,-0.002078,-0.001163,-0.029538,299.893768,15.277317,-0.295377,-551.875183,299.999725,0.000000
117.790009,67.420273,-551.741699,-0.002065,-0.001163,-0.029538,299.900360,15.277652,-0.295377,-551.741699,299.999725,0.000000
117.800003,67.413574,-551.875183,-0.002082,-0.001163,-0.029538,299.870544,15.276134,-0.295377,-551.875183,299.999725,0.000000
117.810005,67.414688,-551.786194,-0.002044,-0.001163,-0.029538,299.875519,15.276387,-0.295377,-551.786194,299.999725,0.000000
117.820007,67.417297,-551.830688,-0.002061,-0.001163,-0.029538,299.887115,15.276978,-0.295377,-551.830688,299.999725,0.000000
117.830002,67.413208,-551.830688,-0.002057,-0.001163,-0.029538,299.868927,15.276051,-0.295377,-551.830688,299.999725,0.000000
117.840004,67.414688,-551.786194,-0.002082,-0.001163,-0.029538,299.875519,15.276387,-0.295377,-551.786194,299.999725,0.000000
117.850006,67.420654,-551.875183,-0.002057,-0.001163,-0.029538,299.902039,15.277739,-0.295377,-551.875183,299.999725,0.000000
117.860008,67.412827,-551.786194,-0.002057,-0.001163,-0.029538,299.867218,15.275965,-0.295377,-551.786194,299.999725,0.000000
117.870003,67.425491,-551.786194,-0.002057,-0.001163,-0.029538,299.923553,15.278834,-0.295377,-551.786194,299.999725,0.000000
117.880005,67.419159,-551.919617,-0.002044,-0.001163,-0.029538,299.895386,15.277400,-0.295377,-551.919617,299.999725,0.000000
117.890007,67.418411,-551.786194,-0.002039,-0.001163,-0.029538,299.892059,15.277230,-0.295377,-551.786194,299.999725,0.000000
117.900009,67.414322,-551.964111,-0.002035,-0.001163,-0.029538,299.873871,15.276303,-0.295377,-551.964111,299.999725,0.000000
117.910004,67.413574,-551.830688,-0.002052,-0.001163,-0.029538,299.870544,15.276134,-0.295377,-551.830688,299.999725,0.000000
117.920006,67.419159,-551.786194,-0.002026,-0.001163,-0.029538,299.895386,15.277400,-0.295377,-551.786194,299.999725,0.000000
117.930008,67.409851,-551.830688,-0.002074,-0.001163,-0.029538,299.854004,15.275290,-0.295377,-551.830688,299.999725,0.000000
117.940002,67.429962,-551.741699,-0.002052,-0.001163,-0.029538,299.943451,15.279848,-0.295377,-551.741699,299.999725,0.000000
117.950005,67.413940,-551.919617,-0.002091,-0.001163,-0.029538,299.872192,15.276217,-0.295377,-551.919617,299.999725,0.000000
117.960007,67.419525,-551.786194,-0.002070,-0.001163,-0.029538,299.897034,15.277483,-0.295377,-551.786194,299.999725,0.000000
117.970009,67.416550,-551.786194,-0.002134,-0.001163,-0.029538,299.883789,15.276809,-0.295377,-551.786194,299.999725,0.000000
117.980003,67.412460,-551.875183,-0.002130,-0.001163,-0.029538,299.865601,15.275883,-0.295377,-551.875183,299.999725,0.000000
117.990005,67.414688,-551.830688,-0.002095,-0.001163,-0.029538,299.875519,15.276387,-0.295377,-551.830688,299.999725,0.000000
118.000008,67.418411,-551.919617,-0.002108,-0.001163,-0.029538,299.892059,15.277230,-0.295377,-551.919617,299.999725,0.000000
118.010002,67.422882,-551.830688,-0.002087,-0.001163,-0.029538,299.911957,15.278244,-0.295377,-551.830688,299.999725,0.000000
118.020004,67.419159,-551.786194,-0.002091,-0.001163,-0.029538,299.895386,15.277400,-0.295377,-551.786194,299.999725,0.000000
118.030006,67.415802,-551.875183,-0.002087,-0.001163,-0.029538,299.880463,15.276640,-0.295377,-551.875183,299.999725,0.000000
118.040009,67.416550,-551.786194,-0.002026,-0.001163,-0.029538,299.883789,15.276809,-0.295377,-551.786194,299.999725,0.000000
118.050003,67.422134,-551.919617,-0.002048,-0.001163,-0.029538,299.908630,15.278074,-0.295377,-551.919617,299.999725,0.000000
118.060005,67.420654,-551.786194,-0.002057,-0.001163,-0.029538,299.902039,15.277739,-0.295377,-551.786194,299.999725,0.000000
118.070007,67.423248,-551.830688,-0.002048,-0.001163,-0.029538,299.913574,15.278326,-0.295377,-551.830688,299.999725,0.000000
118.080002,67.429962,-551.830688,-0.002057,-0.001163,-0.029538,299.943451,15.279848,-0.295377,-551.830688,299.999725,0.000000
118.090004,67.431076,-551.786194,-0.002078,-0.001163,-0.029538,299.948395,15.280100,-0.295377,-551.786194,299.999725,0.000000
118.100006,67.423630,-551.875183,-0.002078,-0.001163,-0.029538,299.915283,15.278414,-0.295377,-551.875183,299.999725,0.000000
118.110008,67.414322,-551.786194,-0.002057,-0.001163,-0.029538,299.873871,15.276303,-0.295377,-551.786194,299.999725,0.000000
118.120003,67.407990,-551.786194,-0.002057,-0.001163,-0.029538,299.845703,15.274869,-0.295377,-551.786194,299.999725,0.000000
118.130005,67.417664,-551.830688,-0.002057,-0.001163,-0.029538,299.888733,15.277061,-0.295377,-551.830688,299.999725,0.000000
118.140007,67.422882,-551.786194,-0.002052,-0.001163,-0.029538,299.911957,15.278244,-0.295377,-551.786194,299.999725,0.000000
118.150009,67.420273,-551.830688,-0.002044,-0.001163,-0.029538,299.900360,15.277652,-0.295377,-551.830688,299.999725,0.000000
118.160004,67.420654,-551.830688,-0.002031,-0.001163,-0.029538,299.902039,15.277739,-0.295377,-551.830688,299.999725,0.000000
118.170006,67.416931,-551.830688,-0.002048,-0.001163,-0.029538,299.885498,15.276896,-0.295377,-551.830688,299.999725,0.000000
118.180008,67.414688,-551.919617,-0.002070,-0.001163,-0.029538,299.875519,15.276387,-0.295377,-551.919617,299.999725,0.000000
118.190002,67.416183,-551.830688,-0.002070,-0.001163,-0.029538,299.882172,15.276726,-0.295377,-551.830688,299.999725,0.000000
118.200005,67.413574,-551.830688,-0.002065,-0.001163,-0.029538,299.870544,15.276134,-0.295377,-551.830688,299.999725,0.000000
118.210007,67.420273,-551.830688,-0.002078,-0.001163,-0.029538,299.900360,15.277652,-0.295377,-551.830688,299.999725,0.000000
118.220009,67.421387,-551.830688,-0.002100,-0.001163,-0.029538,299.905304,15.277905,-0.295377,-551.830688,299.999725,0.000000
118.230003,67.420654,-551.875183,-0.002035,-0.001163,-0.029538,299.902039,15.277739,-0.295377,-551.875183,299.999725,0.000000
118.240005,67.428467,-551.741699,-0.002061,-0.001163,-0.029538,299.936798,15.279510,-0.295377,-551.741699,299.999725,0.000000
118.250008,67.421387,-551.964111,-0.002039,-0.001163,-0.029538,299.905304,15.277905,-0.295377,-551.964111,299.999725,0.000000
118.260002,67.415436,-551.786194,-0.002061,-0.001163,-0.029538,299.878845,15.276556,-0.295377,-551.786194,299.999725,0.000000
118.270004,67.418045,-551.875183,-0.002074,-0.001163,-0.029538,299.890442,15.277148,-0.295377,-551.875183,299.999725,0.000000
118.280006,67.422134,-551.919617,-0.002044,-0.001163,-0.029538,299.908630,15.278074,-0.295377,-551.919617,299.999725,0.000000
118.290009,67.427719,-551.786194,-0.002026,-0.001163,-0.029538,299.933472,15.279340,-0.295377,-551.786194,299.999725,0.000000
118.300003,67.424744,-551.964111,-0.002061,-0.001163,-0.029538,299.920227,15.278665,-0.295377,-551.964111,299.999725,0.000000
118.310005,67.423248,-551.830688,-0.002139,-0.001163,-0.029538,299.913574,15.278326,-0.295377,-551.830688,299.999725,0.000000
118.320007,67.415436,-551.875183,-0.002143,-0.001163,-0.029538,299.878845,15.276556,-0.295377,-551.875183,299.999725,0.000000
118.330002,67.418793,-551.875183,-0.002147,-0.001163,-0.029538,299.893768,15.277317,-0.295377,-551.875183,299.999725,0.000000
118.340004,67.418793,-551.786194,-0.002113,-0.001163,-0.029538,299.893768,15.277317,-0.295377,-551.786194,299.999725,0.000000
118.350006,67.421768,-551.875183,-0.002108,-0.001163,-0.029538,299.907013,15.277991,-0.295377,-551.875183,299.999725,0.000000
118.360008,67.426239,-551.786194,-0.002087,-0.001163,-0.029538,299.926880,15.279004,-0.295377,-551.786194,299.999725,0.000000
118.370003,67.418411,-551.830688,-0.002057,-0.001163,-0.029538,299.892059,15.277230,-0.295377,-551.830688,299.999725,0.000000
118.380005,67.419907,-551.919617,-0.002065,-0.001163,-0.029538,299.898712,15.277569,-0.295377,-551.919617,299.999725,0.000000
118.390007,67.425491,-551.830688,-0.002070,-0.001163,-0.029538,299.923553,15.278834,-0.295377,-551.830688,299.999725,0.000000
118.400009,67.417664,-551.919617,-0.002057,-0.001163,-0.029538,299.888733,15.277061,-0.295377,-551.919617,299.999725,0.000000
118.410004,67.421021,-551.786194,-0.002065,-0.001163,-0.029538,299.903687,15.277822,-0.295377,-551.786194,299.999725,0.000000
118.420006,67.422134,-551.875183,-0.002139,-0.001163,-0.029538,299.908630,15.278074,-0.295377,-551.875183,299.999725,0.000000
118.430008,67.416931,-551.919617,-0.002108,-0.001163,-0.029538,299.885498,15.276896,-0.295377,-551.919617,299.999725,0.000000
118.440002,67.414688,-551.786194,-0.002164,-0.001163,-0.029538,299.875519,15.276387,-0.295377,-551.786194,299.999725,0.000000
118.450005,67.408737,-551.964111,-0.002147,-0.001163,-0.029538,299.849030,15.275038,-0.295377,-551.964111,299.999725,0.000000
118.460007,67.415436,-551.786194,-0.002147,-0.001163,-0.029538,299.878845,15.276556,-0.295377,-551.786194,299.999725,0.000000
118.470009,67.418045,-551.830688,-0.002160,-0.001163,-0.029538,299.890442,15.277148,-0.295377,-551.830688,299.999725,0.000000
118.480003,67.421021,-551.830688,-0.002151,-0.001163,-0.029538,299.903687,15.277822,-0.295377,-551.830688,299.999725,0.000000
118.490005,67.416550,-551.786194,-0.002113,-0.001163,-0.029538,299.883789,15.276809,-0.295377,-551.786194,299.999725,0.000000
118.500008,67.415436,-551.964111,-0.002044,-0.001163,-0.029538,299.878845,15.276556,-0.295377,-551.964111,299.999725,0.000000
118.510002,67.420654,-551.786194,-0.002044,-0.001163,-0.029538,299.902039,15.277739,-0.295377,-551.786194,299.999725,0.000000
118.520004,67.415070,-551.786194,-0.002065,-0.001163,-0.029538,299.877197,15.276473,-0.295377,-551.786194,299.999725,0.000000
118.530006,67.424744,-551.830688,-0.002057,-0.001163,-0.029538,299.920227,15.278665,-0.295377,-551.830688,299.999725,0.000000
118.540009,67.415802,-551.830688,-0.002048,-0.001163,-0.029538,299.880463,15.276640,-0.295377,-551.830688,299.999725,0.000000
118.550003,67.415436,-551.964111,-0.002126,-0.001163,-0.029538,299.878845,15.276556,-0.295377,-551.964111,299.999725,0.000000
118.560005,67.417297,-551.830688,-0.002139,-0.001163,-0.029538,299.887115,15.276978,-0.295377,-551.830688,299.999725,0.000000
118.570007,67.418793,-551.830688,-0.002143,-0.001163,-0.029538,299.893768,15.277317,-0.295377,-551.830688,299.999725,0.000000
118.580002,67.430328,-551.830688,-0.002160,-0.001163,-0.029538,299.945068,15.279930,-0.295377,-551.830688,299.999725,0.000000
118.590004,67.414322,-551.786194,-0.002147,-0.001163,-0.029538,299.873871,15.276303,-0.295377,-551.786194,299.999725,0.000000
118.600006,67.412460,-551.919617,-0.002100,-0.001163,-0.029538,299.865601,15.275883,-0.295377,-551.919617,299.999725,0.000000
118.610008,67.416550,-551.786194,-0.002065,-0.001163,-0.029538,299.883789,15.276809,-0.295377,-551.786194,299.999725,0.000000
118.620003,67.423248,-551.830688,-0.002052,-0.001163,-0.029538,299.913574,15.278326,-0.295377,-551.830688,299.999725,0.000000
118.630005,67.425110,-551.875183,-0.002039,-0.001163,-0.029538,299.921875,15.278749,-0.295377,-551.875183,299.999725,0.000000
118.640007,67.428467,-551.786194,-0.002026,-0.001163,-0.029538,299.936798,15.279510,-0.295377,-551.786194,299.999725,0.000000
118.650009,67.419907,-551.964111,-0.002044,-0.001163,-0.029538,299.898712,15.277569,-0.295377,-551.964111,299.999725,0.000000
118.660004,67.423996,-551.830688,-0.002052,-0.001163,-0.029538,299.916901,15.278496,-0.295377,-551.830688,299.999725,0.000000
118.670006,67.415070,-551.830688,-0.002018,-0.001163,-0.029538,299.877197,15.276473,-0.295377,-551.830688,299.999725,0.000000
118.680008,67.419525,-551.875183,-0.002061,-0.001163,-0.029538,299.897034,15.277483,-0.295377,-551.875183,299.999725,0.000000
118.690002,67.423996,-551.830688,-0.002061,-0.001163,-0.029538,299.916901,15.278496,-0.295377,-551.830688,299.999725,0.000000
118.700005,67.419525,-551.919617,-0.002048,-0.001163,-0.029538,299.897034,15.277483,-0.295377,-551.919617,299.999725,0.000000
118.710007,67.414322,-551.786194,-0.002048,-0.001163,-0.029538,299.873871,15.276303,-0.295377,-551.786194,299.999725,0.000000
118.720009,67.411713,-551.919617,-0.002087,-0.001163,-0.029538,299.862274,15.275713,-0.295377,-551.919617,299.999725,0.000000
118.730003,67.407990,-551.786194,-0.002139,-0.001163,-0.029538,299.845703,15.274869,-0.295377,-551.786194,299.999725,0.000000
118.740005,67.421768,-551.786194,-0.002151,-0.001163,-0.029538,299.907013,15.277991,-0.295377,-551.786194,299.999725,0.000000
118.750008,67.413940,-551.919617,-0.002177,-0.001163,-0.029538,299.872192,15.276217,-0.295377,-551.919617,299.999725,0.000000
118.760002,67.425491,-551.786194,-0.002156,-0.001163,-0.029538,299.923553,15.278834,-0.295377,-551.786194,299.999725,0.000000
118.770004,67.418793,-551.830688,-0.002121,-0.001163,-0.029538,299.893768,15.277317,-0.295377,-551.830688,299.999725,0.000000
118.780006,67.421768,-551.875183,-0.002091,-0.001163,-0.029538,299.907013,15.277991,-0.295377,-551.875183,299.999725,0.000000
118.790009,67.429581,-551.786194,-0.002057,-0.001163,-0.029538,299.941742,15.279761,-0.295377,-551.786194,299.999725,0.000000
118.800003,67.418045,-551.919617,-0.002048,-0.001163,-0.029538,299.890442,15.277148,-0.295377,-551.919617,299.999725,0.000000
118.810005,67.407990,-551.786194,-0.002065,-0.001163,-0.029538,299.845703,15.274869,-0.295377,-551.786194,299.999725,0.000000
118.820007,67.419159,-551.830688,-0.002108,-0.001163,-0.029538,299.895386,15.277400,-0.295377,-551.830688,299.999725,0.000000
118.830002,67.419159,-551.919617,-0.002139,-0.001163,-0.029538,299.895386,15.277400,-0.295377,-551.919617,299.999725,0.000000
118.840004,67.425858,-551.786194,-0.002130,-0.001163,-0.029538,299.925201,15.278917,-0.295377,-551.786194,299.999725,0.000000
118.850006,67.419907,-551.964111,-0.002160,-0.001163,-0.029538,299.898712,15.277569,-0.295377,-551.964111,299.999725,0.000000
118.860008,67.418045,-551.786194,-0.002164,-0.001163,-0.029538,299.890442,15.277148,-0.295377,-551.786194,299.999725,0.000000
118.870003,67.402023,-551.875183,-0.002139,-0.001163,-0.029538,299.819183,15.273517,-0.295377,-551.875183,299.999725,0.000000
118.880005,67.415436,-551.875183,-0.002065,-0.001163,-0.029538,299.878845,15.276556,-0.295377,-551.875183,299.999725,0.000000
118.890007,67.419525,-551.786194,-0.002035,-0.001163,-0.029538,299.897034,15.277483,-0.295377,-551.786194,299.999725,0.000000
118.900009,67.413574,-551.919617,-0.002052,-0.001163,-0.029538,299.870544,15.276134,-0.295377,-551.919617,299.999725,0.000000
118.910004,67.417664,-551.786194,-0.002022,-0.001163,-0.029538,299.888733,15.277061,-0.295377,-551.786194,299.999725,0.000000
118.920006,67.420273,-551.875183,-0.002022,-0.001163,-0.029538,299.900360,15.277652,-0.295377,-551.875183,299.999725,0.000000
118.930008,67.419159,-551.875183,-0.002052,-0.001163,-0.029538,299.895386,15.277400,-0.295377,-551.875183,299.999725,0.000000
118.940002,67.416931,-551.830688,-0.002052,-0.001163,-0.029538,299.885498,15.276896,-0.295377,-551.830688,299.999725,0.000000
118.950005,67.410599,-551.964111,-0.002052,-0.001163,-0.029538,299.857330,15.275460,-0.295377,-551.964111,299.999725,0.000000
118.960007,67.415070,-551.786194,-0.002100,-0.001163,-0.029538,299.877197,15.276473,-0.295377,-551.786194,299.999725,0.000000
118.970009,67.414322,-551.830688,-0.002130,-0.001163,-0.029538,299.873871,15.276303,-0.295377,-551.830688,299.999725,0.000000
118.980003,67.417664,-551.964111,-0.002130,-0.001163,-0.029538,299.888733,15.277061,-0.295377,-551.964111,299.999725,0.000000
118.990005,67.421021,-551.786194,-0.002134,-0.001163,-0.029538,299.903687,15.277822,-0.295377,-551.786194,299.999725,0.000000
119.000008,67.418411,-551.919617,-0.002126,-0.001163,-0.029538,299.892059,15.277230,-0.295377,-551.919617,299.999725,0.000000
119.010002,67.415802,-551.786194,-0.002126,-0.001163,-0.029538,299.880463,15.276640,-0.295377,-551.786194,299.999725,0.000000
119.020004,67.427353,-551.830688,-0.002130,-0.001163,-0.029538,299.931854,15.279257,-0.295377,-551.830688,299.999725,0.000000
119.030006,67.421387,-551.875183,-0.002164,-0.001163,-0.029538,299.905304,15.277905,-0.295377,-551.875183,299.999725,0.000000
119.040009,67.411713,-551.830688,-0.002156,-0.001163,-0.029538,299.862274,15.275713,-0.295377,-551.830688,299.999725,0.000000
119.050003,67.413574,-551.919617,-0.002139,-0.001163,-0.029538,299.870544,15.276134,-0.295377,-551.919617,299.999725,0.000000
119.060005,67.416931,-551.830688,-0.002151,-0.001163,-0.029538,299.885498,15.276896,-0.295377,-551.830688,299.999725,0.000000
119.070007,67.427353,-551.919617,-0.002143,-0.001163,-0.029538,299.931854,15.279257,-0.295377,-551.919617,299.999725,0.000000
119.080009,67.422516,-551.875183,-0.002126,-0.001163,-0.029538,299.910339,15.278161,-0.295377,-551.875183,299.999725,0.000000
119.090004,67.426239,-551.830688,-0.002113,-0.001163,-0.029538,299.926880,15.279004,-0.295377,-551.830688,299.999725,0.000000
119.100006,67.413574,-551.964111,-0.002087,-0.001163,-0.029538,299.870544,15.276134,-0.295377,-551.964111,299.999725,0.000000
119.110008,67.413208,-551.830688,-0.002082,-0.001163,-0.029538,299.868927,15.276051,-0.295377,-551.830688,299.999725,0.000000
119.120003,67.425491,-551.875183,-0.002035,-0.001163,-0.029538,299.923553,15.278834,-0.295377,-551.875183,299.999725,0.000000
119.130005,67.421387,-551.919617,-0.002065,-0.001163,-0.029538,299.905304,15.277905,-0.295377,-551.919617,299.999725,0.000000
119.140007,67.418045,-551.786194,-0.002052,-0.001163,-0.029538,299.890442,15.277148,-0.295377,-551.786194,299.999725,0.000000
119.150009,67.412079,-551.919617,-0.002052,-0.001163,-0.029538,299.863892,15.275795,-0.295377,-551.919617,299.999725,0.000000
119.160004,67.415070,-551.830688,-0.002052,-0.001163,-0.029538,299.877197,15.276473,-0.295377,-551.830688,299.999725,0.000000
119.170006,67.411331,-551.875183,-0.002061,-0.001163,-0.029538,299.860565,15.275625,-0.295377,-551.875183,299.999725,0.000000
119.180008,67.416183,-551.919617,-0.002065,-0.001163,-0.029538,299.882172,15.276726,-0.295377,-551.919617,299.999725,0.000000
119.190002,67.417297,-551.875183,-0.002065,-0.001163,-0.029538,299.887115,15.276978,-0.295377,-551.875183,299.999725,0.000000
119.200005,67.413940,-551.964111,-0.002070,-0.001163,-0.029538,299.872192,15.276217,-0.295377,-551.964111,299.999725,0.000000
119.210007,67.409470,-551.830688,-0.002082,-0.001163,-0.029538,299.852295,15.275205,-0.295377,-551.830688,299.999725,0.000000
119.220009,67.421021,-551.875183,-0.002130,-0.001163,-0.029538,299.903687,15.277822,-0.295377,-551.875183,299.999725,0.000000
119.230003,67.412460,-551.875183,-0.002113,-0.001163,-0.029538,299.865601,15.275883,-0.295377,-551.875183,299.999725,0.000000
119.240005,67.421387,-551.830688,-0.002134,-0.001163,-0.029538,299.905304,15.277905,-0.295377,-551.830688,299.999725,0.000000
119.250008,67.411713,-551.964111,-0.002164,-0.001163,-0.029538,299.862274,15.275713,-0.295377,-551.964111,299.999725,0.000000
119.260002,67.413574,-551.830688,-0.002130,-0.001163,-0.029538,299.870544,15.276134,-0.295377,-551.830688,299.999725,0.000000
119.270004,67.413574,-551.830688,-0.002091,-0.001163,-0.029538,299.870544,15.276134,-0.295377,-551.830688,299.999725,0.000000
119.280006,67.416550,-551.919617,-0.002078,-0.001163,-0.029538,299.883789,15.276809,-0.295377,-551.919617,299.999725,0.000000
119.290009,67.411713,-551.830688,-0.002117,-0.001163,-0.029538,299.862274,15.275713,-0.295377,-551.830688,299.999725,0.000000
119.300003,67.419525,-551.919617,-0.002078,-0.001163,-0.029538,299.897034,15.277483,-0.295377,-551.919617,299.999725,0.000000
119.310005,67.425858,-551.875183,-0.002048,-0.001163,-0.029538,299.925201,15.278917,-0.295377,-551.875183,299.999725,0.000000
119.320007,67.423248,-551.919617,-0.002095,-0.001163,-0.029538,299.913574,15.278326,-0.295377,-551.919617,299.999725,0.000000
119.330009,67.424744,-551.875183,-0.002082,-0.001163,-0.029538,299.920227,15.278665,-0.295377,-551.875183,299.999725,0.000000
119.340004,67.413940,-551.786194,-0.002095,-0.001163,-0.029538,299.872192,15.276217,-0.295377,-551.786194,299.999725,0.000000
119.350006,67.413940,-551.964111,-0.002061,-0.001163,-0.029538,299.872192,15.276217,-0.295377,-551.964111,299.999725,0.000000
119.360008,67.419525,-551.875183,-0.002082,-0.001163,-0.029538,299.897034,15.277483,-0.295377,-551.875183,299.999725,0.000000
119.370003,67.420654,-551.919617,-0.002151,-0.001163,-0.029538,299.902039,15.277739,-0.295377,-551.919617,299.999725,0.000000
119.380005,67.411331,-551.875183,-0.002160,-0.001163,-0.029538,299.860565,15.275625,-0.295377,-551.875183,299.999725,0.000000
119.390007,67.412827,-551.830688,-0.002151,-0.001163,-0.029538,299.867218,15.275965,-0.295377,-551.830688,299.999725,0.000000
119.400009,67.405380,-551.919617,-0.002143,-0.001163,-0.029538,299.834106,15.274278,-0.295377,-551.919617,299.999725,0.000000
119.410004,67.411331,-551.830688,-0.002126,-0.001163,-0.029538,299.860565,15.275625,-0.295377,-551.830688,299.999725,0.000000
119.420006,67.420654,-551.919617,-0.002078,-0.001163,-0.029538,299.902039,15.277739,-0.295377,-551.919617,299.999725,0.000000
119.430008,67.412079,-551.919617,-0.002108,-0.001163,-0.029538,299.863892,15.275795,-0.295377,-551.919617,299.999725,0.000000
119.440002,67.416183,-551.830688,-0.002108,-0.001163,-0.029538,299.882172,15.276726,-0.295377,-551.830688,299.999725,0.000000
119.450005,67.413208,-551.964111,-0.002091,-0.001163,-0.029538,299.868927,15.276051,-0.295377,-551.964111,299.999725,0.000000
119.460007,67.425110,-551.830688,-0.002082,-0.001163,-0.029538,299.921875,15.278749,-0.295377,-551.830688,299.999725,0.000000
119.470009,67.423248,-551.875183,-0.002048,-0.001163,-0.029538,299.913574,15.278326,-0.295377,-551.875183,299.999725,0.000000
119.480003,67.422134,-551.919617,-0.002052,-0.001163,-0.029538,299.908630,15.278074,-0.295377,-551.919617,299.999725,0.000000
119.490005,67.415070,-551.830688,-0.002057,-0.001163,-0.029538,299.877197,15.276473,-0.295377,-551.830688,299.999725,0.000000
119.500008,67.416550,-551.964111,-0.002070,-0.001163,-0.029538,299.883789,15.276809,-0.295377,-551.964111,299.999725,0.000000
119.510002,67.417297,-551.830688,-0.002031,-0.001163,-0.029538,299.887115,15.276978,-0.295377,-551.830688,299.999725,0.000000
119.520004,67.423630,-551.919617,-0.002044,-0.001163,-0.029538,299.915283,15.278414,-0.295377,-551.919617,299.999725,0.000000
119.530006,67.424377,-551.919617,-0.002057,-0.001163,-0.029538,299.918610,15.278583,-0.295377,-551.919617,299.999725,0.000000
119.540009,67.421768,-551.830688,-0.002057,-0.001163,-0.029538,299.907013,15.277991,-0.295377,-551.830688,299.999725,0.000000
119.550003,67.421387,-551.919617,-0.002061,-0.001163,-0.029538,299.905304,15.277905,-0.295377,-551.919617,299.999725,0.000000
119.560005,67.424377,-551.786194,-0.002078,-0.001163,-0.029538,299.918610,15.278583,-0.295377,-551.786194,299.999725,0.000000
119.570007,67.420654,-551.919617,-0.002048,-0.001163,-0.029538,299.902039,15.277739,-0.295377,-551.919617,299.999725,0.000000
119.580009,67.419525,-551.919617,-0.002039,-0.001163,-0.029538,299.897034,15.277483,-0.295377,-551.919617,299.999725,0.000000
119.590004,67.421768,-551.830688,-0.002026,-0.001163,-0.029538,299.907013,15.277991,-0.295377,-551.830688,299.999725,0.000000
119.600006,67.417297,-551.964111,-0.002039,-0.001163,-0.029538,299.887115,15.276978,-0.295377,-551.964111,299.999725,0.000000
119.610008,67.425110,-551.830688,-0.002044,-0.001163,-0.029538,299.921875,15.278749,-0.295377,-551.830688,299.999725,0.000000
119.620003,67.421768,-551.830688,-0.002048,-0.001163,-0.029538,299.907013,15.277991,-0.295377,-551.830688,299.999725,0.000000
119.630005,67.413574,-551.875183,-0.002031,-0.001163,-0.029538,299.870544,15.276134,-0.295377,-551.875183,299.999725,0.000000
119.640007,67.420273,-551.830688,-0.002061,-0.001163,-0.029538,299.900360,15.277652,-0.295377,-551.830688,299.999725,0.000000
119.650009,67.413940,-551.919617,-0.002035,-0.001163,-0.029538,299.872192,15.276217,-0.295377,-551.919617,299.999725,0.000000
119.660004,67.419907,-551.830688,-0.002039,-0.001163,-0.029538,299.898712,15.277569,-0.295377,-551.830688,299.999725,0.000000
119.670006,67.422882,-551.919617,-0.002052,-0.001163,-0.029538,299.911957,15.278244,-0.295377,-551.919617,299.999725,0.000000
119.680008,67.425858,-551.919617,-0.002065,-0.001163,-0.029538,299.925201,15.278917,-0.295377,-551.919617,299.999725,0.000000
119.690002,67.422516,-551.830688,-0.002065,-0.001163,-0.029538,299.910339,15.278161,-0.295377,-551.830688,299.999725,0.000000
119.700005,67.419525,-552.008606,-0.002082,-0.001163,-0.029538,299.897034,15.277483,-0.295377,-552.008606,299.999725,0.000000
119.710007,67.410599,-551.830688,-0.002035,-0.001163,-0.029538,299.857330,15.275460,-0.295377,-551.830688,299.999725,0.000000
119.720009,67.420273,-551.875183,-0.002091,-0.001163,-0.029538,299.900360,15.277652,-0.295377,-551.875183,299.999725,0.000000
119.730003,67.416550,-551.919617,-0.002199,-0.001163,-0.029538,299.883789,15.276809,-0.295377,-551.919617,299.999725,0.000000
119.740005,67.420273,-551.830688,-0.002186,-0.001163,-0.029538,299.900360,15.277652,-0.295377,-551.830688,299.999725,0.000000
119.750008,67.418045,-551.919617,-0.002160,-0.001163,-0.029538,299.890442,15.277148,-0.295377,-551.919617,299.999725,0.000000
119.760002,67.415070,-551.830688,-0.002156,-0.001163,-0.029538,299.877197,15.276473,-0.295377,-551.830688,299.999725,0.000000
119.770004,67.413940,-551.875183,-0.002113,-0.001163,-0.029538,299.872192,15.276217,-0.295377,-551.875183,299.999725,0.000000
119.780006,67.414688,-551.964111,-0.002108,-0.001163,-0.029538,299.875519,15.276387,-0.295377,-551.964111,299.999725,0.000000
119.790009,67.414688,-551.786194,-0.002100,-0.001163,-0.029538,299.875519,15.276387,-0.295377,-551.786194,299.999725,0.000000
119.800003,67.411331,-552.008606,-0.002057,-0.001163,-0.029538,299.860565,15.275625,-0.295377,-552.008606,299.999725,0.000000
119.810005,67.418793,-551.786194,-0.002044,-0.001163,-0.029538,299.893768,15.277317,-0.295377,-551.786194,299.999725,0.000000
119.820007,67.417297,-551.875183,-0.002061,-0.001163,-0.029538,299.887115,15.276978,-0.295377,-551.875183,299.999725,0.000000
119.830009,67.422882,-551.964111,-0.002052,-0.001163,-0.029538,299.911957,15.278244,-0.295377,-551.964111,299.999725,0.000000
119.840004,67.417664,-551.830688,-0.002070,-0.001163,-0.029538,299.888733,15.277061,-0.295377,-551.830688,299.999725,0.000000
119.850006,67.418045,-551.964111,-0.002070,-0.001163,-0.029538,299.890442,15.277148,-0.295377,-551.964111,299.999725,0.000000
119.860008,67.416550,-551.875183,-0.002095,-0.001163,-0.029538,299.883789,15.276809,-0.295377,-551.875183,299.999725,0.000000
119.870003,67.424744,-551.919617,-0.002087,-0.001163,-0.029538,299.920227,15.278665,-0.295377,-551.919617,299.999725,0.000000
119.880005,67.422134,-551.875183,-0.002130,-0.001163,-0.029538,299.908630,15.278074,-0.295377,-551.875183,299.999725,0.000000
119.890007,67.420273,-551.919617,-0.002169,-0.001163,-0.029538,299.900360,15.277652,-0.295377,-551.919617,299.999725,0.000000
119.900009,67.411331,-551.964111,-0.002156,-0.001163,-0.029538,299.860565,15.275625,-0.295377,-551.964111,299.999725,0.000000
119.910004,67.415436,-551.875183,-0.002164,-0.001163,-0.029538,299.878845,15.276556,-0.295377,-551.875183,299.999725,0.000000
119.920006,67.422882,-551.875183,-0.002139,-0.001163,-0.029538,299.911957,15.278244,-0.295377,-551.875183,299.999725,0.000000
119.930008,67.426239,-551.875183,-0.002113,-0.001163,-0.029538,299.926880,15.279004,-0.295377,-551.875183,299.999725,0.000000
119.940002,67.428101,-551.875183,-0.002065,-0.001163,-0.029538,299.935181,15.279426,-0.295377,-551.875183,299.999725,0.000000
119.950005,67.416931,-551.919617,-0.002065,-0.001163,-0.029538,299.885498,15.276896,-0.295377,-551.919617,299.999725,0.000000
119.960007,67.423248,-551.919617,-0.002113,-0.001163,-0.029538,299.913574,15.278326,-0.295377,-551.919617,299.999725,0.000000
119.970009,67.417297,-551.875183,-0.002100,-0.001163,-0.029538,299.887115,15.276978,-0.295377,-551.875183,299.999725,0.000000
119.980003,67.411713,-551.919617,-0.002139,-0.001163,-0.029538,299.862274,15.275713,-0.295377,-551.919617,299.999725,0.000000
119.990005,67.415070,-551.875183,-0.002117,-0.001163,-0.029538,299.877197,15.276473,-0.295377,-551.875183,299.999725,0.000000
120.000008,67.418793,-551.964111,-0.002091,-0.001163,-0.029538,299.893768,15.277317,-0.295377,-551.964111,299.999725,0.000000
120.010002,67.423630,-551.875183,-0.002070,-0.001163,-0.029538,299.915283,15.278414,-0.295377,-551.875183,299.999725,0.000000
120.020004,67.427719,-551.830688,-0.002160,-0.001163,-0.029538,299.933472,15.279340,-0.295377,-551.830688,299.999725,0.000000
120.030006,67.415436,-551.964111,-0.002164,-0.001163,-0.029538,299.878845,15.276556,-0.295377,-551.964111,299.999725,0.000000
120.040009,67.411331,-551.875183,-0.002126,-0.001163,-0.029538,299.860565,15.275625,-0.295377,-551.875183,299.999725,0.000000
120.050003,67.410599,-551.964111,-0.002108,-0.001163,-0.029538,299.857330,15.275460,-0.295377,-551.964111,299.999725,0.000000
120.060005,67.412460,-551.830688,-0.002095,-0.001163,-0.029538,299.865601,15.275883,-0.295377,-551.830688,299.999725,0.000000
120.070007,67.425858,-551.919617,-0.002087,-0.001163,-0.029538,299.925201,15.278917,-0.295377,-551.919617,299.999725,0.000000
120.080009,67.419525,-551.919617,-0.002104,-0.001163,-0.029538,299.897034,15.277483,-0.295377,-551.919617,299.999725,0.000000
120.090004,67.421387,-551.830688,-0.002147,-0.001163,-0.029538,299.905304,15.277905,-0.295377,-551.830688,299.999725,0.000000
120.100006,67.424744,-551.919617,-0.002143,-0.001163,-0.029538,299.920227,15.278665,-0.295377,-551.919617,299.999725,0.000000
120.110008,67.421387,-551.830688,-0.002182,-0.001163,-0.029538,299.905304,15.277905,-0.295377,-551.830688,299.999725,0.000000
120.120003,67.418411,-551.964111,-0.002117,-0.001163,-0.029538,299.892059,15.277230,-0.295377,-551.964111,299.999725,0.000000
120.130005,67.413574,-551.964111,-0.002070,-0.001163,-0.029538,299.870544,15.276134,-0.295377,-551.964111,299.999725,0.000000
120.140007,67.422516,-551.830688,-0.002039,-0.001163,-0.029538,299.910339,15.278161,-0.295377,-551.830688,299.999725,0.000000
120.150009,67.415436,-551.964111,-0.002091,-0.001163,-0.029538,299.878845,15.276556,-0.295377,-551.964111,299.999725,0.000000
120.160004,67.415436,-551.875183,-0.002087,-0.001163,-0.029538,299.878845,15.276556,-0.295377,-551.875183,299.999725,0.000000
120.170006,67.423996,-551.919617,-0.002082,-0.001163,-0.029538,299.916901,15.278496,-0.295377,-551.919617,299.999725,0.000000
120.180008,67.418793,-551.875183,-0.002147,-0.001163,-0.029538,299.893768,15.277317,-0.295377,-551.875183,299.999725,0.000000
120.190002,67.417664,-551.919617,-0.002151,-0.001163,-0.029538,299.888733,15.277061,-0.295377,-551.919617,299.999725,0.000000
120.200005,67.419907,-551.919617,-0.002156,-0.001163,-0.029538,299.898712,15.277569,-0.295377,-551.919617,299.999725,0.000000
120.210007,67.414322,-551.830688,-0.002160,-0.001163,-0.029538,299.873871,15.276303,-0.295377,-551.830688,299.999725,0.000000
120.220009,67.421021,-551.919617,-0.002186,-0.001163,-0.029538,299.903687,15.277822,-0.295377,-551.919617,299.999725,0.000000
120.230003,67.414688,-551.919617,-0.002130,-0.001163,-0.029538,299.875519,15.276387,-0.295377,-551.919617,299.999725,0.000000
120.240005,67.425858,-551.875183,-0.002104,-0.001163,-0.029538,299.925201,15.278917,-0.295377,-551.875183,299.999725,0.000000
120.250008,67.416931,-551.919617,-0.002108,-0.001163,-0.029538,299.885498,15.276896,-0.295377,-551.919617,299.999725,0.000000
120.260002,67.421768,-551.786194,-0.002156,-0.001163,-0.029538,299.907013,15.277991,-0.295377,-551.786194,299.999725,0.000000
120.270004,67.426605,-551.875183,-0.002061,-0.001163,-0.029538,299.928528,15.279087,-0.295377,-551.875183,299.999725,0.000000
120.280006,67.430328,-551.875183,-0.002061,-0.001163,-0.029538,299.945068,15.279930,-0.295377,-551.875183,299.999725,0.000000
120.290009,67.418793,-551.786194,-0.002031,-0.001163,-0.029538,299.893768,15.277317,-0.295377,-551.786194,299.999725,0.000000
120.300003,67.409103,-551.919617,-0.002052,-0.001163,-0.029538,299.850677,15.275122,-0.295377,-551.919617,299.999725,0.000000
120.310005,67.416931,-551.875183,-0.002026,-0.001163,-0.029538,299.885498,15.276896,-0.295377,-551.875183,299.999725,0.000000
120.320007,67.425110,-551.919617,-0.002061,-0.001163,-0.029538,299.921875,15.278749,-0.295377,-551.919617,299.999725,0.000000
120.330009,67.420273,-551.919617,-0.002108,-0.001163,-0.029538,299.900360,15.277652,-0.295377,-551.919617,299.999725,0.000000
120.340004,67.414322,-551.830688,-0.002139,-0.001163,-0.029538,299.873871,15.276303,-0.295377,-551.830688,299.999725,0.000000
120.350006,67.418793,-551.919617,-0.002160,-0.001163,-0.029538,299.893768,15.277317,-0.295377,-551.919617,299.999725,0.000000
120.360008,67.428467,-551.830688,-0.002151,-0.001163,-0.029538,299.936798,15.279510,-0.295377,-551.830688,299.999725,0.000000
120.370003,67.422516,-551.919617,-0.002117,-0.001163,-0.029538,299.910339,15.278161,-0.295377,-551.919617,299.999725,0.000000
120.380005,67.420273,-551.964111,-0.002104,-0.001163,-0.029538,299.900360,15.277652,-0.295377,-551.964111,299.999725,0.000000
120.390007,67.420654,-551.830688,-0.002091,-0.001163,-0.029538,299.902039,15.277739,-0.295377,-551.830688,299.999725,0.000000
120.400009,67.418045,-552.008606,-0.002087,-0.001163,-0.029538,299.890442,15.277148,-0.295377,-552.008606,299.999725,0.000000
120.410004,67.424377,-551.830688,-0.002113,-0.001163,-0.029538,299.918610,15.278583,-0.295377,-551.830688,299.999725,0.000000
120.420006,67.414322,-551.964111,-0.002190,-0.001163,-0.029538,299.873871,15.276303,-0.295377,-551.964111,299.999725,0.000000
120.430008,67.419159,-551.919617,-0.002151,-0.001163,-0.029538,299.895386,15.277400,-0.295377,-551.919617,299.999725,0.000000
120.440002,67.419907,-551.875183,-0.002160,-0.001163,-0.029538,299.898712,15.277569,-0.295377,-551.875183,299.999725,0.000000
120.450005,67.419159,-551.964111,-0.002186,-0.001163,-0.029538,299.895386,15.277400,-0.295377,-551.964111,299.999725,0.000000
120.460007,67.415436,-551.875183,-0.002151,-0.001163,-0.029538,299.878845,15.276556,-0.295377,-551.875183,299.999725,0.000000
120.470009,67.413208,-551.919617,-0.002151,-0.001163,-0.029538,299.868927,15.276051,-0.295377,-551.919617,299.999725,0.000000
120.480003,67.407608,-551.964111,-0.002182,-0.001163,-0.029538,299.844025,15.274782,-0.295377,-551.964111,299.999725,0.000000
120.490005,67.419525,-551.830688,-0.002113,-0.001163,-0.029538,299.897034,15.277483,-0.295377,-551.830688,299.999725,0.000000
120.500008,67.425110,-552.053101,-0.002100,-0.001163,-0.029538,299.921875,15.278749,-0.295377,-552.053101,299.999725,0.000000
120.510002,67.419525,-551.875183,-0.002070,-0.001163,-0.029538,299.897034,15.277483,-0.295377,-551.875183,299.999725,0.000000
120.520004,67.407242,-551.919617,-0.002039,-0.001163,-0.029538,299.842377,15.274699,-0.295377,-551.919617,299.999725,0.000000
120.530006,67.418045,-551.964111,-0.002048,-0.001163,-0.029538,299.890442,15.277148,-0.295377,-551.964111,299.999725,0.000000
120.540009,67.416550,-551.875183,-0.002013,-0.001163,-0.029538,299.883789,15.276809,-0.295377,-551.875183,299.999725,0.000000
120.550003,67.414322,-552.008606,-0.002082,-0.001163,-0.029538,299.873871,15.276303,-0.295377,-552.008606,299.999725,0.000000
120.560005,67.426239,-551.830688,-0.002048,-0.001163,-0.029538,299.926880,15.279004,-0.295377,-551.830688,299.999725,0.000000
120.570007,67.422882,-551.919617,-0.002100,-0.001163,-0.029538,299.911957,15.278244,-0.295377,-551.919617,299.999725,0.000000
120.580009,67.417297,-551.919617,-0.002117,-0.001163,-0.029538,299.887115,15.276978,-0.295377,-551.919617,299.999725,0.000000
120.590004,67.422516,-551.830688,-0.002130,-0.001163,-0.029538,299.910339,15.278161,-0.295377,-551.830688,299.999725,0.000000
120.600006,67.418411,-551.964111,-0.002130,-0.001163,-0.029538,299.892059,15.277230,-0.295377,-551.964111,299.999725,0.000000
120.610008,67.421387,-551.875183,-0.002156,-0.001163,-0.029538,299.905304,15.277905,-0.295377,-551.875183,299.999725,0.000000
120.620003,67.418411,-551.919617,-0.002164,-0.001163,-0.029538,299.892059,15.277230,-0.295377,-551.919617,299.999725,0.000000
120.630005,67.416931,-551.964111,-0.002143,-0.001163,-0.029538,299.885498,15.276896,-0.295377,-551.964111,299.999725,0.000000
120.640007,67.428833,-551.830688,-0.002100,-0.001163,-0.029538,299.938416,15.279592,-0.295377,-551.830688,299.999725,0.000000
120.650009,67.414322,-551.919617,-0.002095,-0.001163,-0.029538,299.873871,15.276303,-0.295377,-551.919617,299.999725,0.000000
120.660004,67.422134,-551.919617,-0.002108,-0.001163,-0.029538,299.908630,15.278074,-0.295377,-551.919617,299.999725,0.000000
120.670006,67.412460,-551.919617,-0.002078,-0.001163,-0.029538,299.865601,15.275883,-0.295377,-551.919617,299.999725,0.000000
120.680008,67.413574,-551.919617,-0.002126,-0.001163,-0.029538,299.870544,15.276134,-0.295377,-551.919617,299.999725,0.000000
120.690002,67.401657,-551.830688,-0.002113,-0.001163,-0.029538,299.817535,15.273434,-0.295377,-551.830688,299.999725,0.000000
120.700005,67.418045,-552.008606,-0.002070,-0.001163,-0.029538,299.890442,15.277148,-0.295377,-552.008606,299.999725,0.000000
120.710007,67.424377,-551.875183,-0.002061,-0.001163,-0.029538,299.918610,15.278583,-0.295377,-551.875183,299.999725,0.000000
120.720009,67.418045,-551.919617,-0.002039,-0.001163,-0.029538,299.890442,15.277148,-0.295377,-551.919617,299.999725,0.000000
120.730003,67.417664,-551.964111,-0.002070,-0.001163,-0.029538,299.888733,15.277061,-0.295377,-551.964111,299.999725,0.000000
120.740005,67.409851,-551.875183,-0.002031,-0.001163,-0.029538,299.854004,15.275290,-0.295377,-551.875183,299.999725,0.000000
120.750008,67.406876,-552.008606,-0.002078,-0.001163,-0.029538,299.840759,15.274617,-0.295377,-552.008606,299.999725,0.000000
120.760002,67.418793,-551.875183,-0.002100,-0.001163,-0.029538,299.893768,15.277317,-0.295377,-551.875183,299.999725,0.000000
120.770004,67.415802,-551.919617,-0.002100,-0.001163,-0.029538,299.880463,15.276640,-0.295377,-551.919617,299.999725,0.000000
120.780006,67.413940,-552.008606,-0.002126,-0.001163,-0.029538,299.872192,15.276217,-0.295377,-552.008606,299.999725,0.000000
120.790009,67.419525,-551.830688,-0.002139,-0.001163,-0.029538,299.897034,15.277483,-0.295377,-551.830688,299.999725,0.000000
120.800003,67.415802,-552.053101,-0.002108,-0.001163,-0.029538,299.880463,15.276640,-0.295377,-552.053101,299.999725,0.000000
120.810005,67.419907,-551.875183,-0.002108,-0.001163,-0.029538,299.898712,15.277569,-0.295377,-551.875183,299.999725,0.000000
120.820007,67.420273,-551.875183,-0.002100,-0.001163,-0.029538,299.900360,15.277652,-0.295377,-551.875183,299.999725,0.000000
120.830009,67.426605,-551.964111,-0.002113,-0.001163,-0.029538,299.928528,15.279087,-0.295377,-551.964111,299.999725,0.000000
120.840004,67.424744,-551.875183,-0.002078,-0.001163,-0.029538,299.920227,15.278665,-0.295377,-551.875183,299.999725,0.000000
120.850006,67.422516,-552.008606,-0.002117,-0.001163,-0.029538,299.910339,15.278161,-0.295377,-552.008606,299.999725,0.000000
120.860008,67.416183,-551.919617,-0.002130,-0.001163,-0.029538,299.882172,15.276726,-0.295377,-551.919617,299.999725,0.000000
120.870003,67.425491,-551.964111,-0.002147,-0.001163,-0.029538,299.923553,15.278834,-0.295377,-551.964111,299.999725,0.000000
120.880005,67.421387,-551.964111,-0.002177,-0.001163,-0.029538,299.905304,15.277905,-0.295377,-551.964111,299.999725,0.000000
120.890007,67.422516,-551.919617,-0.002173,-0.001163,-0.029538,299.910339,15.278161,-0.295377,-551.919617,299.999725,0.000000
120.900009,67.414322,-552.008606,-0.002139,-0.001163,-0.029538,299.873871,15.276303,-0.295377,-552.008606,299.999725,0.000000
120.910004,67.410217,-551.919617,-0.002095,-0.001163,-0.029538,299.855621,15.275374,-0.295377,-551.919617,299.999725,0.000000
120.920006,67.414688,-551.919617,-0.002039,-0.001163,-0.029538,299.875519,15.276387,-0.295377,-551.919617,299.999725,0.000000
120.930008,67.421387,-551.919617,-0.002070,-0.001163,-0.029538,299.905304,15.277905,-0.295377,-551.919617,299.999725,0.000000
120.940002,67.421768,-551.875183,-0.002057,-0.001163,-0.029538,299.907013,15.277991,-0.295377,-551.875183,299.999725,0.000000
120.950005,67.411331,-551.964111,-0.002070,-0.001163,-0.029538,299.860565,15.275625,-0.295377,-551.964111,299.999725,0.000000
120.960007,67.413208,-551.919617,-0.002039,-0.001163,-0.029538,299.868927,15.276051,-0.295377,-551.919617,299.999725,0.000000
120.970009,67.417297,-551.875183,-0.002035,-0.001163,-0.029538,299.887115,15.276978,-0.295377,-551.875183,299.999725,0.000000
120.980003,67.416183,-551.964111,-0.002013,-0.001163,-0.029538,299.882172,15.276726,-0.295377,-551.964111,299.999725,0.000000
120.990005,67.421387,-551.919617,-0.002061,-0.001163,-0.029538,299.905304,15.277905,-0.295377,-551.919617,299.999725,0.000000
121.000008,67.423630,-552.008606,-0.002074,-0.001163,-0.029538,299.915283,15.278414,-0.295377,-552.008606,299.999725,0.000000
121.010002,67.425858,-551.830688,-0.002082,-0.001163,-0.029538,299.925201,15.278917,-0.295377,-551.830688,299.999725,0.000000
121.020004,67.422882,-551.964111,-0.002126,-0.001163,-0.029538,299.911957,15.278244,-0.295377,-551.964111,299.999725,0.000000
121.030006,67.414322,-551.964111,-0.002117,-0.001163,-0.029538,299.873871,15.276303,-0.295377,-551.964111,299.999725,0.000000
121.040009,67.426605,-551.875183,-0.002177,-0.001163,-0.029538,299.928528,15.279087,-0.295377,-551.875183,299.999725,0.000000
121.050003,67.417664,-551.964111,-0.002156,-0.001163,-0.029538,299.888733,15.277061,-0.295377,-551.964111,299.999725,0.000000
121.060005,67.422882,-551.875183,-0.002147,-0.001163,-0.029538,299.911957,15.278244,-0.295377,-551.875183,299.999725,0.000000
121.070007,67.418411,-551.964111,-0.002169,-0.001163,-0.029538,299.892059,15.277230,-0.295377,-551.964111,299.999725,0.000000
121.080009,67.420273,-551.964111,-0.002173,-0.001163,-0.029538,299.900360,15.277652,-0.295377,-551.964111,299.999725,0.000000
121.090004,67.417664,-551.919617,-0.002134,-0.001163,-0.029538,299.888733,15.277061,-0.295377,-551.919617,299.999725,0.000000
121.100006,67.409470,-552.008606,-0.002143,-0.001163,-0.029538,299.852295,15.275205,-0.295377,-552.008606,299.999725,0.000000
121.110008,67.414688,-551.875183,-0.002160,-0.001163,-0.029538,299.875519,15.276387,-0.295377,-551.875183,299.999725,0.000000
121.120003,67.413208,-551.964111,-0.002177,-0.001163,-0.029538,299.868927,15.276051,-0.295377,-551.964111,299.999725,0.000000
121.130005,67.417297,-551.964111,-0.002190,-0.001163,-0.029538,299.887115,15.276978,-0.295377,-551.964111,299.999725,0.000000
121.140007,67.423996,-551.919617,-0.002139,-0.001163,-0.029538,299.916901,15.278496,-0.295377,-551.919617,299.999725,0.000000
121.150009,67.423248,-551.964111,-0.002126,-0.001163,-0.029538,299.913574,15.278326,-0.295377,-551.964111,299.999725,0.000000
121.160004,67.407990,-551.919617,-0.002091,-0.001163,-0.029538,299.845703,15.274869,-0.295377,-551.919617,299.999725,0.000000
121.170006,67.415070,-551.919617,-0.002052,-0.001163,-0.029538,299.877197,15.276473,-0.295377,-551.919617,299.999725,0.000000
121.180008,67.422516,-552.008606,-0.002065,-0.001163,-0.029538,299.910339,15.278161,-0.295377,-552.008606,299.999725,0.000000
121.190002,67.417297,-551.875183,-0.002026,-0.001163,-0.029538,299.887115,15.276978,-0.295377,-551.875183,299.999725,0.000000
121.200005,67.415436,-552.008606,-0.002026,-0.001163,-0.029538,299.878845,15.276556,-0.295377,-552.008606,299.999725,0.000000
121.210007,67.427353,-551.919617,-0.002065,-0.001163,-0.029538,299.931854,15.279257,-0.295377,-551.919617,299.999725,0.000000
121.220009,67.428101,-551.964111,-0.002065,-0.001163,-0.029538,299.935181,15.279426,-0.295377,-551.964111,299.999725,0.000000
121.230003,67.421021,-551.919617,-0.002104,-0.001163,-0.029538,299.903687,15.277822,-0.295377,-551.919617,299.999725,0.000000
121.240005,67.412827,-551.919617,-0.002164,-0.001163,-0.029538,299.867218,15.275965,-0.295377,-551.919617,299.999725,0.000000
121.250008,67.415802,-552.053101,-0.002160,-0.001163,-0.029538,299.880463,15.276640,-0.295377,-552.053101,299.999725,0.000000
121.260002,67.419159,-551.875183,-0.002147,-0.001163,-0.029538,299.895386,15.277400,-0.295377,-551.875183,299.999725,0.000000
121.270004,67.417297,-551.919617,-0.002151,-0.001163,-0.029538,299.887115,15.276978,-0.295377,-551.919617,299.999725,0.000000
121.280006,67.419525,-552.008606,-0.002078,-0.001163,-0.029538,299.897034,15.277483,-0.295377,-552.008606,299.999725,0.000000
121.290009,67.428467,-551.919617,-0.002091,-0.001163,-0.029538,299.936798,15.279510,-0.295377,-551.919617,299.999725,0.000000
121.300003,67.418045,-551.964111,-0.002087,-0.001163,-0.029538,299.890442,15.277148,-0.295377,-551.964111,299.999725,0.000000
121.310005,67.418045,-551.830688,-0.002061,-0.001163,-0.029538,299.890442,15.277148,-0.295377,-551.830688,299.999725,0.000000
121.320007,67.412827,-552.008606,-0.002018,-0.001163,-0.029538,299.867218,15.275965,-0.295377,-552.008606,299.999725,0.000000
121.330009,67.413574,-551.964111,-0.002082,-0.001163,-0.029538,299.870544,15.276134,-0.295377,-551.964111,299.999725,0.000000
121.340004,67.410599,-551.875183,-0.002061,-0.001163,-0.029538,299.857330,15.275460,-0.295377,-551.875183,299.999725,0.000000
121.350006,67.412079,-552.097534,-0.002091,-0.001163,-0.029538,299.863892,15.275795,-0.295377,-552.097534,299.999725,0.000000
121.360008,67.418045,-551.919617,-0.002134,-0.001163,-0.029538,299.890442,15.277148,-0.295377,-551.919617,299.999725,0.000000
121.370003,67.410965,-551.964111,-0.002160,-0.001163,-0.029538,299.858948,15.275543,-0.295377,-551.964111,299.999725,0.000000
121.380005,67.414322,-551.964111,-0.002134,-0.001163,-0.029538,299.873871,15.276303,-0.295377,-551.964111,299.999725,0.000000
121.390007,67.413208,-551.919617,-0.002126,-0.001163,-0.029538,299.868927,15.276051,-0.295377,-551.919617,299.999725,0.000000
121.400009,67.416550,-552.008606,-0.002130,-0.001163,-0.029538,299.883789,15.276809,-0.295377,-552.008606,299.999725,0.000000
121.410004,67.412827,-551.830688,-0.002113,-0.001163,-0.029538,299.867218,15.275965,-0.295377,-551.830688,299.999725,0.000000
121.420006,67.408356,-551.964111,-0.002078,-0.001163,-0.029538,299.847351,15.274952,-0.295377,-551.964111,299.999725,0.000000
121.430008,67.419907,-551.964111,-0.002070,-0.001163,-0.029538,299.898712,15.277569,-0.295377,-551.964111,299.999725,0.000000
121.440002,67.416183,-551.875183,-0.002061,-0.001163,-0.029538,299.882172,15.276726,-0.295377,-551.875183,299.999725,0.000000
121.450005,67.422516,-551.964111,-0.002057,-0.001163,-0.029538,299.910339,15.278161,-0.295377,-551.964111,299.999725,0.000000
121.460007,67.418411,-551.875183,-0.002035,-0.001163,-0.029538,299.892059,15.277230,-0.295377,-551.875183,299.999725,0.000000
121.470009,67.422516,-551.964111,-0.002052,-0.001163,-0.029538,299.910339,15.278161,-0.295377,-551.964111,299.999725,0.000000
121.480003,67.416931,-551.964111,-0.002048,-0.001163,-0.029538,299.885498,15.276896,-0.295377,-551.964111,299.999725,0.000000
121.490005,67.424744,-551.919617,-0.002065,-0.001163,-0.029538,299.920227,15.278665,-0.295377,-551.919617,299.999725,0.000000
121.500008,67.418045,-552.008606,-0.002070,-0.001163,-0.029538,299.890442,15.277148,-0.295377,-552.008606,299.999725,0.000000
121.510002,67.418045,-551.875183,-0.002078,-0.001163,-0.029538,299.890442,15.277148,-0.295377,-551.875183,299.999725,0.000000
121.520004,67.417664,-551.964111,-0.002070,-0.001163,-0.029538,299.888733,15.277061,-0.295377,-551.964111,299.999725,0.000000
121.530006,67.411713,-552.053101,-0.002065,-0.001163,-0.029538,299.862274,15.275713,-0.295377,-552.053101,299.999725,0.000000
121.540009,67.407608,-551.964111,-0.002057,-0.001163,-0.029538,299.844025,15.274782,-0.295377,-551.964111,299.999725,0.000000
121.550003,67.417297,-552.008606,-0.002143,-0.001163,-0.029538,299.887115,15.276978,-0.295377,-552.008606,299.999725,0.000000
121.560005,67.422516,-551.919617,-0.002164,-0.001163,-0.029538,299.910339,15.278161,-0.295377,-551.919617,299.999725,0.000000
121.570007,67.422134,-551.919617,-0.002160,-0.001163,-0.029538,299.908630,15.278074,-0.295377,-551.919617,299.999725,0.000000
121.580009,67.425491,-551.964111,-0.002160,-0.001163,-0.029538,299.923553,15.278834,-0.295377,-551.964111,299.999725,0.000000
121.590004,67.415436,-551.875183,-0.002164,-0.001163,-0.029538,299.878845,15.276556,-0.295377,-551.875183,299.999725,0.000000
121.600006,67.412827,-552.008606,-0.002121,-0.001163,-0.029538,299.867218,15.275965,-0.295377,-552.008606,299.999725,0.000000
121.610008,67.412827,-551.964111,-0.002087,-0.001163,-0.029538,299.867218,15.275965,-0.295377,-551.964111,299.999725,0.000000
121.620003,67.417297,-551.964111,-0.002091,-0.001163,-0.029538,299.887115,15.276978,-0.295377,-551.964111,299.999725,0.000000
121.630005,67.414322,-552.008606,-0.002134,-0.001163,-0.029538,299.873871,15.276303,-0.295377,-552.008606,299.999725,0.000000
121.640007,67.423248,-551.964111,-0.002070,-0.001163,-0.029538,299.913574,15.278326,-0.295377,-551.964111,299.999725,0.000000
121.650009,67.417664,-552.008606,-0.002048,-0.001163,-0.029538,299.888733,15.277061,-0.295377,-552.008606,299.999725,0.000000
121.660004,67.414322,-551.875183,-0.002091,-0.001163,-0.029538,299.873871,15.276303,-0.295377,-551.875183,299.999725,0.000000
121.670006,67.401657,-551.919617,-0.002117,-0.001163,-0.029538,299.817535,15.273434,-0.295377,-551.919617,299.999725,0.000000
121.680008,67.412460,-551.919617,-0.002156,-0.001163,-0.029538,299.865601,15.275883,-0.295377,-551.919617,299.999725,0.000000
121.690002,67.419525,-551.875183,-0.002173,-0.001163,-0.029538,299.897034,15.277483,-0.295377,-551.875183,299.999725,0.000000
121.700005,67.428101,-552.008606,-0.002143,-0.001163,-0.029538,299.935181,15.279426,-0.295377,-552.008606,299.999725,0.000000
121.710007,67.412079,-551.919617,-0.002143,-0.001163,-0.029538,299.863892,15.275795,-0.295377,-551.919617,299.999725,0.000000
121.720009,67.422134,-551.919617,-0.002095,-0.001163,-0.029538,299.908630,15.278074,-0.295377,-551.919617,299.999725,0.000000
121.730003,67.411713,-551.964111,-0.002143,-0.001163,-0.029538,299.862274,15.275713,-0.295377,-551.964111,299.999725,0.000000
121.740005,67.419907,-551.964111,-0.002108,-0.001163,-0.029538,299.898712,15.277569,-0.295377,-551.964111,299.999725,0.000000
121.750008,67.411331,-551.964111,-0.002121,-0.001163,-0.029538,299.860565,15.275625,-0.295377,-551.964111,299.999725,0.000000
121.760002,67.416550,-551.919617,-0.002057,-0.001163,-0.029538,299.883789,15.276809,-0.295377,-551.919617,299.999725,0.000000
121.770004,67.413208,-551.964111,-0.002082,-0.001163,-0.029538,299.868927,15.276051,-0.295377,-551.964111,299.999725,0.000000
121.780006,67.422134,-552.053101,-0.002070,-0.001163,-0.029538,299.908630,15.278074,-0.295377,-552.053101,299.999725,0.000000
121.790009,67.427353,-551.875183,-0.002052,-0.001163,-0.029538,299.931854,15.279257,-0.295377,-551.875183,299.999725,0.000000
121.800003,67.411713,-552.008606,-0.002065,-0.001163,-0.029538,299.862274,15.275713,-0.295377,-552.008606,299.999725,0.000000
121.810005,67.419525,-551.919617,-0.002117,-0.001163,-0.029538,299.897034,15.277483,-0.295377,-551.919617,299.999725,0.000000
121.820007,67.410965,-551.964111,-0.002126,-0.001163,-0.029538,299.858948,15.275543,-0.295377,-551.964111,299.999725,0.000000
121.830009,67.412827,-551.919617,-0.002143,-0.001163,-0.029538,299.867218,15.275965,-0.295377,-551.919617,299.999725,0.000000
121.840004,67.411713,-551.919617,-0.002186,-0.001163,-0.029538,299.862274,15.275713,-0.295377,-551.919617,299.999725,0.000000
121.850006,67.403885,-552.008606,-0.002139,-0.001163,-0.029538,299.827454,15.273939,-0.295377,-552.008606,299.999725,0.000000
121.860008,67.413940,-551.919617,-0.002130,-0.001163,-0.029538,299.872192,15.276217,-0.295377,-551.919617,299.999725,0.000000
121.870003,67.415070,-551.964111,-0.002134,-0.001163,-0.029538,299.877197,15.276473,-0.295377,-551.964111,299.999725,0.000000
121.880005,67.418793,-551.964111,-0.002169,-0.001163,-0.029538,299.893768,15.277317,-0.295377,-551.964111,299.999725,0.000000
121.890007,67.427719,-551.875183,-0.002143,-0.001163,-0.029538,299.933472,15.279340,-0.295377,-551.875183,299.999725,0.000000
121.900009,67.422882,-552.008606,-0.002177,-0.001163,-0.029538,299.911957,15.278244,-0.295377,-552.008606,299.999725,0.000000
121.910004,67.422134,-551.875183,-0.002173,-0.001163,-0.029538,299.908630,15.278074,-0.295377,-551.875183,299.999725,0.000000
121.920006,67.424377,-552.008606,-0.002134,-0.001163,-0.029538,299.918610,15.278583,-0.295377,-552.008606,299.999725,0.000000
121.930008,67.423996,-551.964111,-0.002113,-0.001163,-0.029538,299.916901,15.278496,-0.295377,-551.964111,299.999725,0.000000
121.940002,67.413574,-551.919617,-0.002108,-0.001163,-0.029538,299.870544,15.276134,-0.295377,-551.919617,299.999725,0.000000
121.950005,67.413574,-552.008606,-0.002061,-0.001163,-0.029538,299.870544,15.276134,-0.295377,-552.008606,299.999725,0.000000
121.960007,67.417664,-551.875183,-0.002113,-0.001163,-0.029538,299.888733,15.277061,-0.295377,-551.875183,299.999725,0.000000
121.970009,67.404266,-551.919617,-0.002104,-0.001163,-0.029538,299.829163,15.274025,-0.295377,-551.919617,299.999725,0.000000
121.980003,67.404633,-552.008606,-0.002082,-0.001163,-0.029538,299.830780,15.274109,-0.295377,-552.008606,299.999725,0.000000
121.990005,67.418793,-551.875183,-0.002078,-0.001163,-0.029538,299.893768,15.277317,-0.295377,-551.875183,299.999725,0.000000
122.000008,67.415070,-552.053101,-0.002074,-0.001163,-0.029538,299.877197,15.276473,-0.295377,-552.053101,299.999725,0.000000
122.010002,67.412827,-551.875183,-0.002108,-0.001163,-0.029538,299.867218,15.275965,-0.295377,-551.875183,299.999725,0.000000
122.020004,67.410965,-551.964111,-0.002100,-0.001163,-0.029538,299.858948,15.275543,-0.295377,-551.964111,299.999725,0.000000
122.030006,67.421387,-551.919617,-0.002070,-0.001163,-0.029538,299.905304,15.277905,-0.295377,-551.919617,299.999725,0.000000
122.040009,67.417664,-551.919617,-0.002039,-0.001163,-0.029538,299.888733,15.277061,-0.295377,-551.919617,299.999725,0.000000
122.050003,67.418793,-552.053101,-0.002052,-0.001163,-0.029538,299.893768,15.277317,-0.295377,-552.053101,299.999725,0.000000
122.060005,67.416183,-551.919617,-0.002061,-0.001163,-0.029538,299.882172,15.276726,-0.295377,-551.919617,299.999725,0.000000
122.070007,67.414322,-552.008606,-0.002061,-0.001163,-0.029538,299.873871,15.276303,-0.295377,-552.008606,299.999725,0.000000
122.080009,67.416183,-551.964111,-0.002104,-0.001163,-0.029538,299.882172,15.276726,-0.295377,-551.964111,299.999725,0.000000
122.090004,67.416550,-551.964111,-0.002134,-0.001163,-0.029538,299.883789,15.276809,-0.295377,-551.964111,299.999725,0.000000
122.100006,67.422134,-552.008606,-0.002130,-0.001163,-0.029538,299.908630,15.278074,-0.295377,-552.008606,299.999725,0.000000
122.110008,67.423996,-551.919617,-0.002108,-0.001163,-0.029538,299.916901,15.278496,-0.295377,-551.919617,299.999725,0.000000
122.120003,67.418045,-552.008606,-0.002113,-0.001163,-0.029538,299.890442,15.277148,-0.295377,-552.008606,299.999725,0.000000
122.130005,67.420654,-551.964111,-0.002151,-0.001163,-0.029538,299.902039,15.277739,-0.295377,-551.964111,299.999725,0.000000
122.140007,67.419907,-551.875183,-0.002151,-0.001163,-0.029538,299.898712,15.277569,-0.295377,-551.875183,299.999725,0.000000
122.150009,67.423248,-552.008606,-0.002151,-0.001163,-0.029538,299.913574,15.278326,-0.295377,-552.008606,299.999725,0.000000
122.160004,67.423996,-551.919617,-0.002169,-0.001163,-0.029538,299.916901,15.278496,-0.295377,-551.919617,299.999725,0.000000
122.170006,67.419159,-551.964111,-0.002156,-0.001163,-0.029538,299.895386,15.277400,-0.295377,-551.964111,299.999725,0.000000
122.180008,67.409470,-552.008606,-0.002139,-0.001163,-0.029538,299.852295,15.275205,-0.295377,-552.008606,299.999725,0.000000
122.190002,67.410217,-551.964111,-0.002121,-0.001163,-0.029538,299.855621,15.275374,-0.295377,-551.964111,299.999725,0.000000
122.200005,67.417664,-552.008606,-0.002126,-0.001163,-0.029538,299.888733,15.277061,-0.295377,-552.008606,299.999725,0.000000
122.210007,67.417664,-551.875183,-0.002126,-0.001163,-0.029538,299.888733,15.277061,-0.295377,-551.875183,299.999725,0.000000
122.220009,67.418045,-551.964111,-0.002039,-0.001163,-0.029538,299.890442,15.277148,-0.295377,-551.964111,299.999725,0.000000
122.230003,67.416550,-552.008606,-0.002065,-0.001163,-0.029538,299.883789,15.276809,-0.295377,-552.008606,299.999725,0.000000
122.240005,67.418411,-551.919617,-0.002035,-0.001163,-0.029538,299.892059,15.277230,-0.295377,-551.919617,299.999725,0.000000
122.250008,67.413940,-551.964111,-0.002048,-0.001163,-0.029538,299.872192,15.276217,-0.295377,-551.964111,299.999725,0.000000
122.260002,67.418045,-551.919617,-0.002070,-0.001163,-0.029538,299.890442,15.277148,-0.295377,-551.919617,299.999725,0.000000
122.270004,67.421021,-551.964111,-0.002074,-0.001163,-0.029538,299.903687,15.277822,-0.295377,-551.964111,299.999725,0.000000
122.280006,67.418793,-551.964111,-0.002091,-0.001163,-0.029538,299.893768,15.277317,-0.295377,-551.964111,299.999725,0.000000
122.290009,67.420654,-551.964111,-0.002104,-0.001163,-0.029538,299.902039,15.277739,-0.295377,-551.964111,299.999725,0.000000
122.300003,67.418411,-552.053101,-0.002139,-0.001163,-0.029538,299.892059,15.277230,-0.295377,-552.053101,299.999725,0.000000
122.310005,67.418411,-551.919617,-0.002169,-0.001163,-0.029538,299.892059,15.277230,-0.295377,-551.919617,299.999725,0.000000
122.320007,67.418045,-552.008606,-0.002113,-0.001163,-0.029538,299.890442,15.277148,-0.295377,-552.008606,299.999725,0.000000
122.330009,67.423630,-551.919617,-0.002108,-0.001163,-0.029538,299.915283,15.278414,-0.295377,-551.919617,299.999725,0.000000
122.340004,67.418045,-551.875183,-0.002078,-0.001163,-0.029538,299.890442,15.277148,-0.295377,-551.875183,299.999725,0.000000
122.350006,67.413574,-552.097534,-0.002082,-0.001163,-0.029538,299.870544,15.276134,-0.295377,-552.097534,299.999725,0.000000
122.360008,67.422882,-551.919617,-0.002074,-0.001163,-0.029538,299.911957,15.278244,-0.295377,-551.919617,299.999725,0.000000
122.370003,67.420273,-551.964111,-0.002039,-0.001163,-0.029538,299.900360,15.277652,-0.295377,-551.964111,299.999725,0.000000
122.380005,67.424744,-551.964111,-0.002057,-0.001163,-0.029538,299.920227,15.278665,-0.295377,-551.964111,299.999725,0.000000
122.390007,67.428101,-551.964111,-0.002026,-0.001163,-0.029538,299.935181,15.279426,-0.295377,-551.964111,299.999725,0.000000
122.400009,67.416550,-552.008606,-0.002039,-0.001163,-0.029538,299.883789,15.276809,-0.295377,-552.008606,299.999725,0.000000
122.410004,67.400543,-551.964111,-0.002039,-0.001163,-0.029538,299.812592,15.273182,-0.295377,-551.964111,299.999725,0.000000
122.420006,67.409851,-552.008606,-0.002026,-0.001163,-0.029538,299.854004,15.275290,-0.295377,-552.008606,299.999725,0.000000
122.430008,67.427353,-552.008606,-0.002087,-0.001163,-0.029538,299.931854,15.279257,-0.295377,-552.008606,299.999725,0.000000
122.440002,67.418045,-551.964111,-0.002130,-0.001163,-0.029538,299.890442,15.277148,-0.295377,-551.964111,299.999725,0.000000
122.450005,67.423630,-552.008606,-0.002121,-0.001163,-0.029538,299.915283,15.278414,-0.295377,-552.008606,299.999725,0.000000
122.460007,67.418793,-551.919617,-0.002160,-0.001163,-0.029538,299.893768,15.277317,-0.295377,-551.919617,299.999725,0.000000
122.470009,67.416931,-551.964111,-0.002164,-0.001163,-0.029538,299.885498,15.276896,-0.295377,-551.964111,299.999725,0.000000
122.480003,67.421768,-552.008606,-0.002147,-0.001163,-0.029538,299.907013,15.277991,-0.295377,-552.008606,299.999725,0.000000
122.490005,67.413574,-551.964111,-0.002104,-0.001163,-0.029538,299.870544,15.276134,-0.295377,-551.964111,299.999725,0.000000
122.500008,67.421387,-552.053101,-0.002065,-0.001163,-0.029538,299.905304,15.277905,-0.295377,-552.053101,299.999725,0.000000
122.510002,67.419907,-551.964111,-0.002048,-0.001163,-0.029538,299.898712,15.277569,-0.295377,-551.964111,299.999725,0.000000
122.520004,67.420273,-552.008606,-0.002074,-0.001163,-0.029538,299.900360,15.277652,-0.295377,-552.008606,299.999725,0.000000
122.530006,67.419525,-551.964111,-0.002031,-0.001163,-0.029538,299.897034,15.277483,-0.295377,-551.964111,299.999725,0.000000
122.540009,67.419159,-551.919617,-0.002022,-0.001163,-0.029538,299.895386,15.277400,-0.295377,-551.919617,299.999725,0.000000
122.550003,67.415436,-552.008606,-0.002078,-0.001163,-0.029538,299.878845,15.276556,-0.295377,-552.008606,299.999725,0.000000
122.560005,67.418045,-551.964111,-0.002052,-0.001163,-0.029538,299.890442,15.277148,-0.295377,-551.964111,299.999725,0.000000
122.570007,67.421021,-551.964111,-0.002031,-0.001163,-0.029538,299.903687,15.277822,-0.295377,-551.964111,299.999725,0.000000
122.580009,67.420654,-552.008606,-0.002091,-0.001163,-0.029538,299.902039,15.277739,-0.295377,-552.008606,299.999725,0.000000
122.590004,67.417664,-551.964111,-0.002095,-0.001163,-0.029538,299.888733,15.277061,-0.295377,-551.964111,299.999725,0.000000
122.600006,67.411331,-552.008606,-0.002147,-0.001163,-0.029538,299.860565,15.275625,-0.295377,-552.008606,299.999725,0.000000
122.610008,67.417297,-551.919617,-0.002130,-0.001163,-0.029538,299.887115,15.276978,-0.295377,-551.919617,299.999725,0.000000
122.620003,67.422882,-552.008606,-0.002147,-0.001163,-0.029538,299.911957,15.278244,-0.295377,-552.008606,299.999725,0.000000
122.630005,67.421387,-551.964111,-0.002130,-0.001163,-0.029538,299.905304,15.277905,-0.295377,-551.964111,299.999725,0.000000
122.640007,67.422882,-551.919617,-0.002061,-0.001163,-0.029538,299.911957,15.278244,-0.295377,-551.919617,299.999725,0.000000
122.650009,67.420273,-552.008606,-0.002044,-0.001163,-0.029538,299.900360,15.277652,-0.295377,-552.008606,299.999725,0.000000
122.660004,67.422134,-551.964111,-0.002061,-0.001163,-0.029538,299.908630,15.278074,-0.295377,-551.964111,299.999725,0.000000
122.670006,67.425110,-552.008606,-0.002022,-0.001163,-0.029538,299.921875,15.278749,-0.295377,-552.008606,299.999725,0.000000
122.680008,67.421387,-551.964111,-0.002048,-0.001163,-0.029538,299.905304,15.277905,-0.295377,-551.964111,299.999725,0.000000
122.690002,67.421768,-551.875183,-0.002026,-0.001163,-0.029538,299.907013,15.277991,-0.295377,-551.875183,299.999725,0.000000
122.700005,67.418793,-552.097534,-0.002057,-0.001163,-0.029538,299.893768,15.277317,-0.295377,-552.097534,299.999725,0.000000
122.710007,67.422516,-551.964111,-0.002048,-0.001163,-0.029538,299.910339,15.278161,-0.295377,-551.964111,299.999725,0.000000
122.720009,67.426971,-552.053101,-0.002100,-0.001163,-0.029538,299.930145,15.279170,-0.295377,-552.053101,299.999725,0.000000
122.730003,67.431442,-552.008606,-0.002095,-0.001163,-0.029538,299.950043,15.280183,-0.295377,-552.008606,299.999725,0.000000
122.740005,67.424377,-551.875183,-0.002151,-0.001163,-0.029538,299.918610,15.278583,-0.295377,-551.875183,299.999725,0.000000
122.750008,67.415436,-552.053101,-0.002160,-0.001163,-0.029538,299.878845,15.276556,-0.295377,-552.053101,299.999725,0.000000
122.760002,67.422134,-551.964111,-0.002134,-0.001163,-0.029538,299.908630,15.278074,-0.295377,-551.964111,299.999725,0.000000
122.770004,67.409851,-552.053101,-0.002074,-0.001163,-0.029538,299.854004,15.275290,-0.295377,-552.053101,299.999725,0.000000
122.780006,67.417297,-552.008606,-0.002070,-0.001163,-0.029538,299.887115,15.276978,-0.295377,-552.008606,299.999725,0.000000
122.790009,67.419159,-551.964111,-0.002039,-0.001163,-0.029538,299.895386,15.277400,-0.295377,-551.964111,299.999725,0.000000
122.800003,67.421387,-552.008606,-0.002070,-0.001163,-0.029538,299.905304,15.277905,-0.295377,-552.008606,299.999725,0.000000
122.810005,67.415436,-551.964111,-0.002039,-0.001163,-0.029538,299.878845,15.276556,-0.295377,-551.964111,299.999725,0.000000
122.820007,67.416550,-552.008606,-0.002035,-0.001163,-0.029538,299.883789,15.276809,-0.295377,-552.008606,299.999725,0.000000
122.830009,67.420654,-552.008606,-0.002052,-0.001163,-0.029538,299.902039,15.277739,-0.295377,-552.008606,299.999725,0.000000
122.840004,67.427353,-551.919617,-0.002074,-0.001163,-0.029538,299.931854,15.279257,-0.295377,-551.919617,299.999725,0.000000
122.850006,67.421768,-552.053101,-0.002121,-0.001163,-0.029538,299.907013,15.277991,-0.295377,-552.053101,299.999725,0.000000
122.860008,67.418411,-551.964111,-0.002139,-0.001163,-0.029538,299.892059,15.277230,-0.295377,-551.964111,299.999725,0.000000
122.870003,67.422516,-552.008606,-0.002134,-0.001163,-0.029538,299.910339,15.278161,-0.295377,-552.008606,299.999725,0.000000
122.880005,67.428101,-551.964111,-0.002151,-0.001163,-0.029538,299.935181,15.279426,-0.295377,-551.964111,299.999725,0.000000
122.890007,67.420273,-551.964111,-0.002160,-0.001163,-0.029538,299.900360,15.277652,-0.295377,-551.964111,299.999725,0.000000
122.900009,67.419525,-552.053101,-0.002182,-0.001163,-0.029538,299.897034,15.277483,-0.295377,-552.053101,299.999725,0.000000
122.910004,67.421387,-551.964111,-0.002143,-0.001163,-0.029538,299.905304,15.277905,-0.295377,-551.964111,299.999725,0.000000
122.920006,67.423630,-552.008606,-0.002156,-0.001163,-0.029538,299.915283,15.278414,-0.295377,-552.008606,299.999725,0.000000
122.930008,67.431076,-552.008606,-0.002151,-0.001163,-0.029538,299.948395,15.280100,-0.295377,-552.008606,299.999725,0.000000
122.940002,67.428833,-551.964111,-0.002134,-0.001163,-0.029538,299.938416,15.279592,-0.295377,-551.964111,299.999725,0.000000
122.950005,67.416550,-552.008606,-0.002126,-0.001163,-0.029538,299.883789,15.276809,-0.295377,-552.008606,299.999725,0.000000
122.960007,67.419907,-552.008606,-0.002095,-0.001163,-0.029538,299.898712,15.277569,-0.295377,-552.008606,299.999725,0.000000
122.970009,67.412460,-552.008606,-0.002082,-0.001163,-0.029538,299.865601,15.275883,-0.295377,-552.008606,299.999725,0.000000
122.980003,67.414322,-552.008606,-0.002095,-0.001163,-0.029538,299.873871,15.276303,-0.295377,-552.008606,299.999725,0.000000
122.990005,67.418793,-551.919617,-0.002082,-0.001163,-0.029538,299.893768,15.277317,-0.295377,-551.919617,299.999725,0.000000
123.000008,67.415436,-552.053101,-0.002108,-0.001163,-0.029538,299.878845,15.276556,-0.295377,-552.053101,299.999725,0.000000
123.010002,67.421021,-551.919617,-0.002031,-0.001163,-0.029538,299.903687,15.277822,-0.295377,-551.919617,299.999725,0.000000
123.020004,67.421021,-552.008606,-0.002057,-0.001163,-0.029538,299.903687,15.277822,-0.295377,-552.008606,299.999725,0.000000
123.030006,67.416931,-552.008606,-0.002031,-0.001163,-0.029538,299.885498,15.276896,-0.295377,-552.008606,299.999725,0.000000
123.040009,67.416183,-551.919617,-0.002052,-0.001163,-0.029538,299.882172,15.276726,-0.295377,-551.919617,299.999725,0.000000
123.050003,67.421768,-552.008606,-0.002035,-0.001163,-0.029538,299.907013,15.277991,-0.295377,-552.008606,299.999725,0.000000
123.060005,67.422882,-551.919617,-0.002048,-0.001163,-0.029538,299.911957,15.278244,-0.295377,-551.919617,299.999725,0.000000
123.070007,67.421387,-551.964111,-0.002048,-0.001163,-0.029538,299.905304,15.277905,-0.295377,-551.964111,299.999725,0.000000
123.080009,67.425858,-551.964111,-0.002052,-0.001163,-0.029538,299.925201,15.278917,-0.295377,-551.964111,299.999725,0.000000
123.090004,67.427719,-551.964111,-0.002087,-0.001163,-0.029538,299.933472,15.279340,-0.295377,-551.964111,299.999725,0.000000
123.100006,67.410217,-552.053101,-0.002039,-0.001163,-0.029538,299.855621,15.275374,-0.295377,-552.053101,299.999725,0.000000
123.110008,67.414688,-551.875183,-0.002070,-0.001163,-0.029538,299.875519,15.276387,-0.295377,-551.875183,299.999725,0.000000
123.120003,67.415436,-551.964111,-0.002052,-0.001163,-0.029538,299.878845,15.276556,-0.295377,-551.964111,299.999725,0.000000
123.130005,67.431442,-551.964111,-0.002078,-0.001163,-0.029538,299.950043,15.280183,-0.295377,-551.964111,299.999725,0.000000
123.140007,67.416183,-552.008606,-0.002095,-0.001163,-0.029538,299.882172,15.276726,-0.295377,-552.008606,299.999725,0.000000
123.150009,67.405746,-552.053101,-0.002095,-0.001163,-0.029538,299.835724,15.274361,-0.295377,-552.053101,299.999725,0.000000
123.160004,67.418045,-551.964111,-0.002070,-0.001163,-0.029538,299.890442,15.277148,-0.295377,-551.964111,299.999725,0.000000
123.170006,67.419907,-552.053101,-0.002070,-0.001163,-0.029538,299.898712,15.277569,-0.295377,-552.053101,299.999725,0.000000
123.180008,67.429581,-552.008606,-0.002078,-0.001163,-0.029538,299.941742,15.279761,-0.295377,-552.008606,299.999725,0.000000
123.190002,67.425858,-551.919617,-0.002048,-0.001163,-0.029538,299.925201,15.278917,-0.295377,-551.919617,299.999725,0.000000
123.200005,67.417297,-552.008606,-0.002087,-0.001163,-0.029538,299.887115,15.276978,-0.295377,-552.008606,299.999725,0.000000
123.210007,67.413208,-551.875183,-0.002044,-0.001163,-0.029538,299.868927,15.276051,-0.295377,-551.875183,299.999725,0.000000
123.220009,67.418793,-552.008606,-0.002091,-0.001163,-0.029538,299.893768,15.277317,-0.295377,-552.008606,299.999725,0.000000
123.230003,67.417297,-552.053101,-0.002121,-0.001163,-0.029538,299.887115,15.276978,-0.295377,-552.053101,299.999725,0.000000
123.240005,67.416183,-552.008606,-0.002121,-0.001163,-0.029538,299.882172,15.276726,-0.295377,-552.008606,299.999725,0.000000
123.250008,67.420273,-552.097534,-0.002182,-0.001163,-0.029538,299.900360,15.277652,-0.295377,-552.097534,299.999725,0.000000
123.260002,67.424744,-551.919617,-0.002169,-0.001163,-0.029538,299.920227,15.278665,-0.295377,-551.919617,299.999725,0.000000
123.270004,67.432190,-552.053101,-0.002160,-0.001163,-0.029538,299.953369,15.280353,-0.295377,-552.053101,299.999725,0.000000
123.280006,67.416931,-552.008606,-0.002164,-0.001163,-0.029538,299.885498,15.276896,-0.295377,-552.008606,299.999725,0.000000
123.290009,67.422134,-551.964111,-0.002147,-0.001163,-0.029538,299.908630,15.278074,-0.295377,-551.964111,299.999725,0.000000
123.300003,67.416183,-552.097534,-0.002117,-0.001163,-0.029538,299.882172,15.276726,-0.295377,-552.097534,299.999725,0.000000
123.310005,67.421021,-551.919617,-0.002164,-0.001163,-0.029538,299.903687,15.277822,-0.295377,-551.919617,299.999725,0.000000
123.320007,67.426971,-552.008606,-0.002177,-0.001163,-0.029538,299.930145,15.279170,-0.295377,-552.008606,299.999725,0.000000
123.330009,67.419907,-552.008606,-0.002151,-0.001163,-0.029538,299.898712,15.277569,-0.295377,-552.008606,299.999725,0.000000
123.340004,67.421768,-551.919617,-0.002147,-0.001163,-0.029538,299.907013,15.277991,-0.295377,-551.919617,299.999725,0.000000
123.350006,67.420654,-552.053101,-0.002139,-0.001163,-0.029538,299.902039,15.277739,-0.295377,-552.053101,299.999725,0.000000
123.360008,67.422516,-551.919617,-0.002151,-0.001163,-0.029538,299.910339,15.278161,-0.295377,-551.919617,299.999725,0.000000
123.370003,67.423996,-552.053101,-0.002104,-0.001163,-0.029538,299.916901,15.278496,-0.295377,-552.053101,299.999725,0.000000
123.380005,67.408737,-552.008606,-0.002104,-0.001163,-0.029538,299.849030,15.275038,-0.295377,-552.008606,299.999725,0.000000
123.390007,67.415802,-551.964111,-0.002095,-0.001163,-0.029538,299.880463,15.276640,-0.295377,-551.964111,299.999725,0.000000
123.400009,67.427719,-552.097534,-0.002095,-0.001163,-0.029538,299.933472,15.279340,-0.295377,-552.097534,299.999725,0.000000
123.410004,67.426971,-551.964111,-0.002070,-0.001163,-0.029538,299.930145,15.279170,-0.295377,-551.964111,299.999725,0.000000
123.420006,67.421768,-552.008606,-0.002057,-0.001163,-0.029538,299.907013,15.277991,-0.295377,-552.008606,299.999725,0.000000
123.430008,67.423248,-552.008606,-0.002126,-0.001163,-0.029538,299.913574,15.278326,-0.295377,-552.008606,299.999725,0.000000
123.440002,67.426239,-551.875183,-0.002134,-0.001163,-0.029538,299.926880,15.279004,-0.295377,-551.875183,299.999725,0.000000
123.450005,67.420654,-552.142029,-0.002143,-0.001163,-0.029538,299.902039,15.277739,-0.295377,-552.142029,299.999725,0.000000
123.460007,67.416550,-551.919617,-0.002126,-0.001163,-0.029538,299.883789,15.276809,-0.295377,-551.919617,299.999725,0.000000
123.470009,67.417664,-551.964111,-0.002095,-0.001163,-0.029538,299.888733,15.277061,-0.295377,-551.964111,299.999725,0.000000
123.480003,67.417664,-552.008606,-0.002091,-0.001163,-0.029538,299.888733,15.277061,-0.295377,-552.008606,299.999725,0.000000
123.490005,67.415070,-551.964111,-0.002061,-0.001163,-0.029538,299.877197,15.276473,-0.295377,-551.964111,299.999725,0.000000
123.500008,67.413208,-552.008606,-0.002061,-0.001163,-0.029538,299.868927,15.276051,-0.295377,-552.008606,299.999725,0.000000
123.510002,67.422134,-551.964111,-0.002057,-0.001163,-0.029538,299.908630,15.278074,-0.295377,-551.964111,299.999725,0.000000
123.520004,67.423630,-552.053101,-0.002048,-0.001163,-0.029538,299.915283,15.278414,-0.295377,-552.053101,299.999725,0.000000
123.530006,67.420654,-552.053101,-0.002065,-0.001163,-0.029538,299.902039,15.277739,-0.295377,-552.053101,299.999725,0.000000
123.540009,67.418045,-552.008606,-0.002074,-0.001163,-0.029538,299.890442,15.277148,-0.295377,-552.008606,299.999725,0.000000
123.550003,67.418793,-552.097534,-0.002061,-0.001163,-0.029538,299.893768,15.277317,-0.295377,-552.097534,299.999725,0.000000
123.560005,67.422516,-551.919617,-0.002095,-0.001163,-0.029538,299.910339,15.278161,-0.295377,-551.919617,299.999725,0.000000
123.570007,67.410217,-552.008606,-0.002052,-0.001163,-0.029538,299.855621,15.275374,-0.295377,-552.008606,299.999725,0.000000
123.580009,67.419525,-552.008606,-0.002065,-0.001163,-0.029538,299.897034,15.277483,-0.295377,-552.008606,299.999725,0.000000
123.590004,67.417664,-551.964111,-0.002134,-0.001163,-0.029538,299.888733,15.277061,-0.295377,-551.964111,299.999725,0.000000
123.600006,67.421768,-552.097534,-0.002143,-0.001163,-0.029538,299.907013,15.277991,-0.295377,-552.097534,299.999725,0.000000
123.610008,67.426605,-551.964111,-0.002164,-0.001163,-0.029538,299.928528,15.279087,-0.295377,-551.964111,299.999725,0.000000
123.620003,67.424744,-552.008606,-0.002147,-0.001163,-0.029538,299.920227,15.278665,-0.295377,-552.008606,299.999725,0.000000
123.630005,67.416931,-552.053101,-0.002130,-0.001163,-0.029538,299.885498,15.276896,-0.295377,-552.053101,299.999725,0.000000
123.640007,67.414322,-551.964111,-0.002139,-0.001163,-0.029538,299.873871,15.276303,-0.295377,-551.964111,299.999725,0.000000
123.650009,67.411331,-552.097534,-0.002139,-0.001163,-0.029538,299.860565,15.275625,-0.295377,-552.097534,299.999725,0.000000
123.660004,67.421021,-551.919617,-0.002156,-0.001163,-0.029538,299.903687,15.277822,-0.295377,-551.919617,299.999725,0.000000
123.670006,67.423996,-552.053101,-0.002151,-0.001163,-0.029538,299.916901,15.278496,-0.295377,-552.053101,299.999725,0.000000
123.680008,67.420654,-551.964111,-0.002130,-0.001163,-0.029538,299.902039,15.277739,-0.295377,-551.964111,299.999725,0.000000
123.690002,67.416550,-551.964111,-0.002113,-0.001163,-0.029538,299.883789,15.276809,-0.295377,-551.964111,299.999725,0.000000
123.700005,67.410965,-552.097534,-0.002078,-0.001163,-0.029538,299.858948,15.275543,-0.295377,-552.097534,299.999725,0.000000
123.710007,67.416183,-551.964111,-0.002057,-0.001163,-0.029538,299.882172,15.276726,-0.295377,-551.964111,299.999725,0.000000
123.720009,67.412079,-552.053101,-0.002039,-0.001163,-0.029538,299.863892,15.275795,-0.295377,-552.053101,299.999725,0.000000
123.730003,67.423248,-552.053101,-0.002100,-0.001163,-0.029538,299.913574,15.278326,-0.295377,-552.053101,299.999725,0.000000
123.740005,67.419907,-551.964111,-0.002147,-0.001163,-0.029538,299.898712,15.277569,-0.295377,-551.964111,299.999725,0.000000
123.750008,67.420273,-552.097534,-0.002147,-0.001163,-0.029538,299.900360,15.277652,-0.295377,-552.097534,299.999725,0.000000
123.760002,67.414688,-551.964111,-0.002126,-0.001163,-0.029538,299.875519,15.276387,-0.295377,-551.964111,299.999725,0.000000
123.770004,67.412460,-552.097534,-0.002164,-0.001163,-0.029538,299.865601,15.275883,-0.295377,-552.097534,299.999725,0.000000
123.780006,67.419525,-551.964111,-0.002169,-0.001163,-0.029538,299.897034,15.277483,-0.295377,-551.964111,299.999725,0.000000
123.790009,67.419907,-552.008606,-0.002126,-0.001163,-0.029538,299.898712,15.277569,-0.295377,-552.008606,299.999725,0.000000
123.800003,67.419907,-552.097534,-0.002139,-0.001163,-0.029538,299.898712,15.277569,-0.295377,-552.097534,299.999725,0.000000
123.810005,67.418045,-552.008606,-0.002130,-0.001163,-0.029538,299.890442,15.277148,-0.295377,-552.008606,299.999725,0.000000
123.820007,67.420654,-552.097534,-0.002100,-0.001163,-0.029538,299.902039,15.277739,-0.295377,-552.097534,299.999725,0.000000
123.830009,67.417664,-552.008606,-0.002126,-0.001163,-0.029538,299.888733,15.277061,-0.295377,-552.008606,299.999725,0.000000
123.840004,67.403885,-551.964111,-0.002091,-0.001163,-0.029538,299.827454,15.273939,-0.295377,-551.964111,299.999725,0.000000
123.850006,67.413574,-552.097534,-0.002104,-0.001163,-0.029538,299.870544,15.276134,-0.295377,-552.097534,299.999725,0.000000
123.860008,67.421387,-551.919617,-0.002108,-0.001163,-0.029538,299.905304,15.277905,-0.295377,-551.919617,299.999725,0.000000
123.870003,67.416183,-552.053101,-0.002095,-0.001163,-0.029538,299.882172,15.276726,-0.295377,-552.053101,299.999725,0.000000
123.880005,67.424377,-552.008606,-0.002130,-0.001163,-0.029538,299.918610,15.278583,-0.295377,-552.008606,299.999725,0.000000
123.890007,67.418793,-551.875183,-0.002074,-0.001163,-0.029538,299.893768,15.277317,-0.295377,-551.875183,299.999725,0.000000
123.900009,67.420273,-552.053101,-0.002078,-0.001163,-0.029538,299.900360,15.277652,-0.295377,-552.053101,299.999725,0.000000
123.910004,67.412827,-551.964111,-0.002104,-0.001163,-0.029538,299.867218,15.275965,-0.295377,-551.964111,299.999725,0.000000
123.920006,67.412460,-552.053101,-0.002121,-0.001163,-0.029538,299.865601,15.275883,-0.295377,-552.053101,299.999725,0.000000
123.930008,67.422882,-551.964111,-0.002147,-0.001163,-0.029538,299.911957,15.278244,-0.295377,-551.964111,299.999725,0.000000
123.940002,67.424377,-551.964111,-0.002065,-0.001163,-0.029538,299.918610,15.278583,-0.295377,-551.964111,299.999725,0.000000
123.950005,67.419159,-552.053101,-0.002048,-0.001163,-0.029538,299.895386,15.277400,-0.295377,-552.053101,299.999725,0.000000
123.960007,67.420273,-551.964111,-0.002078,-0.001163,-0.029538,299.900360,15.277652,-0.295377,-551.964111,299.999725,0.000000
123.970009,67.420654,-552.053101,-0.002095,-0.001163,-0.029538,299.902039,15.277739,-0.295377,-552.053101,299.999725,0.000000
123.980003,67.415070,-551.964111,-0.002156,-0.001163,-0.029538,299.877197,15.276473,-0.295377,-551.964111,299.999725,0.000000
123.990005,67.411331,-551.964111,-0.002160,-0.001163,-0.029538,299.860565,15.275625,-0.295377,-551.964111,299.999725,0.000000
124.000008,67.414688,-552.097534,-0.002147,-0.001163,-0.029538,299.875519,15.276387,-0.295377,-552.097534,299.999725,0.000000
124.010002,67.427719,-552.008606,-0.002156,-0.001163,-0.029538,299.933472,15.279340,-0.295377,-552.008606,299.999725,0.000000
124.020004,67.411331,-552.008606,-0.002143,-0.001163,-0.029538,299.860565,15.275625,-0.295377,-552.008606,299.999725,0.000000
124.030006,67.417297,-552.053101,-0.002164,-0.001163,-0.029538,299.887115,15.276978,-0.295377,-552.053101,299.999725,0.000000
124.040009,67.419525,-552.008606,-0.002082,-0.001163,-0.029538,299.897034,15.277483,-0.295377,-552.008606,299.999725,0.000000
124.050003,67.418793,-552.097534,-0.002070,-0.001163,-0.029538,299.893768,15.277317,-0.295377,-552.097534,299.999725,0.000000
124.060005,67.407990,-551.964111,-0.002074,-0.001163,-0.029538,299.845703,15.274869,-0.295377,-551.964111,299.999725,0.000000
124.070007,67.409851,-552.053101,-0.002052,-0.001163,-0.029538,299.854004,15.275290,-0.295377,-552.053101,299.999725,0.000000
124.080009,67.409470,-552.008606,-0.002057,-0.001163,-0.029538,299.852295,15.275205,-0.295377,-552.008606,299.999725,0.000000
124.090004,67.417664,-551.919617,-0.002044,-0.001163,-0.029538,299.888733,15.277061,-0.295377,-551.919617,299.999725,0.000000
124.100006,67.417664,-552.097534,-0.002091,-0.001163,-0.029538,299.888733,15.277061,-0.295377,-552.097534,299.999725,0.000000
124.110008,67.420654,-552.008606,-0.002108,-0.001163,-0.029538,299.902039,15.277739,-0.295377,-552.008606,299.999725,0.000000
124.120003,67.410217,-552.053101,-0.002126,-0.001163,-0.029538,299.855621,15.275374,-0.295377,-552.053101,299.999725,0.000000
124.130005,67.412827,-552.053101,-0.002156,-0.001163,-0.029538,299.867218,15.275965,-0.295377,-552.053101,299.999725,0.000000
124.140007,67.417664,-551.919617,-0.002151,-0.001163,-0.029538,299.888733,15.277061,-0.295377,-551.919617,299.999725,0.000000
124.150009,67.412827,-552.053101,-0.002169,-0.001163,-0.029538,299.867218,15.275965,-0.295377,-552.053101,299.999725,0.000000
124.160004,67.421021,-551.964111,-0.002156,-0.001163,-0.029538,299.903687,15.277822,-0.295377,-551.964111,299.999725,0.000000
124.170006,67.425491,-552.053101,-0.002156,-0.001163,-0.029538,299.923553,15.278834,-0.295377,-552.053101,299.999725,0.000000
124.180008,67.417297,-552.053101,-0.002173,-0.001163,-0.029538,299.887115,15.276978,-0.295377,-552.053101,299.999725,0.000000
124.190002,67.416550,-551.964111,-0.002134,-0.001163,-0.029538,299.883789,15.276809,-0.295377,-551.964111,299.999725,0.000000
124.200005,67.417664,-552.097534,-0.002139,-0.001163,-0.029538,299.888733,15.277061,-0.295377,-552.097534,299.999725,0.000000
124.210007,67.419907,-551.964111,-0.002151,-0.001163,-0.029538,299.898712,15.277569,-0.295377,-551.964111,299.999725,0.000000
124.220009,67.416183,-552.053101,-0.002065,-0.001163,-0.029538,299.882172,15.276726,-0.295377,-552.053101,299.999725,0.000000
124.230003,67.419907,-552.008606,-0.002035,-0.001163,-0.029538,299.898712,15.277569,-0.295377,-552.008606,299.999725,0.000000
124.240005,67.422516,-552.008606,-0.002044,-0.001163,-0.029538,299.910339,15.278161,-0.295377,-552.008606,299.999725,0.000000
124.250008,67.420654,-552.097534,-0.002117,-0.001163,-0.029538,299.902039,15.277739,-0.295377,-552.097534,299.999725,0.000000
124.260002,67.420273,-552.008606,-0.002173,-0.001163,-0.029538,299.900360,15.277652,-0.295377,-552.008606,299.999725,0.000000
124.270004,67.418045,-552.142029,-0.002156,-0.001163,-0.029538,299.890442,15.277148,-0.295377,-552.142029,299.999725,0.000000
124.280006,67.415070,-551.964111,-0.002195,-0.001163,-0.029538,299.877197,15.276473,-0.295377,-551.964111,299.999725,0.000000
124.290009,67.419907,-552.053101,-0.002117,-0.001163,-0.029538,299.898712,15.277569,-0.295377,-552.053101,299.999725,0.000000
124.300003,67.422882,-552.053101,-0.002160,-0.001163,-0.029538,299.911957,15.278244,-0.295377,-552.053101,299.999725,0.000000
124.310005,67.420654,-552.008606,-0.002113,-0.001163,-0.029538,299.902039,15.277739,-0.295377,-552.008606,299.999725,0.000000
124.320007,67.413208,-552.008606,-0.002139,-0.001163,-0.029538,299.868927,15.276051,-0.295377,-552.008606,299.999725,0.000000
124.330009,67.422134,-552.097534,-0.002139,-0.001163,-0.029538,299.908630,15.278074,-0.295377,-552.097534,299.999725,0.000000
124.340004,67.421768,-551.964111,-0.002143,-0.001163,-0.029538,299.907013,15.277991,-0.295377,-551.964111,299.999725,0.000000
124.350006,67.411713,-552.097534,-0.002160,-0.001163,-0.029538,299.862274,15.275713,-0.295377,-552.097534,299.999725,0.000000
124.360008,67.414688,-551.919617,-0.002134,-0.001163,-0.029538,299.875519,15.276387,-0.295377,-551.919617,299.999725,0.000000
124.370003,67.411713,-552.097534,-0.002139,-0.001163,-0.029538,299.862274,15.275713,-0.295377,-552.097534,299.999725,0.000000
124.380005,67.416550,-552.008606,-0.002117,-0.001163,-0.029538,299.883789,15.276809,-0.295377,-552.008606,299.999725,0.000000
124.390007,67.416183,-551.964111,-0.002091,-0.001163,-0.029538,299.882172,15.276726,-0.295377,-551.964111,299.999725,0.000000
124.400009,67.419159,-552.097534,-0.002104,-0.001163,-0.029538,299.895386,15.277400,-0.295377,-552.097534,299.999725,0.000000
124.410004,67.432190,-551.964111,-0.002061,-0.001163,-0.029538,299.953369,15.280353,-0.295377,-551.964111,299.999725,0.000000
124.420006,67.420273,-552.053101,-0.002061,-0.001163,-0.029538,299.900360,15.277652,-0.295377,-552.053101,299.999725,0.000000
124.430008,67.412460,-552.053101,-0.002087,-0.001163,-0.029538,299.865601,15.275883,-0.295377,-552.053101,299.999725,0.000000
124.440002,67.413574,-552.008606,-0.002070,-0.001163,-0.029538,299.870544,15.276134,-0.295377,-552.008606,299.999725,0.000000
124.450005,67.410217,-552.097534,-0.002095,-0.001163,-0.029538,299.855621,15.275374,-0.295377,-552.097534,299.999725,0.000000
124.460007,67.424744,-551.964111,-0.002134,-0.001163,-0.029538,299.920227,15.278665,-0.295377,-551.964111,299.999725,0.000000
124.470009,67.423248,-552.053101,-0.002160,-0.001163,-0.029538,299.913574,15.278326,-0.295377,-552.053101,299.999725,0.000000
124.480003,67.415802,-552.008606,-0.002130,-0.001163,-0.029538,299.880463,15.276640,-0.295377,-552.008606,299.999725,0.000000
124.490005,67.423630,-552.008606,-0.002052,-0.001163,-0.029538,299.915283,15.278414,-0.295377,-552.008606,299.999725,0.000000
124.500008,67.425491,-552.097534,-0.002031,-0.001163,-0.029538,299.923553,15.278834,-0.295377,-552.097534,299.999725,0.000000
124.510002,67.436295,-552.008606,-0.002052,-0.001163,-0.029538,299.971619,15.281283,-0.295377,-552.008606,299.999725,0.000000
124.520004,67.417297,-552.097534,-0.002031,-0.001163,-0.029538,299.887115,15.276978,-0.295377,-552.097534,299.999725,0.000000
124.530006,67.407990,-552.053101,-0.002057,-0.001163,-0.029538,299.845703,15.274869,-0.295377,-552.053101,299.999725,0.000000
124.540009,67.414322,-552.053101,-0.002113,-0.001163,-0.029538,299.873871,15.276303,-0.295377,-552.053101,299.999725,0.000000
124.550003,67.419525,-552.142029,-0.002087,-0.001163,-0.029538,299.897034,15.277483,-0.295377,-552.142029,299.999725,0.000000
124.560005,67.417297,-552.008606,-0.002095,-0.001163,-0.029538,299.887115,15.276978,-0.295377,-552.008606,299.999725,0.000000
124.570007,67.414322,-552.008606,-0.002117,-0.001163,-0.029538,299.873871,15.276303,-0.295377,-552.008606,299.999725,0.000000
124.580009,67.434433,-551.964111,-0.002143,-0.001163,-0.029538,299.963348,15.280861,-0.295377,-551.964111,299.999725,0.000000
124.590004,67.423248,-551.964111,-0.002147,-0.001163,-0.029538,299.913574,15.278326,-0.295377,-551.964111,299.999725,0.000000
124.600006,67.416550,-552.097534,-0.002156,-0.001163,-0.029538,299.883789,15.276809,-0.295377,-552.097534,299.999725,0.000000
124.610008,67.407242,-551.964111,-0.002169,-0.001163,-0.029538,299.842377,15.274699,-0.295377,-551.964111,299.999725,0.000000
124.620003,67.420654,-552.008606,-0.002186,-0.001163,-0.029538,299.902039,15.277739,-0.295377,-552.008606,299.999725,0.000000
124.630005,67.411713,-552.097534,-0.002147,-0.001163,-0.029538,299.862274,15.275713,-0.295377,-552.097534,299.999725,0.000000
124.640007,67.415802,-552.008606,-0.002078,-0.001163,-0.029538,299.880463,15.276640,-0.295377,-552.008606,299.999725,0.000000
124.650009,67.420654,-552.097534,-0.002065,-0.001163,-0.029538,299.902039,15.277739,-0.295377,-552.097534,299.999725,0.000000
124.660004,67.421387,-551.964111,-0.002082,-0.001163,-0.029538,299.905304,15.277905,-0.295377,-551.964111,299.999725,0.000000
124.670006,67.417297,-552.053101,-0.002147,-0.001163,-0.029538,299.887115,15.276978,-0.295377,-552.053101,299.999725,0.000000
124.680008,67.419907,-552.008606,-0.002177,-0.001163,-0.029538,299.898712,15.277569,-0.295377,-552.008606,299.999725,0.000000
124.690002,67.424744,-552.008606,-0.002156,-0.001163,-0.029538,299.920227,15.278665,-0.295377,-552.008606,299.999725,0.000000
124.700005,67.415802,-552.097534,-0.002151,-0.001163,-0.029538,299.880463,15.276640,-0.295377,-552.097534,299.999725,0.000000
124.710007,67.423630,-552.053101,-0.002164,-0.001163,-0.029538,299.915283,15.278414,-0.295377,-552.053101,299.999725,0.000000
124.720009,67.418045,-552.053101,-0.002143,-0.001163,-0.029538,299.890442,15.277148,-0.295377,-552.053101,299.999725,0.000000
124.730003,67.422134,-551.964111,-0.002121,-0.001163,-0.029538,299.908630,15.278074,-0.295377,-551.964111,299.999725,0.000000
124.740005,67.423630,-552.008606,-0.002039,-0.001163,-0.029538,299.915283,15.278414,-0.295377,-552.008606,299.999725,0.000000
124.750008,67.411713,-552.097534,-0.002048,-0.001163,-0.029538,299.862274,15.275713,-0.295377,-552.097534,299.999725,0.000000
124.760002,67.407242,-551.964111,-0.002091,-0.001163,-0.029538,299.842377,15.274699,-0.295377,-551.964111,299.999725,0.000000
124.770004,67.413208,-552.053101,-0.002108,-0.001163,-0.029538,299.868927,15.276051,-0.295377,-552.053101,299.999725,0.000000
124.780006,67.423996,-551.964111,-0.002139,-0.001163,-0.029538,299.916901,15.278496,-0.295377,-551.964111,299.999725,0.000000
124.790009,67.412460,-552.008606,-0.002126,-0.001163,-0.029538,299.865601,15.275883,-0.295377,-552.008606,299.999725,0.000000
124.800003,67.420654,-552.097534,-0.002173,-0.001163,-0.029538,299.902039,15.277739,-0.295377,-552.097534,299.999725,0.000000
124.810005,67.417664,-551.964111,-0.002182,-0.001163,-0.029538,299.888733,15.277061,-0.295377,-551.964111,299.999725,0.000000
124.820007,67.413940,-552.142029,-0.002160,-0.001163,-0.029538,299.872192,15.276217,-0.295377,-552.142029,299.999725,0.000000
124.830009,67.413940,-552.053101,-0.002151,-0.001163,-0.029538,299.872192,15.276217,-0.295377,-552.053101,299.999725,0.000000
124.840004,67.407990,-552.008606,-0.002164,-0.001163,-0.029538,299.845703,15.274869,-0.295377,-552.008606,299.999725,0.000000
124.850006,67.413574,-552.142029,-0.002126,-0.001163,-0.029538,299.870544,15.276134,-0.295377,-552.142029,299.999725,0.000000
124.860008,67.414322,-551.964111,-0.002078,-0.001163,-0.029538,299.873871,15.276303,-0.295377,-551.964111,299.999725,0.000000
124.870003,67.417297,-552.053101,-0.002061,-0.001163,-0.029538,299.887115,15.276978,-0.295377,-552.053101,299.999725,0.000000
124.880005,67.419159,-552.053101,-0.002031,-0.001163,-0.029538,299.895386,15.277400,-0.295377,-552.053101,299.999725,0.000000
124.890007,67.418793,-552.008606,-0.002039,-0.001163,-0.029538,299.893768,15.277317,-0.295377,-552.008606,299.999725,0.000000
124.900009,67.422516,-552.097534,-0.002087,-0.001163,-0.029538,299.910339,15.278161,-0.295377,-552.097534,299.999725,0.000000
124.910004,67.416550,-552.008606,-0.002095,-0.001163,-0.029538,299.883789,15.276809,-0.295377,-552.008606,299.999725,0.000000
124.920006,67.409470,-552.008606,-0.002139,-0.001163,-0.029538,299.852295,15.275205,-0.295377,-552.008606,299.999725,0.000000
124.930008,67.416550,-552.008606,-0.002147,-0.001163,-0.029538,299.883789,15.276809,-0.295377,-552.008606,299.999725,0.000000
124.940002,67.419159,-551.964111,-0.002160,-0.001163,-0.029538,299.895386,15.277400,-0.295377,-551.964111,299.999725,0.000000
124.950005,67.410965,-552.097534,-0.002190,-0.001163,-0.029538,299.858948,15.275543,-0.295377,-552.097534,299.999725,0.000000
124.960007,67.410965,-552.008606,-0.002169,-0.001163,-0.029538,299.858948,15.275543,-0.295377,-552.008606,299.999725,0.000000
124.970009,67.411331,-552.097534,-0.002164,-0.001163,-0.029538,299.860565,15.275625,-0.295377,-552.097534,299.999725,0.000000
124.980003,67.405014,-552.053101,-0.002169,-0.001163,-0.029538,299.832489,15.274195,-0.295377,-552.053101,299.999725,0.000000
124.990005,67.415070,-552.008606,-0.002156,-0.001163,-0.029538,299.877197,15.276473,-0.295377,-552.008606,299.999725,0.000000
125.000008,67.409470,-552.186523,-0.002147,-0.001163,-0.029538,299.852295,15.275205,-0.295377,-552.186523,299.999725,0.000000
125.010002,67.411331,-551.964111,-0.002160,-0.001163,-0.029538,299.860565,15.275625,-0.295377,-551.964111,299.999725,0.000000
125.020004,67.416183,-552.008606,-0.002147,-0.001163,-0.029538,299.882172,15.276726,-0.295377,-552.008606,299.999725,0.000000
125.030006,67.429214,-552.053101,-0.002143,-0.001163,-0.029538,299.940125,15.279678,-0.295377,-552.053101,299.999725,0.000000
125.040009,67.421768,-552.008606,-0.002095,-0.001163,-0.029538,299.907013,15.277991,-0.295377,-552.008606,299.999725,0.000000
125.050003,67.408356,-552.097534,-0.002074,-0.001163,-0.029538,299.847351,15.274952,-0.295377,-552.097534,299.999725,0.000000
125.060005,67.403519,-551.964111,-0.002048,-0.001163,-0.029538,299.825836,15.273856,-0.295377,-551.964111,299.999725,0.000000
125.070007,67.411331,-552.053101,-0.002057,-0.001163,-0.029538,299.860565,15.275625,-0.295377,-552.053101,299.999725,0.000000
125.080009,67.416550,-552.097534,-0.002074,-0.001163,-0.029538,299.883789,15.276809,-0.295377,-552.097534,299.999725,0.000000
125.090004,67.415070,-551.919617,-0.002139,-0.001163,-0.029538,299.877197,15.276473,-0.295377,-551.919617,299.999725,0.000000
125.100006,67.415802,-552.097534,-0.002164,-0.001163,-0.029538,299.880463,15.276640,-0.295377,-552.097534,299.999725,0.000000
125.110008,67.409470,-552.008606,-0.002186,-0.001163,-0.029538,299.852295,15.275205,-0.295377,-552.008606,299.999725,0.000000
125.120003,67.411713,-552.053101,-0.002156,-0.001163,-0.029538,299.862274,15.275713,-0.295377,-552.053101,299.999725,0.000000
125.130005,67.410599,-552.008606,-0.002151,-0.001163,-0.029538,299.857330,15.275460,-0.295377,-552.008606,299.999725,0.000000
125.140007,67.413208,-552.008606,-0.002100,-0.001163,-0.029538,299.868927,15.276051,-0.295377,-552.008606,299.999725,0.000000
125.150009,67.416183,-552.097534,-0.002100,-0.001163,-0.029538,299.882172,15.276726,-0.295377,-552.097534,299.999725,0.000000
125.160004,67.413940,-552.008606,-0.002078,-0.001163,-0.029538,299.872192,15.276217,-0.295377,-552.008606,299.999725,0.000000
125.170006,67.410965,-552.053101,-0.002134,-0.001163,-0.029538,299.858948,15.275543,-0.295377,-552.053101,299.999725,0.000000
125.180008,67.416931,-552.142029,-0.002139,-0.001163,-0.029538,299.885498,15.276896,-0.295377,-552.142029,299.999725,0.000000
125.190002,67.410599,-552.008606,-0.002065,-0.001163,-0.029538,299.857330,15.275460,-0.295377,-552.008606,299.999725,0.000000
125.200005,67.406876,-552.142029,-0.002065,-0.001163,-0.029538,299.840759,15.274617,-0.295377,-552.142029,299.999725,0.000000
125.210007,67.420654,-552.053101,-0.002151,-0.001163,-0.029538,299.902039,15.277739,-0.295377,-552.053101,299.999725,0.000000
125.220009,67.420273,-552.053101,-0.002087,-0.001163,-0.029538,299.900360,15.277652,-0.295377,-552.053101,299.999725,0.000000
125.230003,67.416183,-552.008606,-0.002117,-0.001163,-0.029538,299.882172,15.276726,-0.295377,-552.008606,299.999725,0.000000
125.240005,67.412827,-552.008606,-0.002126,-0.001163,-0.029538,299.867218,15.275965,-0.295377,-552.008606,299.999725,0.000000
125.250008,67.425491,-552.142029,-0.002121,-0.001163,-0.029538,299.923553,15.278834,-0.295377,-552.142029,299.999725,0.000000
125.260002,67.423248,-551.919617,-0.002169,-0.001163,-0.029538,299.913574,15.278326,-0.295377,-551.919617,299.999725,0.000000
125.270004,67.405746,-552.097534,-0.002169,-0.001163,-0.029538,299.835724,15.274361,-0.295377,-552.097534,299.999725,0.000000
125.280006,67.412827,-552.053101,-0.002139,-0.001163,-0.029538,299.867218,15.275965,-0.295377,-552.053101,299.999725,0.000000
125.290009,67.419525,-552.008606,-0.002169,-0.001163,-0.029538,299.897034,15.277483,-0.295377,-552.008606,299.999725,0.000000
125.300003,67.409470,-552.142029,-0.002160,-0.001163,-0.029538,299.852295,15.275205,-0.295377,-552.142029,299.999725,0.000000
125.310005,67.421768,-552.097534,-0.002134,-0.001163,-0.029538,299.907013,15.277991,-0.295377,-552.097534,299.999725,0.000000
125.320007,67.415802,-552.053101,-0.002134,-0.001163,-0.029538,299.880463,15.276640,-0.295377,-552.053101,299.999725,0.000000
125.330009,67.416550,-552.008606,-0.002173,-0.001163,-0.029538,299.883789,15.276809,-0.295377,-552.008606,299.999725,0.000000
125.340004,67.414688,-552.053101,-0.002134,-0.001163,-0.029538,299.875519,15.276387,-0.295377,-552.053101,299.999725,0.000000
125.350006,67.415802,-552.142029,-0.002147,-0.001163,-0.029538,299.880463,15.276640,-0.295377,-552.142029,299.999725,0.000000
125.360008,67.416550,-552.053101,-0.002156,-0.001163,-0.029538,299.883789,15.276809,-0.295377,-552.053101,299.999725,0.000000
125.370003,67.409851,-552.097534,-0.002151,-0.001163,-0.029538,299.854004,15.275290,-0.295377,-552.097534,299.999725,0.000000
125.380005,67.418411,-552.053101,-0.002169,-0.001163,-0.029538,299.892059,15.277230,-0.295377,-552.053101,299.999725,0.000000
125.390007,67.422882,-552.053101,-0.002186,-0.001163,-0.029538,299.911957,15.278244,-0.295377,-552.053101,299.999725,0.000000
125.400009,67.416931,-552.097534,-0.002147,-0.001163,-0.029538,299.885498,15.276896,-0.295377,-552.097534,299.999725,0.000000
125.410004,67.410599,-552.008606,-0.002160,-0.001163,-0.029538,299.857330,15.275460,-0.295377,-552.008606,299.999725,0.000000
125.420006,67.407608,-552.142029,-0.002126,-0.001163,-0.029538,299.844025,15.274782,-0.295377,-552.142029,299.999725,0.000000
125.430008,67.418411,-552.053101,-0.002026,-0.001163,-0.029538,299.892059,15.277230,-0.295377,-552.053101,299.999725,0.000000
125.440002,67.423630,-552.008606,-0.002031,-0.001163,-0.029538,299.915283,15.278414,-0.295377,-552.008606,299.999725,0.000000
125.450005,67.418411,-552.142029,-0.002044,-0.001163,-0.029538,299.892059,15.277230,-0.295377,-552.142029,299.999725,0.000000
125.460007,67.430695,-552.097534,-0.002057,-0.001163,-0.029538,299.946716,15.280014,-0.295377,-552.097534,299.999725,0.000000
125.470009,67.422882,-552.097534,-0.002078,-0.001163,-0.029538,299.911957,15.278244,-0.295377,-552.097534,299.999725,0.000000
125.480003,67.421387,-552.008606,-0.002130,-0.001163,-0.029538,299.905304,15.277905,-0.295377,-552.008606,299.999725,0.000000
125.490005,67.410599,-552.008606,-0.002147,-0.001163,-0.029538,299.857330,15.275460,-0.295377,-552.008606,299.999725,0.000000
125.500008,67.406494,-552.053101,-0.002169,-0.001163,-0.029538,299.839050,15.274529,-0.295377,-552.053101,299.999725,0.000000
125.510010,67.429581,-551.964111,-0.002143,-0.001163,-0.029538,299.941742,15.279761,-0.295377,-551.964111,299.999725,0.000000
125.520004,67.414688,-552.097534,-0.002117,-0.001163,-0.029538,299.875519,15.276387,-0.295377,-552.097534,299.999725,0.000000
125.530006,67.414688,-552.053101,-0.002113,-0.001163,-0.029538,299.875519,15.276387,-0.295377,-552.053101,299.999725,0.000000
125.540009,67.423248,-552.053101,-0.002100,-0.001163,-0.029538,299.913574,15.278326,-0.295377,-552.053101,299.999725,0.000000
125.550003,67.419907,-552.142029,-0.002087,-0.001163,-0.029538,299.898712,15.277569,-0.295377,-552.142029,299.999725,0.000000
125.560005,67.410965,-552.008606,-0.002048,-0.001163,-0.029538,299.858948,15.275543,-0.295377,-552.008606,299.999725,0.000000
125.570007,67.413574,-552.097534,-0.002048,-0.001163,-0.029538,299.870544,15.276134,-0.295377,-552.097534,299.999725,0.000000
125.580009,67.424377,-552.097534,-0.002061,-0.001163,-0.029538,299.918610,15.278583,-0.295377,-552.097534,299.999725,0.000000
125.590004,67.418411,-552.008606,-0.002074,-0.001163,-0.029538,299.892059,15.277230,-0.295377,-552.008606,299.999725,0.000000
125.600006,67.413940,-552.142029,-0.002044,-0.001163,-0.029538,299.872192,15.276217,-0.295377,-552.142029,299.999725,0.000000
125.610008,67.419159,-551.964111,-0.002082,-0.001163,-0.029538,299.895386,15.277400,-0.295377,-551.964111,299.999725,0.000000
125.620003,67.414322,-552.097534,-0.002100,-0.001163,-0.029538,299.873871,15.276303,-0.295377,-552.097534,299.999725,0.000000
125.630005,67.413940,-552.008606,-0.002151,-0.001163,-0.029538,299.872192,15.276217,-0.295377,-552.008606,299.999725,0.000000
125.640007,67.415802,-552.008606,-0.002126,-0.001163,-0.029538,299.880463,15.276640,-0.295377,-552.008606,299.999725,0.000000
125.650009,67.409470,-552.142029,-0.002156,-0.001163,-0.029538,299.852295,15.275205,-0.295377,-552.142029,299.999725,0.000000
125.660004,67.411713,-552.008606,-0.002130,-0.001163,-0.029538,299.862274,15.275713,-0.295377,-552.008606,299.999725,0.000000
125.670006,67.417664,-552.097534,-0.002147,-0.001163,-0.029538,299.888733,15.277061,-0.295377,-552.097534,299.999725,0.000000
125.680008,67.415070,-552.097534,-0.002091,-0.001163,-0.029538,299.877197,15.276473,-0.295377,-552.097534,299.999725,0.000000
125.690002,67.420273,-552.053101,-0.002048,-0.001163,-0.029538,299.900360,15.277652,-0.295377,-552.053101,299.999725,0.000000
125.700005,67.413574,-552.142029,-0.002057,-0.001163,-0.029538,299.870544,15.276134,-0.295377,-552.142029,299.999725,0.000000
125.710007,67.411713,-552.053101,-0.002134,-0.001163,-0.029538,299.862274,15.275713,-0.295377,-552.053101,299.999725,0.000000
125.720009,67.420654,-552.097534,-0.002147,-0.001163,-0.029538,299.902039,15.277739,-0.295377,-552.097534,299.999725,0.000000
125.730003,67.421021,-552.008606,-0.002121,-0.001163,-0.029538,299.903687,15.277822,-0.295377,-552.008606,299.999725,0.000000
125.740005,67.419907,-552.008606,-0.002126,-0.001163,-0.029538,299.898712,15.277569,-0.295377,-552.008606,299.999725,0.000000
125.750008,67.417664,-552.142029,-0.002130,-0.001163,-0.029538,299.888733,15.277061,-0.295377,-552.142029,299.999725,0.000000
125.760010,67.415802,-552.008606,-0.002078,-0.001163,-0.029538,299.880463,15.276640,-0.295377,-552.008606,299.999725,0.000000
125.770004,67.414688,-552.097534,-0.002013,-0.001163,-0.029538,299.875519,15.276387,-0.295377,-552.097534,299.999725,0.000000
125.780006,67.415070,-552.097534,-0.002052,-0.001163,-0.029538,299.877197,15.276473,-0.295377,-552.097534,299.999725,0.000000
125.790009,67.410599,-552.008606,-0.002078,-0.001163,-0.029538,299.857330,15.275460,-0.295377,-552.008606,299.999725,0.000000
125.800003,67.416550,-552.097534,-0.002104,-0.001163,-0.029538,299.883789,15.276809,-0.295377,-552.097534,299.999725,0.000000
125.810005,67.409851,-552.008606,-0.002035,-0.001163,-0.029538,299.854004,15.275290,-0.295377,-552.008606,299.999725,0.000000
125.820007,67.411331,-552.142029,-0.002061,-0.001163,-0.029538,299.860565,15.275625,-0.295377,-552.142029,299.999725,0.000000
125.830009,67.410599,-552.097534,-0.002065,-0.001163,-0.029538,299.857330,15.275460,-0.295377,-552.097534,299.999725,0.000000
125.840004,67.405746,-552.053101,-0.002070,-0.001163,-0.029538,299.835724,15.274361,-0.295377,-552.053101,299.999725,0.000000
125.850006,67.406128,-552.097534,-0.002070,-0.001163,-0.029538,299.837433,15.274447,-0.295377,-552.097534,299.999725,0.000000
125.860008,67.419159,-551.964111,-0.002074,-0.001163,-0.029538,299.895386,15.277400,-0.295377,-551.964111,299.999725,0.000000
125.870003,67.415436,-552.142029,-0.002078,-0.001163,-0.029538,299.878845,15.276556,-0.295377,-552.142029,299.999725,0.000000
125.880005,67.419159,-552.097534,-0.002078,-0.001163,-0.029538,299.895386,15.277400,-0.295377,-552.097534,299.999725,0.000000
125.890007,67.420273,-552.053101,-0.002139,-0.001163,-0.029538,299.900360,15.277652,-0.295377,-552.053101,299.999725,0.000000
125.900009,67.404266,-552.142029,-0.002147,-0.001163,-0.029538,299.829163,15.274025,-0.295377,-552.142029,299.999725,0.000000
125.910004,67.410965,-552.008606,-0.002173,-0.001163,-0.029538,299.858948,15.275543,-0.295377,-552.008606,299.999725,0.000000
125.920006,67.414322,-552.142029,-0.002160,-0.001163,-0.029538,299.873871,15.276303,-0.295377,-552.142029,299.999725,0.000000
125.930008,67.418411,-552.053101,-0.002169,-0.001163,-0.029538,299.892059,15.277230,-0.295377,-552.053101,299.999725,0.000000
125.940002,67.417297,-552.053101,-0.002121,-0.001163,-0.029538,299.887115,15.276978,-0.295377,-552.053101,299.999725,0.000000
125.950005,67.424744,-552.142029,-0.002156,-0.001163,-0.029538,299.920227,15.278665,-0.295377,-552.142029,299.999725,0.000000
125.960007,67.420654,-551.964111,-0.002139,-0.001163,-0.029538,299.902039,15.277739,-0.295377,-551.964111,299.999725,0.000000
125.970009,67.413208,-552.142029,-0.002113,-0.001163,-0.029538,299.868927,15.276051,-0.295377,-552.142029,299.999725,0.000000
125.980003,67.406876,-552.142029,-0.002057,-0.001163,-0.029538,299.840759,15.274617,-0.295377,-552.142029,299.999725,0.000000
125.990005,67.414322,-552.053101,-0.002039,-0.001163,-0.029538,299.873871,15.276303,-0.295377,-552.053101,299.999725,0.000000
126.000008,67.415802,-552.142029,-0.002022,-0.001163,-0.029538,299.880463,15.276640,-0.295377,-552.142029,299.999725,0.000000
126.010010,67.420654,-552.008606,-0.002052,-0.001163,-0.029538,299.902039,15.277739,-0.295377,-552.008606,299.999725,0.000000
126.020004,67.419907,-552.142029,-0.002057,-0.001163,-0.029538,299.898712,15.277569,-0.295377,-552.142029,299.999725,0.000000
126.030006,67.412460,-552.008606,-0.002065,-0.001163,-0.029538,299.865601,15.275883,-0.295377,-552.008606,299.999725,0.000000
126.040009,67.411713,-552.097534,-0.002078,-0.001163,-0.029538,299.862274,15.275713,-0.295377,-552.097534,299.999725,0.000000
126.050003,67.410599,-552.142029,-0.002074,-0.001163,-0.029538,299.857330,15.275460,-0.295377,-552.142029,299.999725,0.000000
126.060005,67.415070,-551.919617,-0.002070,-0.001163,-0.029538,299.877197,15.276473,-0.295377,-551.919617,299.999725,0.000000
126.070007,67.417297,-552.142029,-0.002048,-0.001163,-0.029538,299.887115,15.276978,-0.295377,-552.142029,299.999725,0.000000
126.080009,67.418411,-552.053101,-0.002074,-0.001163,-0.029538,299.892059,15.277230,-0.295377,-552.053101,299.999725,0.000000
126.090004,67.413208,-552.053101,-0.002078,-0.001163,-0.029538,299.868927,15.276051,-0.295377,-552.053101,299.999725,0.000000
126.100006,67.420654,-552.142029,-0.002070,-0.001163,-0.029538,299.902039,15.277739,-0.295377,-552.142029,299.999725,0.000000
126.110008,67.417664,-552.097534,-0.002087,-0.001163,-0.029538,299.888733,15.277061,-0.295377,-552.097534,299.999725,0.000000
126.120003,67.419525,-552.097534,-0.002082,-0.001163,-0.029538,299.897034,15.277483,-0.295377,-552.097534,299.999725,0.000000
126.130005,67.410217,-552.053101,-0.002052,-0.001163,-0.029538,299.855621,15.275374,-0.295377,-552.053101,299.999725,0.000000
126.140007,67.404266,-552.053101,-0.002057,-0.001163,-0.029538,299.829163,15.274025,-0.295377,-552.053101,299.999725,0.000000
126.150009,67.407242,-552.142029,-0.002082,-0.001163,-0.029538,299.842377,15.274699,-0.295377,-552.142029,299.999725,0.000000
126.160004,67.416931,-552.053101,-0.002095,-0.001163,-0.029538,299.885498,15.276896,-0.295377,-552.053101,299.999725,0.000000
126.170006,67.421768,-552.097534,-0.002065,-0.001163,-0.029538,299.907013,15.277991,-0.295377,-552.097534,299.999725,0.000000
126.180008,67.423996,-552.097534,-0.002035,-0.001163,-0.029538,299.916901,15.278496,-0.295377,-552.097534,299.999725,0.000000
126.190002,67.423248,-552.053101,-0.002061,-0.001163,-0.029538,299.913574,15.278326,-0.295377,-552.053101,299.999725,0.000000
126.200005,67.412079,-552.097534,-0.002121,-0.001163,-0.029538,299.863892,15.275795,-0.295377,-552.097534,299.999725,0.000000
126.210007,67.405746,-552.053101,-0.002121,-0.001163,-0.029538,299.835724,15.274361,-0.295377,-552.053101,299.999725,0.000000
126.220009,67.412460,-552.097534,-0.002108,-0.001163,-0.029538,299.865601,15.275883,-0.295377,-552.097534,299.999725,0.000000
126.230003,67.418045,-552.053101,-0.002061,-0.001163,-0.029538,299.890442,15.277148,-0.295377,-552.053101,299.999725,0.000000
126.240005,67.413574,-552.053101,-0.002108,-0.001163,-0.029538,299.870544,15.276134,-0.295377,-552.053101,299.999725,0.000000
126.250008,67.415436,-552.142029,-0.002108,-0.001163,-0.029538,299.878845,15.276556,-0.295377,-552.142029,299.999725,0.000000
126.260010,67.419907,-552.008606,-0.002095,-0.001163,-0.029538,299.898712,15.277569,-0.295377,-552.008606,299.999725,0.000000
126.270004,67.411713,-552.097534,-0.002082,-0.001163,-0.029538,299.862274,15.275713,-0.295377,-552.097534,299.999725,0.000000
126.280006,67.410965,-552.053101,-0.002087,-0.001163,-0.029538,299.858948,15.275543,-0.295377,-552.053101,299.999725,0.000000
126.290009,67.412079,-552.142029,-0.002143,-0.001163,-0.029538,299.863892,15.275795,-0.295377,-552.142029,299.999725,0.000000
126.300003,67.414688,-552.186523,-0.002177,-0.001163,-0.029538,299.875519,15.276387,-0.295377,-552.186523,299.999725,0.000000
126.310005,67.419159,-552.008606,-0.002151,-0.001163,-0.029538,299.895386,15.277400,-0.295377,-552.008606,299.999725,0.000000
126.320007,67.412079,-552.142029,-0.002143,-0.001163,-0.029538,299.863892,15.275795,-0.295377,-552.142029,299.999725,0.000000
126.330009,67.407242,-552.097534,-0.002160,-0.001163,-0.029538,299.842377,15.274699,-0.295377,-552.097534,299.999725,0.000000
126.340004,67.414688,-552.097534,-0.002151,-0.001163,-0.029538,299.875519,15.276387,-0.295377,-552.097534,299.999725,0.000000
126.350006,67.413208,-552.186523,-0.002160,-0.001163,-0.029538,299.868927,15.276051,-0.295377,-552.186523,299.999725,0.000000
126.360008,67.425858,-552.008606,-0.002147,-0.001163,-0.029538,299.925201,15.278917,-0.295377,-552.008606,299.999725,0.000000
126.370003,67.410217,-552.097534,-0.002117,-0.001163,-0.029538,299.855621,15.275374,-0.295377,-552.097534,299.999725,0.000000
126.380005,67.408737,-552.097534,-0.002160,-0.001163,-0.029538,299.849030,15.275038,-0.295377,-552.097534,299.999725,0.000000
126.390007,67.402023,-552.053101,-0.002147,-0.001163,-0.029538,299.819183,15.273517,-0.295377,-552.053101,299.999725,0.000000
126.400009,67.410965,-552.186523,-0.002160,-0.001163,-0.029538,299.858948,15.275543,-0.295377,-552.186523,299.999725,0.000000
126.410004,67.426605,-552.053101,-0.002130,-0.001163,-0.029538,299.928528,15.279087,-0.295377,-552.053101,299.999725,0.000000
126.420006,67.416183,-552.097534,-0.002126,-0.001163,-0.029538,299.882172,15.276726,-0.295377,-552.097534,299.999725,0.000000
126.430008,67.410217,-552.097534,-0.002100,-0.001163,-0.029538,299.855621,15.275374,-0.295377,-552.097534,299.999725,0.000000
126.440002,67.403519,-552.097534,-0.002044,-0.001163,-0.029538,299.825836,15.273856,-0.295377,-552.097534,299.999725,0.000000
126.450005,67.410217,-552.097534,-0.002044,-0.001163,-0.029538,299.855621,15.275374,-0.295377,-552.097534,299.999725,0.000000
126.460007,67.410965,-552.008606,-0.002100,-0.001163,-0.029538,299.858948,15.275543,-0.295377,-552.008606,299.999725,0.000000
126.470009,67.410217,-552.142029,-0.002130,-0.001163,-0.029538,299.855621,15.275374,-0.295377,-552.142029,299.999725,0.000000
126.480003,67.415802,-552.053101,-0.002095,-0.001163,-0.029538,299.880463,15.276640,-0.295377,-552.053101,299.999725,0.000000
126.490005,67.418045,-552.097534,-0.002078,-0.001163,-0.029538,299.890442,15.277148,-0.295377,-552.097534,299.999725,0.000000
126.500008,67.410965,-552.186523,-0.002121,-0.001163,-0.029538,299.858948,15.275543,-0.295377,-552.186523,299.999725,0.000000
126.510010,67.421387,-552.008606,-0.002104,-0.001163,-0.029538,299.905304,15.277905,-0.295377,-552.008606,299.999725,0.000000
126.520004,67.414322,-552.097534,-0.002126,-0.001163,-0.029538,299.873871,15.276303,-0.295377,-552.097534,299.999725,0.000000
126.530006,67.403885,-552.053101,-0.002078,-0.001163,-0.029538,299.827454,15.273939,-0.295377,-552.053101,299.999725,0.000000
126.540009,67.410599,-552.097534,-0.002082,-0.001163,-0.029538,299.857330,15.275460,-0.295377,-552.097534,299.999725,0.000000
126.550003,67.418411,-552.142029,-0.002044,-0.001163,-0.029538,299.892059,15.277230,-0.295377,-552.142029,299.999725,0.000000
126.560005,67.416183,-552.053101,-0.002065,-0.001163,-0.029538,299.882172,15.276726,-0.295377,-552.053101,299.999725,0.000000
126.570007,67.416550,-552.142029,-0.002091,-0.001163,-0.029538,299.883789,15.276809,-0.295377,-552.142029,299.999725,0.000000
126.580009,67.415436,-552.053101,-0.002164,-0.001163,-0.029538,299.878845,15.276556,-0.295377,-552.053101,299.999725,0.000000
126.590004,67.415436,-552.053101,-0.002151,-0.001163,-0.029538,299.878845,15.276556,-0.295377,-552.053101,299.999725,0.000000
126.600006,67.415070,-552.142029,-0.002134,-0.001163,-0.029538,299.877197,15.276473,-0.295377,-552.142029,299.999725,0.000000
126.610008,67.421768,-552.053101,-0.002147,-0.001163,-0.029538,299.907013,15.277991,-0.295377,-552.053101,299.999725,0.000000
126.620003,67.414322,-552.142029,-0.002160,-0.001163,-0.029538,299.873871,15.276303,-0.295377,-552.142029,299.999725,0.000000
126.630005,67.421387,-552.053101,-0.002143,-0.001163,-0.029538,299.905304,15.277905,-0.295377,-552.053101,299.999725,0.000000
126.640007,67.425491,-552.097534,-0.002160,-0.001163,-0.029538,299.923553,15.278834,-0.295377,-552.097534,299.999725,0.000000
126.650009,67.410965,-552.186523,-0.002147,-0.001163,-0.029538,299.858948,15.275543,-0.295377,-552.186523,299.999725,0.000000
126.660004,67.424377,-552.053101,-0.002151,-0.001163,-0.029538,299.918610,15.278583,-0.295377,-552.053101,299.999725,0.000000
126.670006,67.410217,-552.142029,-0.002130,-0.001163,-0.029538,299.855621,15.275374,-0.295377,-552.142029,299.999725,0.000000
126.680008,67.407608,-552.142029,-0.002143,-0.001163,-0.029538,299.844025,15.274782,-0.295377,-552.142029,299.999725,0.000000
126.690002,67.410965,-552.097534,-0.002057,-0.001163,-0.029538,299.858948,15.275543,-0.295377,-552.097534,299.999725,0.000000
126.700005,67.420273,-552.186523,-0.002044,-0.001163,-0.029538,299.900360,15.277652,-0.295377,-552.186523,299.999725,0.000000
126.710007,67.419525,-552.053101,-0.002087,-0.001163,-0.029538,299.897034,15.277483,-0.295377,-552.053101,299.999725,0.000000
126.720009,67.419159,-552.142029,-0.002164,-0.001163,-0.029538,299.895386,15.277400,-0.295377,-552.142029,299.999725,0.000000
126.730003,67.413574,-552.097534,-0.002195,-0.001163,-0.029538,299.870544,15.276134,-0.295377,-552.097534,299.999725,0.000000
126.740005,67.399048,-552.053101,-0.002164,-0.001163,-0.029538,299.805939,15.272843,-0.295377,-552.053101,299.999725,0.000000
126.750008,67.402023,-552.186523,-0.002065,-0.001163,-0.029538,299.819183,15.273517,-0.295377,-552.186523,299.999725,0.000000
126.760010,67.419525,-552.008606,-0.002117,-0.001163,-0.029538,299.897034,15.277483,-0.295377,-552.008606,299.999725,0.000000
126.770004,67.410599,-552.142029,-0.002087,-0.001163,-0.029538,299.857330,15.275460,-0.295377,-552.142029,299.999725,0.000000
126.780006,67.412827,-552.142029,-0.002082,-0.001163,-0.029538,299.867218,15.275965,-0.295377,-552.142029,299.999725,0.000000
126.790009,67.414322,-552.008606,-0.002035,-0.001163,-0.029538,299.873871,15.276303,-0.295377,-552.008606,299.999725,0.000000
126.800003,67.410965,-552.186523,-0.002057,-0.001163,-0.029538,299.858948,15.275543,-0.295377,-552.186523,299.999725,0.000000
126.810005,67.422516,-552.053101,-0.002061,-0.001163,-0.029538,299.910339,15.278161,-0.295377,-552.053101,299.999725,0.000000
126.820007,67.410599,-552.186523,-0.002057,-0.001163,-0.029538,299.857330,15.275460,-0.295377,-552.186523,299.999725,0.000000
126.830009,67.409851,-552.097534,-0.002048,-0.001163,-0.029538,299.854004,15.275290,-0.295377,-552.097534,299.999725,0.000000
126.840004,67.411713,-552.097534,-0.002052,-0.001163,-0.029538,299.862274,15.275713,-0.295377,-552.097534,299.999725,0.000000
126.850006,67.419525,-552.142029,-0.002078,-0.001163,-0.029538,299.897034,15.277483,-0.295377,-552.142029,299.999725,0.000000
126.860008,67.419159,-552.053101,-0.002065,-0.001163,-0.029538,299.895386,15.277400,-0.295377,-552.053101,299.999725,0.000000
126.870003,67.414322,-552.142029,-0.002078,-0.001163,-0.029538,299.873871,15.276303,-0.295377,-552.142029,299.999725,0.000000
126.880005,67.410965,-552.097534,-0.002057,-0.001163,-0.029538,299.858948,15.275543,-0.295377,-552.097534,299.999725,0.000000
126.890007,67.411331,-552.053101,-0.002082,-0.001163,-0.029538,299.860565,15.275625,-0.295377,-552.053101,299.999725,0.000000
126.900009,67.412079,-552.142029,-0.002087,-0.001163,-0.029538,299.863892,15.275795,-0.295377,-552.142029,299.999725,0.000000
126.910004,67.416183,-552.008606,-0.002134,-0.001163,-0.029538,299.882172,15.276726,-0.295377,-552.008606,299.999725,0.000000
126.920006,67.410217,-552.186523,-0.002160,-0.001163,-0.029538,299.855621,15.275374,-0.295377,-552.186523,299.999725,0.000000
126.930008,67.412079,-552.097534,-0.002143,-0.001163,-0.029538,299.863892,15.275795,-0.295377,-552.097534,299.999725,0.000000
126.940002,67.408737,-552.053101,-0.002095,-0.001163,-0.029538,299.849030,15.275038,-0.295377,-552.053101,299.999725,0.000000
126.950005,67.403885,-552.097534,-0.002100,-0.001163,-0.029538,299.827454,15.273939,-0.295377,-552.097534,299.999725,0.000000
126.960007,67.410965,-552.053101,-0.002078,-0.001163,-0.029538,299.858948,15.275543,-0.295377,-552.053101,299.999725,0.000000
126.970009,67.414688,-552.142029,-0.002130,-0.001163,-0.029538,299.875519,15.276387,-0.295377,-552.142029,299.999725,0.000000
126.980003,67.419159,-552.097534,-0.002126,-0.001163,-0.029538,299.895386,15.277400,-0.295377,-552.097534,299.999725,0.000000
126.990005,67.420273,-552.053101,-0.002070,-0.001163,-0.029538,299.900360,15.277652,-0.295377,-552.053101,299.999725,0.000000
127.000008,67.409470,-552.186523,-0.002078,-0.001163,-0.029538,299.852295,15.275205,-0.295377,-552.186523,299.999725,0.000000
127.010010,67.416931,-552.008606,-0.002057,-0.001163,-0.029538,299.885498,15.276896,-0.295377,-552.008606,299.999725,0.000000
127.020004,67.417664,-552.142029,-0.002061,-0.001163,-0.029538,299.888733,15.277061,-0.295377,-552.142029,299.999725,0.000000
127.030006,67.413208,-552.142029,-0.002052,-0.001163,-0.029538,299.868927,15.276051,-0.295377,-552.142029,299.999725,0.000000
127.040009,67.415070,-552.053101,-0.002013,-0.001163,-0.029538,299.877197,15.276473,-0.295377,-552.053101,299.999725,0.000000
127.050003,67.403152,-552.142029,-0.002061,-0.001163,-0.029538,299.824188,15.273772,-0.295377,-552.142029,299.999725,0.000000
127.060005,67.418411,-552.053101,-0.002048,-0.001163,-0.029538,299.892059,15.277230,-0.295377,-552.053101,299.999725,0.000000
127.070007,67.419159,-552.186523,-0.002044,-0.001163,-0.029538,299.895386,15.277400,-0.295377,-552.186523,299.999725,0.000000
127.080009,67.410599,-552.097534,-0.002061,-0.001163,-0.029538,299.857330,15.275460,-0.295377,-552.097534,299.999725,0.000000
127.090004,67.406494,-552.097534,-0.002035,-0.001163,-0.029538,299.839050,15.274529,-0.295377,-552.097534,299.999725,0.000000
127.100006,67.410965,-552.186523,-0.002078,-0.001163,-0.029538,299.858948,15.275543,-0.295377,-552.186523,299.999725,0.000000
127.110008,67.414688,-552.097534,-0.002126,-0.001163,-0.029538,299.875519,15.276387,-0.295377,-552.097534,299.999725,0.000000
127.120003,67.400543,-552.097534,-0.002117,-0.001163,-0.029538,299.812592,15.273182,-0.295377,-552.097534,299.999725,0.000000
127.130005,67.403885,-552.097534,-0.002151,-0.001163,-0.029538,299.827454,15.273939,-0.295377,-552.097534,299.999725,0.000000
127.140007,67.419525,-552.097534,-0.002095,-0.001163,-0.029538,299.897034,15.277483,-0.295377,-552.097534,299.999725,0.000000
127.150009,67.418793,-552.097534,-0.002052,-0.001163,-0.029538,299.893768,15.277317,-0.295377,-552.097534,299.999725,0.000000
127.160004,67.415802,-552.008606,-0.002048,-0.001163,-0.029538,299.880463,15.276640,-0.295377,-552.008606,299.999725,0.000000
127.170006,67.413574,-552.142029,-0.002057,-0.001163,-0.029538,299.870544,15.276134,-0.295377,-552.142029,299.999725,0.000000
127.180008,67.415070,-552.008606,-0.002035,-0.001163,-0.029538,299.877197,15.276473,-0.295377,-552.008606,299.999725,0.000000
127.190002,67.407242,-552.142029,-0.002044,-0.001163,-0.029538,299.842377,15.274699,-0.295377,-552.142029,299.999725,0.000000
127.200005,67.408737,-552.231018,-0.002095,-0.001163,-0.029538,299.849030,15.275038,-0.295377,-552.231018,299.999725,0.000000
127.210007,67.420273,-552.097534,-0.002156,-0.001163,-0.029538,299.900360,15.277652,-0.295377,-552.097534,299.999725,0.000000
127.220009,67.416550,-552.142029,-0.002147,-0.001163,-0.029538,299.883789,15.276809,-0.295377,-552.142029,299.999725,0.000000
127.230003,67.413208,-552.097534,-0.002164,-0.001163,-0.029538,299.868927,15.276051,-0.295377,-552.097534,299.999725,0.000000
127.240005,67.407608,-552.097534,-0.002151,-0.001163,-0.029538,299.844025,15.274782,-0.295377,-552.097534,299.999725,0.000000
127.250008,67.416550,-552.231018,-0.002143,-0.001163,-0.029538,299.883789,15.276809,-0.295377,-552.231018,299.999725,0.000000
127.260010,67.414322,-552.053101,-0.002147,-0.001163,-0.029538,299.873871,15.276303,-0.295377,-552.053101,299.999725,0.000000
127.270004,67.407990,-552.142029,-0.002100,-0.001163,-0.029538,299.845703,15.274869,-0.295377,-552.142029,299.999725,0.000000
127.280006,67.405014,-552.097534,-0.002065,-0.001163,-0.029538,299.832489,15.274195,-0.295377,-552.097534,299.999725,0.000000
127.290009,67.406876,-552.097534,-0.002031,-0.001163,-0.029538,299.840759,15.274617,-0.295377,-552.097534,299.999725,0.000000
127.300003,67.415070,-552.231018,-0.002070,-0.001163,-0.029538,299.877197,15.276473,-0.295377,-552.231018,299.999725,0.000000
127.310005,67.418793,-552.053101,-0.002044,-0.001163,-0.029538,299.893768,15.277317,-0.295377,-552.053101,299.999725,0.000000
127.320007,67.412460,-552.186523,-0.002070,-0.001163,-0.029538,299.865601,15.275883,-0.295377,-552.186523,299.999725,0.000000
127.330009,67.419525,-552.097534,-0.002065,-0.001163,-0.029538,299.897034,15.277483,-0.295377,-552.097534,299.999725,0.000000
127.340004,67.417297,-552.008606,-0.002160,-0.001163,-0.029538,299.887115,15.276978,-0.295377,-552.008606,299.999725,0.000000
127.350006,67.419159,-552.231018,-0.002151,-0.001163,-0.029538,299.895386,15.277400,-0.295377,-552.231018,299.999725,0.000000
127.360008,67.411713,-552.053101,-0.002139,-0.001163,-0.029538,299.862274,15.275713,-0.295377,-552.053101,299.999725,0.000000
127.370003,67.405746,-552.186523,-0.002151,-0.001163,-0.029538,299.835724,15.274361,-0.295377,-552.186523,299.999725,0.000000
127.380005,67.408737,-552.142029,-0.002160,-0.001163,-0.029538,299.849030,15.275038,-0.295377,-552.142029,299.999725,0.000000
127.390007,67.412827,-552.097534,-0.002134,-0.001163,-0.029538,299.867218,15.275965,-0.295377,-552.097534,299.999725,0.000000
127.400009,67.415436,-552.186523,-0.002130,-0.001163,-0.029538,299.878845,15.276556,-0.295377,-552.186523,299.999725,0.000000
127.410004,67.406128,-552.097534,-0.002104,-0.001163,-0.029538,299.837433,15.274447,-0.295377,-552.097534,299.999725,0.000000
127.420006,67.409103,-552.186523,-0.002074,-0.001163,-0.029538,299.850677,15.275122,-0.295377,-552.186523,299.999725,0.000000
127.430008,67.404633,-552.142029,-0.002057,-0.001163,-0.029538,299.830780,15.274109,-0.295377,-552.142029,299.999725,0.000000
127.440002,67.415070,-552.053101,-0.002082,-0.001163,-0.029538,299.877197,15.276473,-0.295377,-552.053101,299.999725,0.000000
127.450005,67.409103,-552.275513,-0.002095,-0.001163,-0.029538,299.850677,15.275122,-0.295377,-552.275513,299.999725,0.000000
127.460007,67.405746,-552.097534,-0.002091,-0.001163,-0.029538,299.835724,15.274361,-0.295377,-552.097534,299.999725,0.000000
127.470009,67.402771,-552.142029,-0.002095,-0.001163,-0.029538,299.822510,15.273686,-0.295377,-552.142029,299.999725,0.000000
127.480003,67.410599,-552.142029,-0.002104,-0.001163,-0.029538,299.857330,15.275460,-0.295377,-552.142029,299.999725,0.000000
127.490005,67.415070,-552.142029,-0.002095,-0.001163,-0.029538,299.877197,15.276473,-0.295377,-552.142029,299.999725,0.000000
127.500008,67.415436,-552.142029,-0.002117,-0.001163,-0.029538,299.878845,15.276556,-0.295377,-552.142029,299.999725,0.000000
127.510010,67.410217,-552.053101,-0.002095,-0.001163,-0.029538,299.855621,15.275374,-0.295377,-552.053101,299.999725,0.000000
127.520004,67.404633,-552.186523,-0.002100,-0.001163,-0.029538,299.830780,15.274109,-0.295377,-552.186523,299.999725,0.000000
127.530006,67.404266,-552.142029,-0.002095,-0.001163,-0.029538,299.829163,15.274025,-0.295377,-552.142029,299.999725,0.000000
127.540009,67.405014,-552.053101,-0.002052,-0.001163,-0.029538,299.832489,15.274195,-0.295377,-552.053101,299.999725,0.000000
127.550003,67.407608,-552.231018,-0.002044,-0.001163,-0.029538,299.844025,15.274782,-0.295377,-552.231018,299.999725,0.000000
127.560005,67.413940,-552.097534,-0.002074,-0.001163,-0.029538,299.872192,15.276217,-0.295377,-552.097534,299.999725,0.000000
127.570007,67.411713,-552.231018,-0.002087,-0.001163,-0.029538,299.862274,15.275713,-0.295377,-552.231018,299.999725,0.000000
127.580009,67.403519,-552.053101,-0.002057,-0.001163,-0.029538,299.825836,15.273856,-0.295377,-552.053101,299.999725,0.000000
127.590004,67.402405,-552.053101,-0.002048,-0.001163,-0.029538,299.820862,15.273603,-0.295377,-552.053101,299.999725,0.000000
127.600006,67.409470,-552.186523,-0.002061,-0.001163,-0.029538,299.852295,15.275205,-0.295377,-552.186523,299.999725,0.000000
127.610008,67.410217,-552.097534,-0.002057,-0.001163,-0.029538,299.855621,15.275374,-0.295377,-552.097534,299.999725,0.000000
127.620003,67.410217,-552.186523,-0.002065,-0.001163,-0.029538,299.855621,15.275374,-0.295377,-552.186523,299.999725,0.000000
127.630005,67.407990,-552.097534,-0.002039,-0.001163,-0.029538,299.845703,15.274869,-0.295377,-552.097534,299.999725,0.000000
127.640007,67.416931,-552.053101,-0.002026,-0.001163,-0.029538,299.885498,15.276896,-0.295377,-552.053101,299.999725,0.000000
127.650009,67.411331,-552.231018,-0.002035,-0.001163,-0.029538,299.860565,15.275625,-0.295377,-552.231018,299.999725,0.000000
127.660004,67.409470,-552.097534,-0.002057,-0.001163,-0.029538,299.852295,15.275205,-0.295377,-552.097534,299.999725,0.000000
127.670006,67.413208,-552.186523,-0.002074,-0.001163,-0.029538,299.868927,15.276051,-0.295377,-552.186523,299.999725,0.000000
127.680008,67.413940,-552.053101,-0.002061,-0.001163,-0.029538,299.872192,15.276217,-0.295377,-552.053101,299.999725,0.000000
127.690002,67.412079,-552.053101,-0.002074,-0.001163,-0.029538,299.863892,15.275795,-0.295377,-552.053101,299.999725,0.000000
127.700005,67.412460,-552.186523,-0.002126,-0.001163,-0.029538,299.865601,15.275883,-0.295377,-552.186523,299.999725,0.000000
127.710007,67.414688,-552.053101,-0.002169,-0.001163,-0.029538,299.875519,15.276387,-0.295377,-552.053101,299.999725,0.000000
127.720009,67.411713,-552.231018,-0.002134,-0.001163,-0.029538,299.862274,15.275713,-0.295377,-552.231018,299.999725,0.000000
127.730003,67.407608,-552.053101,-0.002151,-0.001163,-0.029538,299.844025,15.274782,-0.295377,-552.053101,299.999725,0.000000
127.740005,67.409470,-552.097534,-0.002143,-0.001163,-0.029538,299.852295,15.275205,-0.295377,-552.097534,299.999725,0.000000
127.750008,67.409851,-552.186523,-0.002169,-0.001163,-0.029538,299.854004,15.275290,-0.295377,-552.186523,299.999725,0.000000
127.760010,67.409851,-552.097534,-0.002126,-0.001163,-0.029538,299.854004,15.275290,-0.295377,-552.097534,299.999725,0.000000
127.770004,67.412079,-552.142029,-0.002117,-0.001163,-0.029538,299.863892,15.275795,-0.295377,-552.142029,299.999725,0.000000
127.780006,67.406494,-552.186523,-0.002151,-0.001163,-0.029538,299.839050,15.274529,-0.295377,-552.186523,299.999725,0.000000
127.790009,67.413208,-552.142029,-0.002160,-0.001163,-0.029538,299.868927,15.276051,-0.295377,-552.142029,299.999725,0.000000
127.800003,67.410965,-552.231018,-0.002147,-0.001163,-0.029538,299.858948,15.275543,-0.295377,-552.231018,299.999725,0.000000
127.810005,67.410965,-552.053101,-0.002182,-0.001163,-0.029538,299.858948,15.275543,-0.295377,-552.053101,299.999725,0.000000
127.820007,67.413574,-552.186523,-0.002186,-0.001163,-0.029538,299.870544,15.276134,-0.295377,-552.186523,299.999725,0.000000
127.830009,67.417297,-552.186523,-0.002160,-0.001163,-0.029538,299.887115,15.276978,-0.295377,-552.186523,299.999725,0.000000
127.840004,67.413574,-552.097534,-0.002143,-0.001163,-0.029538,299.870544,15.276134,-0.295377,-552.097534,299.999725,0.000000
127.850006,67.415436,-552.231018,-0.002117,-0.001163,-0.029538,299.878845,15.276556,-0.295377,-552.231018,299.999725,0.000000
127.860008,67.416931,-552.008606,-0.002074,-0.001163,-0.029538,299.885498,15.276896,-0.295377,-552.008606,299.999725,0.000000
127.870003,67.406494,-552.186523,-0.002031,-0.001163,-0.029538,299.839050,15.274529,-0.295377,-552.186523,299.999725,0.000000
127.880005,67.414322,-552.097534,-0.002095,-0.001163,-0.029538,299.873871,15.276303,-0.295377,-552.097534,299.999725,0.000000
127.890007,67.412827,-552.142029,-0.002100,-0.001163,-0.029538,299.867218,15.275965,-0.295377,-552.142029,299.999725,0.000000
127.900009,67.416183,-552.186523,-0.002173,-0.001163,-0.029538,299.882172,15.276726,-0.295377,-552.186523,299.999725,0.000000
127.910004,67.419907,-552.097534,-0.002147,-0.001163,-0.029538,299.898712,15.277569,-0.295377,-552.097534,299.999725,0.000000
127.920006,67.413574,-552.186523,-0.002143,-0.001163,-0.029538,299.870544,15.276134,-0.295377,-552.186523,299.999725,0.000000
127.930008,67.411713,-552.053101,-0.002143,-0.001163,-0.029538,299.862274,15.275713,-0.295377,-552.053101,299.999725,0.000000
127.940002,67.412460,-552.097534,-0.002143,-0.001163,-0.029538,299.865601,15.275883,-0.295377,-552.097534,299.999725,0.000000
127.950005,67.418045,-552.186523,-0.002164,-0.001163,-0.029538,299.890442,15.277148,-0.295377,-552.186523,299.999725,0.000000
127.960007,67.418411,-552.097534,-0.002139,-0.001163,-0.029538,299.892059,15.277230,-0.295377,-552.097534,299.999725,0.000000
127.970009,67.411713,-552.186523,-0.002082,-0.001163,-0.029538,299.862274,15.275713,-0.295377,-552.186523,299.999725,0.000000
127.980003,67.405014,-552.186523,-0.002065,-0.001163,-0.029538,299.832489,15.274195,-0.295377,-552.186523,299.999725,0.000000
127.990005,67.414688,-552.142029,-0.002057,-0.001163,-0.029538,299.875519,15.276387,-0.295377,-552.142029,299.999725,0.000000
128.000000,67.417664,-552.186523,-0.002082,-0.001163,-0.029538,299.888733,15.277061,-0.295377,-552.186523,299.999725,0.000000
128.010010,67.416183,-552.053101,-0.002121,-0.001163,-0.029538,299.882172,15.276726,-0.295377,-552.053101,299.999725,0.000000
128.020004,67.412460,-552.186523,-0.002130,-0.001163,-0.029538,299.865601,15.275883,-0.295377,-552.186523,299.999725,0.000000
128.029999,67.408737,-552.186523,-0.002147,-0.001163,-0.029538,299.849030,15.275038,-0.295377,-552.186523,299.999725,0.000000
128.040009,67.408356,-552.097534,-0.002139,-0.001163,-0.029538,299.847351,15.274952,-0.295377,-552.097534,299.999725,0.000000
128.050003,67.406876,-552.231018,-0.002169,-0.001163,-0.029538,299.840759,15.274617,-0.295377,-552.231018,299.999725,0.000000
128.060013,67.412460,-552.097534,-0.002130,-0.001163,-0.029538,299.865601,15.275883,-0.295377,-552.097534,299.999725,0.000000
128.070007,67.418411,-552.186523,-0.002177,-0.001163,-0.029538,299.892059,15.277230,-0.295377,-552.186523,299.999725,0.000000
128.080002,67.415436,-552.142029,-0.002151,-0.001163,-0.029538,299.878845,15.276556,-0.295377,-552.142029,299.999725,0.000000
128.090012,67.411331,-552.142029,-0.002143,-0.001163,-0.029538,299.860565,15.275625,-0.295377,-552.142029,299.999725,0.000000
128.100006,67.405380,-552.186523,-0.002139,-0.001163,-0.029538,299.834106,15.274278,-0.295377,-552.186523,299.999725,0.000000
128.110001,67.410217,-552.142029,-0.002182,-0.001163,-0.029538,299.855621,15.275374,-0.295377,-552.142029,299.999725,0.000000
128.120010,67.411331,-552.186523,-0.002156,-0.001163,-0.029538,299.860565,15.275625,-0.295377,-552.186523,299.999725,0.000000
128.130005,67.412827,-552.142029,-0.002147,-0.001163,-0.029538,299.867218,15.275965,-0.295377,-552.142029,299.999725,0.000000
128.139999,67.414322,-552.142029,-0.002091,-0.001163,-0.029538,299.873871,15.276303,-0.295377,-552.142029,299.999725,0.000000
128.150009,67.415070,-552.186523,-0.002126,-0.001163,-0.029538,299.877197,15.276473,-0.295377,-552.186523,299.999725,0.000000
128.160004,67.417297,-552.142029,-0.002143,-0.001163,-0.029538,299.887115,15.276978,-0.295377,-552.142029,299.999725,0.000000
128.170013,67.410965,-552.231018,-0.002164,-0.001163,-0.029538,299.858948,15.275543,-0.295377,-552.231018,299.999725,0.000000
128.180008,67.418045,-552.097534,-0.002117,-0.001163,-0.029538,299.890442,15.277148,-0.295377,-552.097534,299.999725,0.000000
128.190002,67.410965,-552.097534,-0.002126,-0.001163,-0.029538,299.858948,15.275543,-0.295377,-552.097534,299.999725,0.000000
128.200012,67.413940,-552.231018,-0.002160,-0.001163,-0.029538,299.872192,15.276217,-0.295377,-552.231018,299.999725,0.000000
128.210007,67.408737,-552.097534,-0.002156,-0.001163,-0.029538,299.849030,15.275038,-0.295377,-552.097534,299.999725,0.000000
128.220001,67.405746,-552.231018,-0.002139,-0.001163,-0.029538,299.835724,15.274361,-0.295377,-552.231018,299.999725,0.000000
128.230011,67.412460,-552.142029,-0.002160,-0.001163,-0.029538,299.865601,15.275883,-0.295377,-552.142029,299.999725,0.000000
128.240005,67.409851,-552.142029,-0.002139,-0.001163,-0.029538,299.854004,15.275290,-0.295377,-552.142029,299.999725,0.000000
128.250000,67.412827,-552.186523,-0.002100,-0.001163,-0.029538,299.867218,15.275965,-0.295377,-552.186523,299.999725,0.000000
128.260010,67.413574,-552.097534,-0.002087,-0.001163,-0.029538,299.870544,15.276134,-0.295377,-552.097534,299.999725,0.000000
128.270004,67.399048,-552.186523,-0.002130,-0.001163,-0.029538,299.805939,15.272843,-0.295377,-552.186523,299.999725,0.000000
128.279999,67.411331,-552.097534,-0.002108,-0.001163,-0.029538,299.860565,15.275625,-0.295377,-552.097534,299.999725,0.000000
128.290009,67.409103,-552.142029,-0.002113,-0.001163,-0.029538,299.850677,15.275122,-0.295377,-552.142029,299.999725,0.000000
128.300003,67.396439,-552.231018,-0.002104,-0.001163,-0.029538,299.794342,15.272251,-0.295377,-552.231018,299.999725,0.000000
128.310013,67.406494,-552.097534,-0.002108,-0.001163,-0.029538,299.839050,15.274529,-0.295377,-552.097534,299.999725,0.000000
128.320007,67.418045,-552.231018,-0.002061,-0.001163,-0.029538,299.890442,15.277148,-0.295377,-552.231018,299.999725,0.000000
128.330002,67.409470,-552.097534,-0.002005,-0.001163,-0.029538,299.852295,15.275205,-0.295377,-552.097534,299.999725,0.000000
128.340012,67.404633,-552.142029,-0.002048,-0.001163,-0.029538,299.830780,15.274109,-0.295377,-552.142029,299.999725,0.000000
128.350006,67.417297,-552.186523,-0.002044,-0.001163,-0.029538,299.887115,15.276978,-0.295377,-552.186523,299.999725,0.000000
128.360001,67.420654,-552.097534,-0.002026,-0.001163,-0.029538,299.902039,15.277739,-0.295377,-552.097534,299.999725,0.000000
128.370010,67.412079,-552.231018,-0.002100,-0.001163,-0.029538,299.863892,15.275795,-0.295377,-552.231018,299.999725,0.000000
128.380005,67.413208,-552.142029,-0.002104,-0.001163,-0.029538,299.868927,15.276051,-0.295377,-552.142029,299.999725,0.000000
128.389999,67.411713,-552.097534,-0.002048,-0.001163,-0.029538,299.862274,15.275713,-0.295377,-552.097534,299.999725,0.000000
128.400009,67.409103,-552.142029,-0.002065,-0.001163,-0.029538,299.850677,15.275122,-0.295377,-552.142029,299.999725,0.000000
128.410004,67.408356,-552.097534,-0.002057,-0.001163,-0.029538,299.847351,15.274952,-0.295377,-552.097534,299.999725,0.000000
128.420013,67.412460,-552.186523,-0.002057,-0.001163,-0.029538,299.865601,15.275883,-0.295377,-552.186523,299.999725,0.000000
128.430008,67.415070,-552.097534,-0.002082,-0.001163,-0.029538,299.877197,15.276473,-0.295377,-552.097534,299.999725,0.000000
128.440002,67.421768,-552.097534,-0.002087,-0.001163,-0.029538,299.907013,15.277991,-0.295377,-552.097534,299.999725,0.000000
128.450012,67.407242,-552.142029,-0.002147,-0.001163,-0.029538,299.842377,15.274699,-0.295377,-552.142029,299.999725,0.000000
128.460007,67.411331,-552.142029,-0.002182,-0.001163,-0.029538,299.860565,15.275625,-0.295377,-552.142029,299.999725,0.000000
128.470001,67.412079,-552.231018,-0.002130,-0.001163,-0.029538,299.863892,15.275795,-0.295377,-552.231018,299.999725,0.000000
128.480011,67.413574,-552.142029,-0.002134,-0.001163,-0.029538,299.870544,15.276134,-0.295377,-552.142029,299.999725,0.000000
128.490005,67.410965,-552.097534,-0.002143,-0.001163,-0.029538,299.858948,15.275543,-0.295377,-552.097534,299.999725,0.000000
128.500000,67.403519,-552.231018,-0.002151,-0.001163,-0.029538,299.825836,15.273856,-0.295377,-552.231018,299.999725,0.000000
128.510010,67.416183,-552.097534,-0.002147,-0.001163,-0.029538,299.882172,15.276726,-0.295377,-552.097534,299.999725,0.000000
128.520004,67.407990,-552.142029,-0.002156,-0.001163,-0.029538,299.845703,15.274869,-0.295377,-552.142029,299.999725,0.000000
128.529999,67.415802,-552.186523,-0.002130,-0.001163,-0.029538,299.880463,15.276640,-0.295377,-552.186523,299.999725,0.000000
128.540009,67.418045,-552.142029,-0.002160,-0.001163,-0.029538,299.890442,15.277148,-0.295377,-552.142029,299.999725,0.000000
128.550003,67.410599,-552.186523,-0.002160,-0.001163,-0.029538,299.857330,15.275460,-0.295377,-552.186523,299.999725,0.000000
128.560013,67.407608,-552.142029,-0.002160,-0.001163,-0.029538,299.844025,15.274782,-0.295377,-552.142029,299.999725,0.000000
128.570007,67.406494,-552.231018,-0.002130,-0.001163,-0.029538,299.839050,15.274529,-0.295377,-552.231018,299.999725,0.000000
128.580002,67.400909,-552.097534,-0.002117,-0.001163,-0.029538,299.814209,15.273264,-0.295377,-552.097534,299.999725,0.000000
128.590012,67.406494,-552.142029,-0.002074,-0.001163,-0.029538,299.839050,15.274529,-0.295377,-552.142029,299.999725,0.000000
128.600006,67.406128,-552.231018,-0.002087,-0.001163,-0.029538,299.837433,15.274447,-0.295377,-552.231018,299.999725,0.000000
128.610001,67.419907,-552.142029,-0.002057,-0.001163,-0.029538,299.898712,15.277569,-0.295377,-552.142029,299.999725,0.000000
128.620010,67.405746,-552.231018,-0.002048,-0.001163,-0.029538,299.835724,15.274361,-0.295377,-552.231018,299.999725,0.000000
128.630005,67.411713,-552.097534,-0.002052,-0.001163,-0.029538,299.862274,15.275713,-0.295377,-552.097534,299.999725,0.000000
128.639999,67.408356,-552.142029,-0.002057,-0.001163,-0.029538,299.847351,15.274952,-0.295377,-552.142029,299.999725,0.000000
128.650009,67.399796,-552.186523,-0.002095,-0.001163,-0.029538,299.809265,15.273012,-0.295377,-552.186523,299.999725,0.000000
128.660004,67.409851,-552.097534,-0.002173,-0.001163,-0.029538,299.854004,15.275290,-0.295377,-552.097534,299.999725,0.000000
128.670013,67.407242,-552.186523,-0.002156,-0.001163,-0.029538,299.842377,15.274699,-0.295377,-552.186523,299.999725,0.000000
128.680008,67.406128,-552.186523,-0.002126,-0.001163,-0.029538,299.837433,15.274447,-0.295377,-552.186523,299.999725,0.000000
128.690002,67.409851,-552.142029,-0.002031,-0.001163,-0.029538,299.854004,15.275290,-0.295377,-552.142029,299.999725,0.000000
128.700012,67.409103,-552.231018,-0.002048,-0.001163,-0.029538,299.850677,15.275122,-0.295377,-552.231018,299.999725,0.000000
128.710007,67.411713,-552.097534,-0.002113,-0.001163,-0.029538,299.862274,15.275713,-0.295377,-552.097534,299.999725,0.000000
128.720001,67.407990,-552.231018,-0.002134,-0.001163,-0.029538,299.845703,15.274869,-0.295377,-552.231018,299.999725,0.000000
128.730011,67.401291,-552.186523,-0.002173,-0.001163,-0.029538,299.815918,15.273351,-0.295377,-552.186523,299.999725,0.000000
128.740005,67.402023,-552.142029,-0.002108,-0.001163,-0.029538,299.819183,15.273517,-0.295377,-552.142029,299.999725,0.000000
128.750000,67.405014,-552.231018,-0.002108,-0.001163,-0.029538,299.832489,15.274195,-0.295377,-552.231018,299.999725,0.000000
128.760010,67.407990,-552.186523,-0.002052,-0.001163,-0.029538,299.845703,15.274869,-0.295377,-552.186523,299.999725,0.000000
128.770004,67.410599,-552.186523,-0.002108,-0.001163,-0.029538,299.857330,15.275460,-0.295377,-552.186523,299.999725,0.000000
128.779999,67.409470,-552.097534,-0.002126,-0.001163,-0.029538,299.852295,15.275205,-0.295377,-552.097534,299.999725,0.000000
128.790009,67.411713,-552.142029,-0.002108,-0.001163,-0.029538,299.862274,15.275713,-0.295377,-552.142029,299.999725,0.000000
128.800003,67.407990,-552.186523,-0.002143,-0.001163,-0.029538,299.845703,15.274869,-0.295377,-552.186523,299.999725,0.000000
128.810013,67.406494,-552.097534,-0.002139,-0.001163,-0.029538,299.839050,15.274529,-0.295377,-552.097534,299.999725,0.000000
128.820007,67.409470,-552.231018,-0.002100,-0.001163,-0.029538,299.852295,15.275205,-0.295377,-552.231018,299.999725,0.000000
128.830002,67.400909,-552.142029,-0.002095,-0.001163,-0.029538,299.814209,15.273264,-0.295377,-552.142029,299.999725,0.000000
128.840012,67.405380,-552.142029,-0.002039,-0.001163,-0.029538,299.834106,15.274278,-0.295377,-552.142029,299.999725,0.000000
128.850006,67.406494,-552.275513,-0.002061,-0.001163,-0.029538,299.839050,15.274529,-0.295377,-552.275513,299.999725,0.000000
128.860001,67.405380,-552.097534,-0.002057,-0.001163,-0.029538,299.834106,15.274278,-0.295377,-552.097534,299.999725,0.000000
128.870010,67.407990,-552.231018,-0.002065,-0.001163,-0.029538,299.845703,15.274869,-0.295377,-552.231018,299.999725,0.000000
128.880005,67.410965,-552.142029,-0.002164,-0.001163,-0.029538,299.858948,15.275543,-0.295377,-552.142029,299.999725,0.000000
128.889999,67.412827,-552.142029,-0.002151,-0.001163,-0.029538,299.867218,15.275965,-0.295377,-552.142029,299.999725,0.000000
128.900009,67.406128,-552.275513,-0.002160,-0.001163,-0.029538,299.837433,15.274447,-0.295377,-552.275513,299.999725,0.000000
128.910004,67.414322,-552.142029,-0.002160,-0.001163,-0.029538,299.873871,15.276303,-0.295377,-552.142029,299.999725,0.000000
128.920013,67.406128,-552.275513,-0.002156,-0.001163,-0.029538,299.837433,15.274447,-0.295377,-552.275513,299.999725,0.000000
128.930008,67.411331,-552.186523,-0.002156,-0.001163,-0.029538,299.860565,15.275625,-0.295377,-552.186523,299.999725,0.000000
128.940002,67.416183,-552.186523,-0.002139,-0.001163,-0.029538,299.882172,15.276726,-0.295377,-552.186523,299.999725,0.000000
128.950012,67.407608,-552.275513,-0.002134,-0.001163,-0.029538,299.844025,15.274782,-0.295377,-552.275513,299.999725,0.000000
128.960007,67.405014,-552.053101,-0.002126,-0.001163,-0.029538,299.832489,15.274195,-0.295377,-552.053101,299.999725,0.000000
128.970001,67.405380,-552.275513,-0.002091,-0.001163,-0.029538,299.834106,15.274278,-0.295377,-552.275513,299.999725,0.000000
128.980011,67.422134,-552.142029,-0.002052,-0.001163,-0.029538,299.908630,15.278074,-0.295377,-552.142029,299.999725,0.000000
128.990005,67.408737,-552.142029,-0.002070,-0.001163,-0.029538,299.849030,15.275038,-0.295377,-552.142029,299.999725,0.000000
129.000000,67.418793,-552.275513,-0.002039,-0.001163,-0.029538,299.893768,15.277317,-0.295377,-552.275513,299.999725,0.000000
129.010010,67.415436,-552.186523,-0.002057,-0.001163,-0.029538,299.878845,15.276556,-0.295377,-552.186523,299.999725,0.000000
129.020004,67.418793,-552.275513,-0.002074,-0.001163,-0.029538,299.893768,15.277317,-0.295377,-552.275513,299.999725,0.000000
129.029999,67.412079,-552.142029,-0.002048,-0.001163,-0.029538,299.863892,15.275795,-0.295377,-552.142029,299.999725,0.000000
129.040009,67.409103,-552.142029,-0.002044,-0.001163,-0.029538,299.850677,15.275122,-0.295377,-552.142029,299.999725,0.000000
129.050003,67.399429,-552.231018,-0.002031,-0.001163,-0.029538,299.807648,15.272929,-0.295377,-552.231018,299.999725,0.000000
129.060013,67.404266,-552.142029,-0.002065,-0.001163,-0.029538,299.829163,15.274025,-0.295377,-552.142029,299.999725,0.000000
129.070007,67.408356,-552.231018,-0.002070,-0.001163,-0.029538,299.847351,15.274952,-0.295377,-552.231018,299.999725,0.000000
129.080002,67.412827,-552.142029,-0.002048,-0.001163,-0.029538,299.867218,15.275965,-0.295377,-552.142029,299.999725,0.000000
129.090012,67.410599,-552.186523,-0.002057,-0.001163,-0.029538,299.857330,15.275460,-0.295377,-552.186523,299.999725,0.000000
129.100006,67.409851,-552.186523,-0.002087,-0.001163,-0.029538,299.854004,15.275290,-0.295377,-552.186523,299.999725,0.000000
129.110001,67.411331,-552.097534,-0.002095,-0.001163,-0.029538,299.860565,15.275625,-0.295377,-552.097534,299.999725,0.000000
129.120010,67.402405,-552.186523,-0.002121,-0.001163,-0.029538,299.820862,15.273603,-0.295377,-552.186523,299.999725,0.000000
129.130005,67.401291,-552.142029,-0.002190,-0.001163,-0.029538,299.815918,15.273351,-0.295377,-552.142029,299.999725,0.000000
129.139999,67.419907,-552.142029,-0.002177,-0.001163,-0.029538,299.898712,15.277569,-0.295377,-552.142029,299.999725,0.000000
129.150009,67.408356,-552.186523,-0.002121,-0.001163,-0.029538,299.847351,15.274952,-0.295377,-552.186523,299.999725,0.000000
129.160004,67.405014,-552.142029,-0.002091,-0.001163,-0.029538,299.832489,15.274195,-0.295377,-552.142029,299.999725,0.000000
129.170013,67.403519,-552.275513,-0.002091,-0.001163,-0.029538,299.825836,15.273856,-0.295377,-552.275513,299.999725,0.000000
129.180008,67.404266,-552.186523,-0.002009,-0.001163,-0.029538,299.829163,15.274025,-0.295377,-552.186523,299.999725,0.000000
129.190002,67.405014,-552.186523,-0.002113,-0.001163,-0.029538,299.832489,15.274195,-0.295377,-552.186523,299.999725,0.000000
129.200012,67.403519,-552.231018,-0.002121,-0.001163,-0.029538,299.825836,15.273856,-0.295377,-552.231018,299.999725,0.000000
129.210007,67.409470,-552.097534,-0.002143,-0.001163,-0.029538,299.852295,15.275205,-0.295377,-552.097534,299.999725,0.000000
129.220001,67.418411,-552.231018,-0.002130,-0.001163,-0.029538,299.892059,15.277230,-0.295377,-552.231018,299.999725,0.000000
129.230011,67.410599,-552.186523,-0.002190,-0.001163,-0.029538,299.857330,15.275460,-0.295377,-552.186523,299.999725,0.000000
129.240005,67.398682,-552.142029,-0.002147,-0.001163,-0.029538,299.804321,15.272759,-0.295377,-552.142029,299.999725,0.000000
129.250000,67.406876,-552.231018,-0.002164,-0.001163,-0.029538,299.840759,15.274617,-0.295377,-552.231018,299.999725,0.000000
129.260010,67.413940,-552.142029,-0.002160,-0.001163,-0.029538,299.872192,15.276217,-0.295377,-552.142029,299.999725,0.000000
129.270004,67.407242,-552.275513,-0.002156,-0.001163,-0.029538,299.842377,15.274699,-0.295377,-552.275513,299.999725,0.000000
129.279999,67.406128,-552.186523,-0.002126,-0.001163,-0.029538,299.837433,15.274447,-0.295377,-552.186523,299.999725,0.000000
129.290009,67.414688,-552.142029,-0.002139,-0.001163,-0.029538,299.875519,15.276387,-0.295377,-552.142029,299.999725,0.000000
129.300003,67.410965,-552.275513,-0.002126,-0.001163,-0.029538,299.858948,15.275543,-0.295377,-552.275513,299.999725,0.000000
129.310013,67.416931,-552.142029,-0.002095,-0.001163,-0.029538,299.885498,15.276896,-0.295377,-552.142029,299.999725,0.000000
129.320007,67.410217,-552.231018,-0.002061,-0.001163,-0.029538,299.855621,15.275374,-0.295377,-552.231018,299.999725,0.000000
129.330002,67.407608,-552.142029,-0.002022,-0.001163,-0.029538,299.844025,15.274782,-0.295377,-552.142029,299.999725,0.000000
129.340012,67.398300,-552.142029,-0.002065,-0.001163,-0.029538,299.802612,15.272674,-0.295377,-552.142029,299.999725,0.000000
129.350006,67.409103,-552.186523,-0.002065,-0.001163,-0.029538,299.850677,15.275122,-0.295377,-552.186523,299.999725,0.000000
129.360001,67.410217,-552.097534,-0.002100,-0.001163,-0.029538,299.855621,15.275374,-0.295377,-552.097534,299.999725,0.000000
129.370010,67.420654,-552.186523,-0.002143,-0.001163,-0.029538,299.902039,15.277739,-0.295377,-552.186523,299.999725,0.000000
129.380005,67.407242,-552.142029,-0.002139,-0.001163,-0.029538,299.842377,15.274699,-0.295377,-552.142029,299.999725,0.000000
129.389999,67.399796,-552.142029,-0.002151,-0.001163,-0.029538,299.809265,15.273012,-0.295377,-552.142029,299.999725,0.000000
129.400009,67.405380,-552.186523,-0.002151,-0.001163,-0.029538,299.834106,15.274278,-0.295377,-552.186523,299.999725,0.000000
129.410004,67.413940,-552.142029,-0.002151,-0.001163,-0.029538,299.872192,15.276217,-0.295377,-552.142029,299.999725,0.000000
129.420013,67.409470,-552.186523,-0.002117,-0.001163,-0.029538,299.852295,15.275205,-0.295377,-552.186523,299.999725,0.000000
129.430008,67.420273,-552.186523,-0.002065,-0.001163,-0.029538,299.900360,15.277652,-0.295377,-552.186523,299.999725,0.000000
129.440002,67.403885,-552.186523,-0.002065,-0.001163,-0.029538,299.827454,15.273939,-0.295377,-552.186523,299.999725,0.000000
129.450012,67.406876,-552.231018,-0.002026,-0.001163,-0.029538,299.840759,15.274617,-0.295377,-552.231018,299.999725,0.000000
129.460007,67.410217,-552.142029,-0.002048,-0.001163,-0.029538,299.855621,15.275374,-0.295377,-552.142029,299.999725,0.000000
129.470001,67.412460,-552.231018,-0.002031,-0.001163,-0.029538,299.865601,15.275883,-0.295377,-552.231018,299.999725,0.000000
129.480011,67.411713,-552.186523,-0.002039,-0.001163,-0.029538,299.862274,15.275713,-0.295377,-552.186523,299.999725,0.000000
129.490005,67.416931,-552.142029,-0.002048,-0.001163,-0.029538,299.885498,15.276896,-0.295377,-552.142029,299.999725,0.000000
129.500000,67.418411,-552.275513,-0.002044,-0.001163,-0.029538,299.892059,15.277230,-0.295377,-552.275513,299.999725,0.000000
129.510010,67.416183,-552.186523,-0.002057,-0.001163,-0.029538,299.882172,15.276726,-0.295377,-552.186523,299.999725,0.000000
129.520004,67.408737,-552.231018,-0.002100,-0.001163,-0.029538,299.849030,15.275038,-0.295377,-552.231018,299.999725,0.000000
129.529999,67.403885,-552.142029,-0.002126,-0.001163,-0.029538,299.827454,15.273939,-0.295377,-552.142029,299.999725,0.000000
129.540009,67.400909,-552.186523,-0.002156,-0.001163,-0.029538,299.814209,15.273264,-0.295377,-552.186523,299.999725,0.000000
129.550003,67.411331,-552.231018,-0.002164,-0.001163,-0.029538,299.860565,15.275625,-0.295377,-552.231018,299.999725,0.000000
129.560013,67.411713,-552.186523,-0.002186,-0.001163,-0.029538,299.862274,15.275713,-0.295377,-552.186523,299.999725,0.000000
129.570007,67.400162,-552.231018,-0.002164,-0.001163,-0.029538,299.810883,15.273095,-0.295377,-552.231018,299.999725,0.000000
129.580002,67.408356,-552.097534,-0.002117,-0.001163,-0.029538,299.847351,15.274952,-0.295377,-552.097534,299.999725,0.000000
129.590012,67.406876,-552.142029,-0.002082,-0.001163,-0.029538,299.840759,15.274617,-0.295377,-552.142029,299.999725,0.000000
129.600006,67.413208,-552.275513,-0.002074,-0.001163,-0.029538,299.868927,15.276051,-0.295377,-552.275513,299.999725,0.000000
129.610001,67.410217,-552.097534,-0.002026,-0.001163,-0.029538,299.855621,15.275374,-0.295377,-552.097534,299.999725,0.000000
129.620010,67.411713,-552.275513,-0.002065,-0.001163,-0.029538,299.862274,15.275713,-0.295377,-552.275513,299.999725,0.000000
129.630005,67.419525,-552.186523,-0.002065,-0.001163,-0.029538,299.897034,15.277483,-0.295377,-552.186523,299.999725,0.000000
129.639999,67.410599,-552.097534,-0.002039,-0.001163,-0.029538,299.857330,15.275460,-0.295377,-552.097534,299.999725,0.000000
129.650009,67.406128,-552.275513,-0.002087,-0.001163,-0.029538,299.837433,15.274447,-0.295377,-552.275513,299.999725,0.000000
129.660004,67.412827,-552.097534,-0.002074,-0.001163,-0.029538,299.867218,15.275965,-0.295377,-552.097534,299.999725,0.000000
129.670013,67.405014,-552.231018,-0.002164,-0.001163,-0.029538,299.832489,15.274195,-0.295377,-552.231018,299.999725,0.000000
129.680008,67.410217,-552.231018,-0.002156,-0.001163,-0.029538,299.855621,15.275374,-0.295377,-552.231018,299.999725,0.000000
129.690002,67.413208,-552.142029,-0.002143,-0.001163,-0.029538,299.868927,15.276051,-0.295377,-552.142029,299.999725,0.000000
129.700012,67.409103,-552.275513,-0.002048,-0.001163,-0.029538,299.850677,15.275122,-0.295377,-552.275513,299.999725,0.000000
129.710007,67.415802,-552.142029,-0.002052,-0.001163,-0.029538,299.880463,15.276640,-0.295377,-552.142029,299.999725,0.000000
129.720001,67.404633,-552.275513,-0.002048,-0.001163,-0.029538,299.830780,15.274109,-0.295377,-552.275513,299.999725,0.000000
129.730011,67.398682,-552.142029,-0.002048,-0.001163,-0.029538,299.804321,15.272759,-0.295377,-552.142029,299.999725,0.000000
129.740005,67.398300,-552.186523,-0.002082,-0.001163,-0.029538,299.802612,15.272674,-0.295377,-552.186523,299.999725,0.000000
129.750000,67.403519,-552.186523,-0.002078,-0.001163,-0.029538,299.825836,15.273856,-0.295377,-552.186523,299.999725,0.000000
129.760010,67.403519,-552.142029,-0.002074,-0.001163,-0.029538,299.825836,15.273856,-0.295377,-552.142029,299.999725,0.000000
129.770004,67.415802,-552.231018,-0.002095,-0.001163,-0.029538,299.880463,15.276640,-0.295377,-552.231018,299.999725,0.000000
129.779999,67.407608,-552.186523,-0.002160,-0.001163,-0.029538,299.844025,15.274782,-0.295377,-552.186523,299.999725,0.000000
129.790009,67.412827,-552.231018,-0.002164,-0.001163,-0.029538,299.867218,15.275965,-0.295377,-552.231018,299.999725,0.000000
129.800003,67.403519,-552.231018,-0.002199,-0.001163,-0.029538,299.825836,15.273856,-0.295377,-552.231018,299.999725,0.000000
129.810013,67.402771,-552.142029,-0.002151,-0.001163,-0.029538,299.822510,15.273686,-0.295377,-552.142029,299.999725,0.000000
129.820007,67.406128,-552.275513,-0.002113,-0.001163,-0.029538,299.837433,15.274447,-0.295377,-552.275513,299.999725,0.000000
129.830002,67.410599,-552.142029,-0.002078,-0.001163,-0.029538,299.857330,15.275460,-0.295377,-552.142029,299.999725,0.000000
129.840012,67.415802,-552.231018,-0.002087,-0.001163,-0.029538,299.880463,15.276640,-0.295377,-552.231018,299.999725,0.000000
129.850006,67.418793,-552.231018,-0.002108,-0.001163,-0.029538,299.893768,15.277317,-0.295377,-552.231018,299.999725,0.000000
129.860001,67.407608,-552.097534,-0.002070,-0.001163,-0.029538,299.844025,15.274782,-0.295377,-552.097534,299.999725,0.000000
129.870010,67.400909,-552.275513,-0.002095,-0.001163,-0.029538,299.814209,15.273264,-0.295377,-552.275513,299.999725,0.000000
129.880005,67.410599,-552.142029,-0.002100,-0.001163,-0.029538,299.857330,15.275460,-0.295377,-552.142029,299.999725,0.000000
129.889999,67.408737,-552.186523,-0.002044,-0.001163,-0.029538,299.849030,15.275038,-0.295377,-552.186523,299.999725,0.000000
129.900009,67.417664,-552.319946,-0.002035,-0.001163,-0.029538,299.888733,15.277061,-0.295377,-552.319946,299.999725,0.000000
129.910004,67.415436,-552.231018,-0.002065,-0.001163,-0.029538,299.878845,15.276556,-0.295377,-552.231018,299.999725,0.000000
129.920013,67.407990,-552.275513,-0.002065,-0.001163,-0.029538,299.845703,15.274869,-0.295377,-552.275513,299.999725,0.000000
129.930008,67.403885,-552.142029,-0.002065,-0.001163,-0.029538,299.827454,15.273939,-0.295377,-552.142029,299.999725,0.000000
129.940002,67.404633,-552.186523,-0.002078,-0.001163,-0.029538,299.830780,15.274109,-0.295377,-552.186523,299.999725,0.000000
129.950012,67.399048,-552.231018,-0.002126,-0.001163,-0.029538,299.805939,15.272843,-0.295377,-552.231018,299.999725,0.000000
129.960007,67.408737,-552.142029,-0.002156,-0.001163,-0.029538,299.849030,15.275038,-0.295377,-552.142029,299.999725,0.000000
129.970001,67.406128,-552.275513,-0.002151,-0.001163,-0.029538,299.837433,15.274447,-0.295377,-552.275513,299.999725,0.000000
129.980011,67.400909,-552.142029,-0.002164,-0.001163,-0.029538,299.814209,15.273264,-0.295377,-552.142029,299.999725,0.000000
129.990005,67.409470,-552.186523,-0.002147,-0.001163,-0.029538,299.852295,15.275205,-0.295377,-552.186523,299.999725,0.000000
130.000000,67.403519,-552.275513,-0.002147,-0.001163,-0.029538,299.825836,15.273856,-0.295377,-552.275513,299.999725,0.000000
130.010010,67.409103,-552.186523,-0.002160,-0.001163,-0.029538,299.850677,15.275122,-0.295377,-552.186523,299.999725,0.000000
130.020004,67.409851,-552.186523,-0.002121,-0.001163,-0.029538,299.854004,15.275290,-0.295377,-552.186523,299.999725,0.000000
130.029999,67.406494,-552.186523,-0.002087,-0.001163,-0.029538,299.839050,15.274529,-0.295377,-552.186523,299.999725,0.000000
130.040009,67.405746,-552.142029,-0.002065,-0.001163,-0.029538,299.835724,15.274361,-0.295377,-552.142029,299.999725,0.000000
130.050003,67.406876,-552.275513,-0.002078,-0.001163,-0.029538,299.840759,15.274617,-0.295377,-552.275513,299.999725,0.000000
130.060013,67.402405,-552.142029,-0.002091,-0.001163,-0.029538,299.820862,15.273603,-0.295377,-552.142029,299.999725,0.000000
130.070007,67.409470,-552.231018,-0.002173,-0.001163,-0.029538,299.852295,15.275205,-0.295377,-552.231018,299.999725,0.000000
130.080002,67.401657,-552.186523,-0.002147,-0.001163,-0.029538,299.817535,15.273434,-0.295377,-552.186523,299.999725,0.000000
130.090012,67.407608,-552.186523,-0.002082,-0.001163,-0.029538,299.844025,15.274782,-0.295377,-552.186523,299.999725,0.000000
130.100006,67.400162,-552.275513,-0.002048,-0.001163,-0.029538,299.810883,15.273095,-0.295377,-552.275513,299.999725,0.000000
130.110001,67.413208,-552.142029,-0.002026,-0.001163,-0.029538,299.868927,15.276051,-0.295377,-552.142029,299.999725,0.000000
130.120010,67.413574,-552.231018,-0.002091,-0.001163,-0.029538,299.870544,15.276134,-0.295377,-552.231018,299.999725,0.000000
130.130005,67.410965,-552.142029,-0.002095,-0.001163,-0.029538,299.858948,15.275543,-0.295377,-552.142029,299.999725,0.000000
130.139999,67.413940,-552.142029,-0.002078,-0.001163,-0.029538,299.872192,15.276217,-0.295377,-552.142029,299.999725,0.000000
130.150009,67.404633,-552.231018,-0.002108,-0.001163,-0.029538,299.830780,15.274109,-0.295377,-552.231018,299.999725,0.000000
130.160004,67.402405,-552.097534,-0.002160,-0.001163,-0.029538,299.820862,15.273603,-0.295377,-552.097534,299.999725,0.000000
130.170013,67.403885,-552.275513,-0.002156,-0.001163,-0.029538,299.827454,15.273939,-0.295377,-552.275513,299.999725,0.000000
130.180008,67.413574,-552.231018,-0.002151,-0.001163,-0.029538,299.870544,15.276134,-0.295377,-552.231018,299.999725,0.000000
130.190002,67.414322,-552.186523,-0.002143,-0.001163,-0.029538,299.873871,15.276303,-0.295377,-552.186523,299.999725,0.000000
130.200012,67.406494,-552.319946,-0.002160,-0.001163,-0.029538,299.839050,15.274529,-0.295377,-552.319946,299.999725,0.000000
130.210007,67.405746,-552.142029,-0.002121,-0.001163,-0.029538,299.835724,15.274361,-0.295377,-552.142029,299.999725,0.000000
130.220001,67.410217,-552.275513,-0.002108,-0.001163,-0.029538,299.855621,15.275374,-0.295377,-552.275513,299.999725,0.000000
130.230011,67.415070,-552.186523,-0.002113,-0.001163,-0.029538,299.877197,15.276473,-0.295377,-552.186523,299.999725,0.000000
130.240005,67.404633,-552.186523,-0.002121,-0.001163,-0.029538,299.830780,15.274109,-0.295377,-552.186523,299.999725,0.000000
130.250000,67.410965,-552.231018,-0.002065,-0.001163,-0.029538,299.858948,15.275543,-0.295377,-552.231018,299.999725,0.000000
130.260010,67.408737,-552.142029,-0.002057,-0.001163,-0.029538,299.849030,15.275038,-0.295377,-552.142029,299.999725,0.000000
130.270004,67.407242,-552.319946,-0.002052,-0.001163,-0.029538,299.842377,15.274699,-0.295377,-552.319946,299.999725,0.000000
130.279999,67.406494,-552.231018,-0.002074,-0.001163,-0.029538,299.839050,15.274529,-0.295377,-552.231018,299.999725,0.000000
130.290009,67.399796,-552.186523,-0.002095,-0.001163,-0.029538,299.809265,15.273012,-0.295377,-552.186523,299.999725,0.000000
130.300003,67.414322,-552.231018,-0.002082,-0.001163,-0.029538,299.873871,15.276303,-0.295377,-552.231018,299.999725,0.000000
130.310013,67.407242,-552.142029,-0.002057,-0.001163,-0.029538,299.842377,15.274699,-0.295377,-552.142029,299.999725,0.000000
130.320007,67.407608,-552.275513,-0.002091,-0.001163,-0.029538,299.844025,15.274782,-0.295377,-552.275513,299.999725,0.000000
130.330002,67.402023,-552.186523,-0.002070,-0.001163,-0.029538,299.819183,15.273517,-0.295377,-552.186523,299.999725,0.000000
130.340012,67.403885,-552.231018,-0.002082,-0.001163,-0.029538,299.827454,15.273939,-0.295377,-552.231018,299.999725,0.000000
130.350006,67.406876,-552.275513,-0.002100,-0.001163,-0.029538,299.840759,15.274617,-0.295377,-552.275513,299.999725,0.000000
130.360001,67.406876,-552.142029,-0.002130,-0.001163,-0.029538,299.840759,15.274617,-0.295377,-552.142029,299.999725,0.000000
130.370010,67.411713,-552.319946,-0.002156,-0.001163,-0.029538,299.862274,15.275713,-0.295377,-552.319946,299.999725,0.000000
130.380005,67.419525,-552.186523,-0.002190,-0.001163,-0.029538,299.897034,15.277483,-0.295377,-552.186523,299.999725,0.000000
130.389999,67.410599,-552.186523,-0.002164,-0.001163,-0.029538,299.857330,15.275460,-0.295377,-552.186523,299.999725,0.000000
130.400009,67.406128,-552.275513,-0.002151,-0.001163,-0.029538,299.837433,15.274447,-0.295377,-552.275513,299.999725,0.000000
130.410004,67.409103,-552.097534,-0.002091,-0.001163,-0.029538,299.850677,15.275122,-0.295377,-552.097534,299.999725,0.000000
130.420013,67.403885,-552.231018,-0.002039,-0.001163,-0.029538,299.827454,15.273939,-0.295377,-552.231018,299.999725,0.000000
130.430008,67.407608,-552.142029,-0.002035,-0.001163,-0.029538,299.844025,15.274782,-0.295377,-552.142029,299.999725,0.000000
130.440002,67.408356,-552.275513,-0.002052,-0.001163,-0.029538,299.847351,15.274952,-0.295377,-552.275513,299.999725,0.000000
130.450012,67.415436,-552.275513,-0.002044,-0.001163,-0.029538,299.878845,15.276556,-0.295377,-552.275513,299.999725,0.000000
130.460007,67.415802,-552.142029,-0.002057,-0.001163,-0.029538,299.880463,15.276640,-0.295377,-552.142029,299.999725,0.000000
130.470001,67.411713,-552.275513,-0.002100,-0.001163,-0.029538,299.862274,15.275713,-0.295377,-552.275513,299.999725,0.000000
130.480011,67.413574,-552.231018,-0.002164,-0.001163,-0.029538,299.870544,15.276134,-0.295377,-552.231018,299.999725,0.000000
130.490005,67.407608,-552.142029,-0.002177,-0.001163,-0.029538,299.844025,15.274782,-0.295377,-552.142029,299.999725,0.000000
130.500000,67.412079,-552.275513,-0.002160,-0.001163,-0.029538,299.863892,15.275795,-0.295377,-552.275513,299.999725,0.000000
130.510010,67.412460,-552.142029,-0.002143,-0.001163,-0.029538,299.865601,15.275883,-0.295377,-552.142029,299.999725,0.000000
130.520004,67.415070,-552.275513,-0.002156,-0.001163,-0.029538,299.877197,15.276473,-0.295377,-552.275513,299.999725,0.000000
130.529999,67.410965,-552.231018,-0.002121,-0.001163,-0.029538,299.858948,15.275543,-0.295377,-552.231018,299.999725,0.000000
130.540009,67.416931,-552.231018,-0.002134,-0.001163,-0.029538,299.885498,15.276896,-0.295377,-552.231018,299.999725,0.000000
130.550003,67.406876,-552.319946,-0.002126,-0.001163,-0.029538,299.840759,15.274617,-0.295377,-552.319946,299.999725,0.000000
130.560013,67.408356,-552.231018,-0.002143,-0.001163,-0.029538,299.847351,15.274952,-0.295377,-552.231018,299.999725,0.000000
130.570007,67.403152,-552.275513,-0.002126,-0.001163,-0.029538,299.824188,15.273772,-0.295377,-552.275513,299.999725,0.000000
130.580002,67.410599,-552.186523,-0.002108,-0.001163,-0.029538,299.857330,15.275460,-0.295377,-552.186523,299.999725,0.000000
130.590012,67.402405,-552.186523,-0.002074,-0.001163,-0.029538,299.820862,15.273603,-0.295377,-552.186523,299.999725,0.000000
130.600006,67.405746,-552.231018,-0.002070,-0.001163,-0.029538,299.835724,15.274361,-0.295377,-552.231018,299.999725,0.000000
130.610001,67.406876,-552.142029,-0.002048,-0.001163,-0.029538,299.840759,15.274617,-0.295377,-552.142029,299.999725,0.000000
130.620010,67.407608,-552.319946,-0.002044,-0.001163,-0.029538,299.844025,15.274782,-0.295377,-552.319946,299.999725,0.000000
130.630005,67.407608,-552.231018,-0.002074,-0.001163,-0.029538,299.844025,15.274782,-0.295377,-552.231018,299.999725,0.000000
130.639999,67.407608,-552.231018,-0.002074,-0.001163,-0.029538,299.844025,15.274782,-0.295377,-552.231018,299.999725,0.000000
130.650009,67.409470,-552.275513,-0.002082,-0.001163,-0.029538,299.852295,15.275205,-0.295377,-552.275513,299.999725,0.000000
130.660004,67.409851,-552.142029,-0.002108,-0.001163,-0.029538,299.854004,15.275290,-0.295377,-552.142029,299.999725,0.000000
130.670013,67.397934,-552.275513,-0.002048,-0.001163,-0.029538,299.800995,15.272591,-0.295377,-552.275513,299.999725,0.000000
130.680008,67.404266,-552.186523,-0.002057,-0.001163,-0.029538,299.829163,15.274025,-0.295377,-552.186523,299.999725,0.000000
130.690002,67.415436,-552.231018,-0.002095,-0.001163,-0.029538,299.878845,15.276556,-0.295377,-552.231018,299.999725,0.000000
130.700012,67.404633,-552.319946,-0.002100,-0.001163,-0.029538,299.830780,15.274109,-0.295377,-552.319946,299.999725,0.000000
130.710007,67.404266,-552.186523,-0.002095,-0.001163,-0.029538,299.829163,15.274025,-0.295377,-552.186523,299.999725,0.000000
130.720001,67.407990,-552.275513,-0.002169,-0.001163,-0.029538,299.845703,15.274869,-0.295377,-552.275513,299.999725,0.000000
130.730011,67.416183,-552.186523,-0.002186,-0.001163,-0.029538,299.882172,15.276726,-0.295377,-552.186523,299.999725,0.000000
130.740005,67.406128,-552.231018,-0.002147,-0.001163,-0.029538,299.837433,15.274447,-0.295377,-552.231018,299.999725,0.000000
130.750000,67.397186,-552.319946,-0.002070,-0.001163,-0.029538,299.797668,15.272421,-0.295377,-552.319946,299.999725,0.000000
130.760010,67.407990,-552.186523,-0.002052,-0.001163,-0.029538,299.845703,15.274869,-0.295377,-552.186523,299.999725,0.000000
130.770004,67.400909,-552.319946,-0.002044,-0.001163,-0.029538,299.814209,15.273264,-0.295377,-552.319946,299.999725,0.000000
130.779999,67.403519,-552.186523,-0.002057,-0.001163,-0.029538,299.825836,15.273856,-0.295377,-552.186523,299.999725,0.000000
130.790009,67.405380,-552.186523,-0.002057,-0.001163,-0.029538,299.834106,15.274278,-0.295377,-552.186523,299.999725,0.000000
130.800003,67.398682,-552.231018,-0.002065,-0.001163,-0.029538,299.804321,15.272759,-0.295377,-552.231018,299.999725,0.000000
130.810013,67.408737,-552.186523,-0.002065,-0.001163,-0.029538,299.849030,15.275038,-0.295377,-552.186523,299.999725,0.000000
130.820007,67.404633,-552.319946,-0.002117,-0.001163,-0.029538,299.830780,15.274109,-0.295377,-552.319946,299.999725,0.000000
130.830002,67.410965,-552.186523,-0.002130,-0.001163,-0.029538,299.858948,15.275543,-0.295377,-552.186523,299.999725,0.000000
130.840012,67.404633,-552.231018,-0.002134,-0.001163,-0.029538,299.830780,15.274109,-0.295377,-552.231018,299.999725,0.000000
130.850006,67.417297,-552.275513,-0.002169,-0.001163,-0.029538,299.887115,15.276978,-0.295377,-552.275513,299.999725,0.000000
130.860001,67.411713,-552.186523,-0.002147,-0.001163,-0.029538,299.862274,15.275713,-0.295377,-552.186523,299.999725,0.000000
130.870010,67.406494,-552.275513,-0.002121,-0.001163,-0.029538,299.839050,15.274529,-0.295377,-552.275513,299.999725,0.000000
130.880005,67.412079,-552.186523,-0.002104,-0.001163,-0.029538,299.863892,15.275795,-0.295377,-552.186523,299.999725,0.000000
130.889999,67.413574,-552.231018,-0.002052,-0.001163,-0.029538,299.870544,15.276134,-0.295377,-552.231018,299.999725,0.000000
130.900009,67.407608,-552.275513,-0.002052,-0.001163,-0.029538,299.844025,15.274782,-0.295377,-552.275513,299.999725,0.000000
130.910004,67.410217,-552.142029,-0.002057,-0.001163,-0.029538,299.855621,15.275374,-0.295377,-552.142029,299.999725,0.000000
130.920013,67.403152,-552.275513,-0.002087,-0.001163,-0.029538,299.824188,15.273772,-0.295377,-552.275513,299.999725,0.000000
130.930008,67.405014,-552.231018,-0.002070,-0.001163,-0.029538,299.832489,15.274195,-0.295377,-552.231018,299.999725,0.000000
130.940002,67.398300,-552.275513,-0.002130,-0.001163,-0.029538,299.802612,15.272674,-0.295377,-552.275513,299.999725,0.000000
130.950012,67.402023,-552.231018,-0.002151,-0.001163,-0.029538,299.819183,15.273517,-0.295377,-552.231018,299.999725,0.000000
130.960007,67.404633,-552.186523,-0.002177,-0.001163,-0.029538,299.830780,15.274109,-0.295377,-552.186523,299.999725,0.000000
130.970001,67.405014,-552.319946,-0.002151,-0.001163,-0.029538,299.832489,15.274195,-0.295377,-552.319946,299.999725,0.000000
130.980011,67.413574,-552.186523,-0.002100,-0.001163,-0.029538,299.870544,15.276134,-0.295377,-552.186523,299.999725,0.000000
130.990005,67.416550,-552.275513,-0.002052,-0.001163,-0.029538,299.883789,15.276809,-0.295377,-552.275513,299.999725,0.000000
131.000000,67.402405,-552.275513,-0.002031,-0.001163,-0.029538,299.820862,15.273603,-0.295377,-552.275513,299.999725,0.000000
131.010010,67.405014,-552.186523,-0.002074,-0.001163,-0.029538,299.832489,15.274195,-0.295377,-552.186523,299.999725,0.000000
131.020004,67.407608,-552.275513,-0.002078,-0.001163,-0.029538,299.844025,15.274782,-0.295377,-552.275513,299.999725,0.000000
131.029999,67.409470,-552.186523,-0.002078,-0.001163,-0.029538,299.852295,15.275205,-0.295377,-552.186523,299.999725,0.000000
131.040009,67.403885,-552.231018,-0.002113,-0.001163,-0.029538,299.827454,15.273939,-0.295377,-552.231018,299.999725,0.000000
131.050003,67.410965,-552.275513,-0.002095,-0.001163,-0.029538,299.858948,15.275543,-0.295377,-552.275513,299.999725,0.000000
131.060013,67.402771,-552.142029,-0.002126,-0.001163,-0.029538,299.822510,15.273686,-0.295377,-552.142029,299.999725,0.000000
131.070007,67.399796,-552.319946,-0.002164,-0.001163,-0.029538,299.809265,15.273012,-0.295377,-552.319946,299.999725,0.000000
131.080002,67.412079,-552.231018,-0.002186,-0.001163,-0.029538,299.863892,15.275795,-0.295377,-552.231018,299.999725,0.000000
131.090012,67.407608,-552.231018,-0.002108,-0.001163,-0.029538,299.844025,15.274782,-0.295377,-552.231018,299.999725,0.000000
131.100006,67.405746,-552.275513,-0.002126,-0.001163,-0.029538,299.835724,15.274361,-0.295377,-552.275513,299.999725,0.000000
131.110001,67.405014,-552.186523,-0.002104,-0.001163,-0.029538,299.832489,15.274195,-0.295377,-552.186523,299.999725,0.000000
131.120010,67.407608,-552.319946,-0.002082,-0.001163,-0.029538,299.844025,15.274782,-0.295377,-552.319946,299.999725,0.000000
131.130005,67.413208,-552.231018,-0.002052,-0.001163,-0.029538,299.868927,15.276051,-0.295377,-552.231018,299.999725,0.000000
131.139999,67.412079,-552.231018,-0.002052,-0.001163,-0.029538,299.863892,15.275795,-0.295377,-552.231018,299.999725,0.000000
131.150009,67.402405,-552.364441,-0.002052,-0.001163,-0.029538,299.820862,15.273603,-0.295377,-552.364441,299.999725,0.000000
131.160004,67.408356,-552.231018,-0.002139,-0.001163,-0.029538,299.847351,15.274952,-0.295377,-552.231018,299.999725,0.000000
131.170013,67.397934,-552.319946,-0.002151,-0.001163,-0.029538,299.800995,15.272591,-0.295377,-552.319946,299.999725,0.000000
131.180008,67.402405,-552.231018,-0.002177,-0.001163,-0.029538,299.820862,15.273603,-0.295377,-552.231018,299.999725,0.000000
131.190002,67.403519,-552.231018,-0.002182,-0.001163,-0.029538,299.825836,15.273856,-0.295377,-552.231018,299.999725,0.000000
131.200012,67.400162,-552.319946,-0.002151,-0.001163,-0.029538,299.810883,15.273095,-0.295377,-552.319946,299.999725,0.000000
131.210007,67.410965,-552.186523,-0.002143,-0.001163,-0.029538,299.858948,15.275543,-0.295377,-552.186523,299.999725,0.000000
131.220001,67.402405,-552.319946,-0.002143,-0.001163,-0.029538,299.820862,15.273603,-0.295377,-552.319946,299.999725,0.000000
131.230011,67.400162,-552.231018,-0.002048,-0.001163,-0.029538,299.810883,15.273095,-0.295377,-552.231018,299.999725,0.000000
131.240005,67.402405,-552.231018,-0.002048,-0.001163,-0.029538,299.820862,15.273603,-0.295377,-552.231018,299.999725,0.000000
131.250000,67.408356,-552.275513,-0.002126,-0.001163,-0.029538,299.847351,15.274952,-0.295377,-552.275513,299.999725,0.000000
131.260010,67.415802,-552.231018,-0.002104,-0.001163,-0.029538,299.880463,15.276640,-0.295377,-552.231018,299.999725,0.000000
131.270004,67.405746,-552.319946,-0.002151,-0.001163,-0.029538,299.835724,15.274361,-0.295377,-552.319946,299.999725,0.000000
131.279999,67.417297,-552.231018,-0.002147,-0.001163,-0.029538,299.887115,15.276978,-0.295377,-552.231018,299.999725,0.000000
131.290009,67.409470,-552.231018,-0.002160,-0.001163,-0.029538,299.852295,15.275205,-0.295377,-552.231018,299.999725,0.000000
131.300003,67.401291,-552.275513,-0.002147,-0.001163,-0.029538,299.815918,15.273351,-0.295377,-552.275513,299.999725,0.000000
131.310013,67.403152,-552.231018,-0.002186,-0.001163,-0.029538,299.824188,15.273772,-0.295377,-552.231018,299.999725,0.000000
131.320007,67.403152,-552.275513,-0.002147,-0.001163,-0.029538,299.824188,15.273772,-0.295377,-552.275513,299.999725,0.000000
131.330002,67.405014,-552.231018,-0.002160,-0.001163,-0.029538,299.832489,15.274195,-0.295377,-552.231018,299.999725,0.000000
131.340012,67.412460,-552.275513,-0.002156,-0.001163,-0.029538,299.865601,15.275883,-0.295377,-552.275513,299.999725,0.000000
131.350006,67.403885,-552.275513,-0.002126,-0.001163,-0.029538,299.827454,15.273939,-0.295377,-552.275513,299.999725,0.000000
131.360001,67.412460,-552.186523,-0.002143,-0.001163,-0.029538,299.865601,15.275883,-0.295377,-552.186523,299.999725,0.000000
131.370010,67.415436,-552.275513,-0.002100,-0.001163,-0.029538,299.878845,15.276556,-0.295377,-552.275513,299.999725,0.000000
131.380005,67.402771,-552.275513,-0.002108,-0.001163,-0.029538,299.822510,15.273686,-0.295377,-552.275513,299.999725,0.000000
131.389999,67.401657,-552.231018,-0.002091,-0.001163,-0.029538,299.817535,15.273434,-0.295377,-552.231018,299.999725,0.000000
131.400009,67.402405,-552.319946,-0.002087,-0.001163,-0.029538,299.820862,15.273603,-0.295377,-552.319946,299.999725,0.000000
131.410004,67.406876,-552.231018,-0.002126,-0.001163,-0.029538,299.840759,15.274617,-0.295377,-552.231018,299.999725,0.000000
131.420013,67.413208,-552.275513,-0.002139,-0.001163,-0.029538,299.868927,15.276051,-0.295377,-552.275513,299.999725,0.000000
131.430008,67.410217,-552.186523,-0.002130,-0.001163,-0.029538,299.855621,15.275374,-0.295377,-552.186523,299.999725,0.000000
131.440002,67.408356,-552.231018,-0.002104,-0.001163,-0.029538,299.847351,15.274952,-0.295377,-552.231018,299.999725,0.000000
131.450012,67.406128,-552.231018,-0.002130,-0.001163,-0.029538,299.837433,15.274447,-0.295377,-552.231018,299.999725,0.000000
131.460007,67.409103,-552.186523,-0.002052,-0.001163,-0.029538,299.850677,15.275122,-0.295377,-552.186523,299.999725,0.000000
131.470001,67.408737,-552.364441,-0.002039,-0.001163,-0.029538,299.849030,15.275038,-0.295377,-552.364441,299.999725,0.000000
131.480011,67.410965,-552.231018,-0.002091,-0.001163,-0.029538,299.858948,15.275543,-0.295377,-552.231018,299.999725,0.000000
131.490005,67.403152,-552.186523,-0.002151,-0.001163,-0.029538,299.824188,15.273772,-0.295377,-552.186523,299.999725,0.000000
131.500000,67.406876,-552.275513,-0.002173,-0.001163,-0.029538,299.840759,15.274617,-0.295377,-552.275513,299.999725,0.000000
131.510010,67.408737,-552.186523,-0.002151,-0.001163,-0.029538,299.849030,15.275038,-0.295377,-552.186523,299.999725,0.000000
131.520004,67.403519,-552.319946,-0.002164,-0.001163,-0.029538,299.825836,15.273856,-0.295377,-552.319946,299.999725,0.000000
131.529999,67.403885,-552.231018,-0.002177,-0.001163,-0.029538,299.827454,15.273939,-0.295377,-552.231018,299.999725,0.000000
131.540009,67.403519,-552.186523,-0.002156,-0.001163,-0.029538,299.825836,15.273856,-0.295377,-552.186523,299.999725,0.000000
131.550003,67.403152,-552.275513,-0.002151,-0.001163,-0.029538,299.824188,15.273772,-0.295377,-552.275513,299.999725,0.000000
131.560013,67.397186,-552.186523,-0.002151,-0.001163,-0.029538,299.797668,15.272421,-0.295377,-552.186523,299.999725,0.000000
131.570007,67.407242,-552.319946,-0.002156,-0.001163,-0.029538,299.842377,15.274699,-0.295377,-552.319946,299.999725,0.000000
131.580002,67.417664,-552.186523,-0.002074,-0.001163,-0.029538,299.888733,15.277061,-0.295377,-552.186523,299.999725,0.000000
131.590012,67.400543,-552.231018,-0.002057,-0.001163,-0.029538,299.812592,15.273182,-0.295377,-552.231018,299.999725,0.000000
131.600006,67.404633,-552.275513,-0.002052,-0.001163,-0.029538,299.830780,15.274109,-0.295377,-552.275513,299.999725,0.000000
131.610001,67.411331,-552.186523,-0.002048,-0.001163,-0.029538,299.860565,15.275625,-0.295377,-552.186523,299.999725,0.000000
131.620010,67.414688,-552.319946,-0.002048,-0.001163,-0.029538,299.875519,15.276387,-0.295377,-552.319946,299.999725,0.000000
131.630005,67.406128,-552.275513,-0.002061,-0.001163,-0.029538,299.837433,15.274447,-0.295377,-552.275513,299.999725,0.000000
131.639999,67.409470,-552.186523,-0.002087,-0.001163,-0.029538,299.852295,15.275205,-0.295377,-552.186523,299.999725,0.000000
131.650009,67.403519,-552.275513,-0.002108,-0.001163,-0.029538,299.825836,15.273856,-0.295377,-552.275513,299.999725,0.000000
131.660004,67.407990,-552.186523,-0.002139,-0.001163,-0.029538,299.845703,15.274869,-0.295377,-552.186523,299.999725,0.000000
131.670013,67.413574,-552.364441,-0.002108,-0.001163,-0.029538,299.870544,15.276134,-0.295377,-552.364441,299.999725,0.000000
131.680008,67.412460,-552.275513,-0.002108,-0.001163,-0.029538,299.865601,15.275883,-0.295377,-552.275513,299.999725,0.000000
131.690002,67.412460,-552.231018,-0.002126,-0.001163,-0.029538,299.865601,15.275883,-0.295377,-552.231018,299.999725,0.000000
131.700012,67.411331,-552.275513,-0.002147,-0.001163,-0.029538,299.860565,15.275625,-0.295377,-552.275513,299.999725,0.000000
131.710007,67.418411,-552.142029,-0.002156,-0.001163,-0.029538,299.892059,15.277230,-0.295377,-552.142029,299.999725,0.000000
131.720001,67.412460,-552.364441,-0.002151,-0.001163,-0.029538,299.865601,15.275883,-0.295377,-552.364441,299.999725,0.000000
131.730011,67.407242,-552.275513,-0.002130,-0.001163,-0.029538,299.842377,15.274699,-0.295377,-552.275513,299.999725,0.000000
131.740005,67.411331,-552.275513,-0.002113,-0.001163,-0.029538,299.860565,15.275625,-0.295377,-552.275513,299.999725,0.000000
131.750000,67.404633,-552.364441,-0.002095,-0.001163,-0.029538,299.830780,15.274109,-0.295377,-552.364441,299.999725,0.000000
131.760010,67.410965,-552.186523,-0.002070,-0.001163,-0.029538,299.858948,15.275543,-0.295377,-552.186523,299.999725,0.000000
131.770004,67.402771,-552.319946,-0.002044,-0.001163,-0.029538,299.822510,15.273686,-0.295377,-552.319946,299.999725,0.000000
131.779999,67.407990,-552.186523,-0.002065,-0.001163,-0.029538,299.845703,15.274869,-0.295377,-552.186523,299.999725,0.000000
131.790009,67.405380,-552.231018,-0.002061,-0.001163,-0.029538,299.834106,15.274278,-0.295377,-552.231018,299.999725,0.000000
131.800003,67.404633,-552.275513,-0.002082,-0.001163,-0.029538,299.830780,15.274109,-0.295377,-552.275513,299.999725,0.000000
131.810013,67.409851,-552.231018,-0.002117,-0.001163,-0.029538,299.854004,15.275290,-0.295377,-552.231018,299.999725,0.000000
131.820007,67.403519,-552.319946,-0.002139,-0.001163,-0.029538,299.825836,15.273856,-0.295377,-552.319946,299.999725,0.000000
131.830002,67.404633,-552.186523,-0.002139,-0.001163,-0.029538,299.830780,15.274109,-0.295377,-552.186523,299.999725,0.000000
131.840012,67.402023,-552.275513,-0.002177,-0.001163,-0.029538,299.819183,15.273517,-0.295377,-552.275513,299.999725,0.000000
131.850006,67.407242,-552.275513,-0.002169,-0.001163,-0.029538,299.842377,15.274699,-0.295377,-552.275513,299.999725,0.000000
131.860001,67.397934,-552.142029,-0.002121,-0.001163,-0.029538,299.800995,15.272591,-0.295377,-552.142029,299.999725,0.000000
131.870010,67.406494,-552.319946,-0.002057,-0.001163,-0.029538,299.839050,15.274529,-0.295377,-552.319946,299.999725,0.000000
131.880005,67.410217,-552.186523,-0.002035,-0.001163,-0.029538,299.855621,15.275374,-0.295377,-552.186523,299.999725,0.000000
131.889999,67.404633,-552.186523,-0.002061,-0.001163,-0.029538,299.830780,15.274109,-0.295377,-552.186523,299.999725,0.000000
131.900009,67.409103,-552.275513,-0.002095,-0.001163,-0.029538,299.850677,15.275122,-0.295377,-552.275513,299.999725,0.000000
131.910004,67.413574,-552.186523,-0.002087,-0.001163,-0.029538,299.870544,15.276134,-0.295377,-552.186523,299.999725,0.000000
131.920013,67.407242,-552.364441,-0.002134,-0.001163,-0.029538,299.842377,15.274699,-0.295377,-552.364441,299.999725,0.000000
131.930008,67.407990,-552.275513,-0.002151,-0.001163,-0.029538,299.845703,15.274869,-0.295377,-552.275513,299.999725,0.000000
131.940002,67.406494,-552.275513,-0.002113,-0.001163,-0.029538,299.839050,15.274529,-0.295377,-552.275513,299.999725,0.000000
131.950012,67.411713,-552.319946,-0.002082,-0.001163,-0.029538,299.862274,15.275713,-0.295377,-552.319946,299.999725,0.000000
131.960007,67.409851,-552.231018,-0.002134,-0.001163,-0.029538,299.854004,15.275290,-0.295377,-552.231018,299.999725,0.000000
131.970001,67.395325,-552.275513,-0.002151,-0.001163,-0.029538,299.789368,15.271998,-0.295377,-552.275513,299.999725,0.000000
131.980011,67.412079,-552.231018,-0.002134,-0.001163,-0.029538,299.863892,15.275795,-0.295377,-552.231018,299.999725,0.000000
131.990005,67.409851,-552.275513,-0.002164,-0.001163,-0.029538,299.854004,15.275290,-0.295377,-552.275513,299.999725,0.000000
132.000000,67.404266,-552.275513,-0.002151,-0.001163,-0.029538,299.829163,15.274025,-0.295377,-552.275513,299.999725,0.000000
132.010010,67.403519,-552.186523,-0.002134,-0.001163,-0.029538,299.825836,15.273856,-0.295377,-552.186523,299.999725,0.000000
132.020004,67.399796,-552.319946,-0.002061,-0.001163,-0.029538,299.809265,15.273012,-0.295377,-552.319946,299.999725,0.000000
132.029999,67.407608,-552.275513,-0.002052,-0.001163,-0.029538,299.844025,15.274782,-0.295377,-552.275513,299.999725,0.000000
132.040009,67.411331,-552.275513,-0.002031,-0.001163,-0.029538,299.860565,15.275625,-0.295377,-552.275513,299.999725,0.000000
132.050003,67.400909,-552.275513,-0.002065,-0.001163,-0.029538,299.814209,15.273264,-0.295377,-552.275513,299.999725,0.000000
132.060013,67.407990,-552.186523,-0.002061,-0.001163,-0.029538,299.845703,15.274869,-0.295377,-552.186523,299.999725,0.000000
132.070007,67.411331,-552.364441,-0.002091,-0.001163,-0.029538,299.860565,15.275625,-0.295377,-552.364441,299.999725,0.000000
132.080002,67.409851,-552.275513,-0.002100,-0.001163,-0.029538,299.854004,15.275290,-0.295377,-552.275513,299.999725,0.000000
132.090012,67.404266,-552.275513,-0.002134,-0.001163,-0.029538,299.829163,15.274025,-0.295377,-552.275513,299.999725,0.000000
132.100006,67.408737,-552.275513,-0.002177,-0.001163,-0.029538,299.849030,15.275038,-0.295377,-552.275513,299.999725,0.000000
132.110001,67.399429,-552.186523,-0.002126,-0.001163,-0.029538,299.807648,15.272929,-0.295377,-552.186523,299.999725,0.000000
132.120010,67.402023,-552.319946,-0.002134,-0.001163,-0.029538,299.819183,15.273517,-0.295377,-552.319946,299.999725,0.000000
132.130005,67.408356,-552.275513,-0.002151,-0.001163,-0.029538,299.847351,15.274952,-0.295377,-552.275513,299.999725,0.000000
132.139999,67.404633,-552.275513,-0.002095,-0.001163,-0.029538,299.830780,15.274109,-0.295377,-552.275513,299.999725,0.000000
132.150009,67.412079,-552.319946,-0.002104,-0.001163,-0.029538,299.863892,15.275795,-0.295377,-552.319946,299.999725,0.000000
132.160004,67.403885,-552.231018,-0.002057,-0.001163,-0.029538,299.827454,15.273939,-0.295377,-552.231018,299.999725,0.000000
132.170013,67.409851,-552.364441,-0.002048,-0.001163,-0.029538,299.854004,15.275290,-0.295377,-552.364441,299.999725,0.000000
132.180008,67.403885,-552.231018,-0.002061,-0.001163,-0.029538,299.827454,15.273939,-0.295377,-552.231018,299.999725,0.000000
132.190002,67.405380,-552.275513,-0.002061,-0.001163,-0.029538,299.834106,15.274278,-0.295377,-552.275513,299.999725,0.000000
132.200012,67.404266,-552.319946,-0.002121,-0.001163,-0.029538,299.829163,15.274025,-0.295377,-552.319946,299.999725,0.000000
132.210007,67.413574,-552.231018,-0.002082,-0.001163,-0.029538,299.870544,15.276134,-0.295377,-552.231018,299.999725,0.000000
132.220001,67.399429,-552.319946,-0.002065,-0.001163,-0.029538,299.807648,15.272929,-0.295377,-552.319946,299.999725,0.000000
132.230011,67.398682,-552.231018,-0.002078,-0.001163,-0.029538,299.804321,15.272759,-0.295377,-552.231018,299.999725,0.000000
132.240005,67.402771,-552.275513,-0.002108,-0.001163,-0.029538,299.822510,15.273686,-0.295377,-552.275513,299.999725,0.000000
132.250000,67.397186,-552.319946,-0.002057,-0.001163,-0.029538,299.797668,15.272421,-0.295377,-552.319946,299.999725,0.000000
132.260010,67.404266,-552.275513,-0.002044,-0.001163,-0.029538,299.829163,15.274025,-0.295377,-552.275513,299.999725,0.000000
132.270004,67.398300,-552.364441,-0.002052,-0.001163,-0.029538,299.802612,15.272674,-0.295377,-552.364441,299.999725,0.000000
132.279999,67.410965,-552.231018,-0.002074,-0.001163,-0.029538,299.858948,15.275543,-0.295377,-552.231018,299.999725,0.000000
132.290009,67.408737,-552.275513,-0.002074,-0.001163,-0.029538,299.849030,15.275038,-0.295377,-552.275513,299.999725,0.000000
132.300003,67.399048,-552.319946,-0.002143,-0.001163,-0.029538,299.805939,15.272843,-0.295377,-552.319946,299.999725,0.000000
132.310013,67.400162,-552.186523,-0.002126,-0.001163,-0.029538,299.810883,15.273095,-0.295377,-552.186523,299.999725,0.000000
132.320007,67.396439,-552.319946,-0.002100,-0.001163,-0.029538,299.794342,15.272251,-0.295377,-552.319946,299.999725,0.000000
132.330002,67.413574,-552.186523,-0.002100,-0.001163,-0.029538,299.870544,15.276134,-0.295377,-552.186523,299.999725,0.000000
132.340012,67.413208,-552.231018,-0.002074,-0.001163,-0.029538,299.868927,15.276051,-0.295377,-552.231018,299.999725,0.000000
132.350006,67.412079,-552.319946,-0.002044,-0.001163,-0.029538,299.863892,15.275795,-0.295377,-552.319946,299.999725,0.000000
132.360001,67.409470,-552.231018,-0.002061,-0.001163,-0.029538,299.852295,15.275205,-0.295377,-552.231018,299.999725,0.000000
132.370010,67.402771,-552.319946,-0.002048,-0.001163,-0.029538,299.822510,15.273686,-0.295377,-552.319946,299.999725,0.000000
132.380005,67.409851,-552.231018,-0.002078,-0.001163,-0.029538,299.854004,15.275290,-0.295377,-552.231018,299.999725,0.000000
132.389999,67.402771,-552.275513,-0.002139,-0.001163,-0.029538,299.822510,15.273686,-0.295377,-552.275513,299.999725,0.000000
132.400009,67.405380,-552.275513,-0.002164,-0.001163,-0.029538,299.834106,15.274278,-0.295377,-552.275513,299.999725,0.000000
132.410004,67.405014,-552.231018,-0.002156,-0.001163,-0.029538,299.832489,15.274195,-0.295377,-552.231018,299.999725,0.000000
132.420013,67.403152,-552.364441,-0.002151,-0.001163,-0.029538,299.824188,15.273772,-0.295377,-552.364441,299.999725,0.000000
132.430008,67.405014,-552.231018,-0.002147,-0.001163,-0.029538,299.832489,15.274195,-0.295377,-552.231018,299.999725,0.000000
132.440002,67.410599,-552.319946,-0.002134,-0.001163,-0.029538,299.857330,15.275460,-0.295377,-552.319946,299.999725,0.000000
132.450012,67.408737,-552.275513,-0.002169,-0.001163,-0.029538,299.849030,15.275038,-0.295377,-552.275513,299.999725,0.000000
132.460007,67.403885,-552.275513,-0.002147,-0.001163,-0.029538,299.827454,15.273939,-0.295377,-552.275513,299.999725,0.000000
132.470001,67.403152,-552.364441,-0.002147,-0.001163,-0.029538,299.824188,15.273772,-0.295377,-552.364441,299.999725,0.000000
132.480011,67.404266,-552.231018,-0.002134,-0.001163,-0.029538,299.829163,15.274025,-0.295377,-552.231018,299.999725,0.000000
132.490005,67.418793,-552.319946,-0.002095,-0.001163,-0.029538,299.893768,15.277317,-0.295377,-552.319946,299.999725,0.000000
132.500000,67.416550,-552.364441,-0.002087,-0.001163,-0.029538,299.883789,15.276809,-0.295377,-552.364441,299.999725,0.000000
132.510010,67.410217,-552.275513,-0.002065,-0.001163,-0.029538,299.855621,15.275374,-0.295377,-552.275513,299.999725,0.000000
132.520004,67.406876,-552.319946,-0.002082,-0.001163,-0.029538,299.840759,15.274617,-0.295377,-552.319946,299.999725,0.000000
132.529999,67.405746,-552.186523,-0.002091,-0.001163,-0.029538,299.835724,15.274361,-0.295377,-552.186523,299.999725,0.000000
132.540009,67.399048,-552.231018,-0.002065,-0.001163,-0.029538,299.805939,15.272843,-0.295377,-552.231018,299.999725,0.000000
132.550003,67.393845,-552.319946,-0.002044,-0.001163,-0.029538,299.782806,15.271664,-0.295377,-552.319946,299.999725,0.000000
132.560013,67.397186,-552.275513,-0.002087,-0.001163,-0.029538,299.797668,15.272421,-0.295377,-552.275513,299.999725,0.000000
132.570007,67.404266,-552.364441,-0.002143,-0.001163,-0.029538,299.829163,15.274025,-0.295377,-552.364441,299.999725,0.000000
132.580002,67.403519,-552.231018,-0.002113,-0.001163,-0.029538,299.825836,15.273856,-0.295377,-552.231018,299.999725,0.000000
132.590012,67.397186,-552.275513,-0.002134,-0.001163,-0.029538,299.797668,15.272421,-0.295377,-552.275513,299.999725,0.000000
132.600006,67.399048,-552.364441,-0.002173,-0.001163,-0.029538,299.805939,15.272843,-0.295377,-552.364441,299.999725,0.000000
132.610001,67.392349,-552.186523,-0.002164,-0.001163,-0.029538,299.776154,15.271325,-0.295377,-552.186523,299.999725,0.000000
132.620010,67.400162,-552.364441,-0.002169,-0.001163,-0.029538,299.810883,15.273095,-0.295377,-552.364441,299.999725,0.000000
132.630005,67.402023,-552.319946,-0.002151,-0.001163,-0.029538,299.819183,15.273517,-0.295377,-552.319946,299.999725,0.000000
132.639999,67.407242,-552.319946,-0.002151,-0.001163,-0.029538,299.842377,15.274699,-0.295377,-552.319946,299.999725,0.000000
132.650009,67.412827,-552.319946,-0.002160,-0.001163,-0.029538,299.867218,15.275965,-0.295377,-552.319946,299.999725,0.000000
132.660004,67.412079,-552.275513,-0.002113,-0.001163,-0.029538,299.863892,15.275795,-0.295377,-552.275513,299.999725,0.000000
132.670013,67.409851,-552.364441,-0.002108,-0.001163,-0.029538,299.854004,15.275290,-0.295377,-552.364441,299.999725,0.000000
132.680008,67.402023,-552.231018,-0.002100,-0.001163,-0.029538,299.819183,15.273517,-0.295377,-552.231018,299.999725,0.000000
132.690002,67.401291,-552.275513,-0.002113,-0.001163,-0.029538,299.815918,15.273351,-0.295377,-552.275513,299.999725,0.000000
132.700012,67.401657,-552.319946,-0.002130,-0.001163,-0.029538,299.817535,15.273434,-0.295377,-552.319946,299.999725,0.000000
132.710007,67.402023,-552.275513,-0.002095,-0.001163,-0.029538,299.819183,15.273517,-0.295377,-552.275513,299.999725,0.000000
132.720001,67.403885,-552.364441,-0.002044,-0.001163,-0.029538,299.827454,15.273939,-0.295377,-552.364441,299.999725,0.000000
132.730011,67.405746,-552.275513,-0.002074,-0.001163,-0.029538,299.835724,15.274361,-0.295377,-552.275513,299.999725,0.000000
132.740005,67.397934,-552.231018,-0.002057,-0.001163,-0.029538,299.800995,15.272591,-0.295377,-552.231018,299.999725,0.000000
132.750000,67.399796,-552.319946,-0.002065,-0.001163,-0.029538,299.809265,15.273012,-0.295377,-552.319946,299.999725,0.000000
132.760010,67.403152,-552.231018,-0.002100,-0.001163,-0.029538,299.824188,15.273772,-0.295377,-552.231018,299.999725,0.000000
132.770004,67.400162,-552.364441,-0.002108,-0.001163,-0.029538,299.810883,15.273095,-0.295377,-552.364441,299.999725,0.000000
132.779999,67.409851,-552.275513,-0.002147,-0.001163,-0.029538,299.854004,15.275290,-0.295377,-552.275513,299.999725,0.000000
132.790009,67.410599,-552.275513,-0.002143,-0.001163,-0.029538,299.857330,15.275460,-0.295377,-552.275513,299.999725,0.000000
132.800003,67.406876,-552.319946,-0.002173,-0.001163,-0.029538,299.840759,15.274617,-0.295377,-552.319946,299.999725,0.000000
132.810013,67.407990,-552.275513,-0.002121,-0.001163,-0.029538,299.845703,15.274869,-0.295377,-552.275513,299.999725,0.000000
132.820007,67.399429,-552.319946,-0.002065,-0.001163,-0.029538,299.807648,15.272929,-0.295377,-552.319946,299.999725,0.000000
132.830002,67.411331,-552.186523,-0.002057,-0.001163,-0.029538,299.860565,15.275625,-0.295377,-552.186523,299.999725,0.000000
132.840012,67.405380,-552.319946,-0.002022,-0.001163,-0.029538,299.834106,15.274278,-0.295377,-552.319946,299.999725,0.000000
132.850006,67.399429,-552.319946,-0.002074,-0.001163,-0.029538,299.807648,15.272929,-0.295377,-552.319946,299.999725,0.000000
132.860001,67.398682,-552.231018,-0.002052,-0.001163,-0.029538,299.804321,15.272759,-0.295377,-552.231018,299.999725,0.000000
132.870010,67.403152,-552.364441,-0.002100,-0.001163,-0.029538,299.824188,15.273772,-0.295377,-552.364441,299.999725,0.000000
132.880005,67.410599,-552.231018,-0.002164,-0.001163,-0.029538,299.857330,15.275460,-0.295377,-552.231018,299.999725,0.000000
132.889999,67.409851,-552.319946,-0.002160,-0.001163,-0.029538,299.854004,15.275290,-0.295377,-552.319946,299.999725,0.000000
132.900009,67.399429,-552.364441,-0.002130,-0.001163,-0.029538,299.807648,15.272929,-0.295377,-552.364441,299.999725,0.000000
132.910004,67.403885,-552.275513,-0.002065,-0.001163,-0.029538,299.827454,15.273939,-0.295377,-552.275513,299.999725,0.000000
132.920013,67.404633,-552.364441,-0.002048,-0.001163,-0.029538,299.830780,15.274109,-0.295377,-552.364441,299.999725,0.000000
132.930008,67.406128,-552.275513,-0.002117,-0.001163,-0.029538,299.837433,15.274447,-0.295377,-552.275513,299.999725,0.000000
132.940002,67.403519,-552.275513,-0.002173,-0.001163,-0.029538,299.825836,15.273856,-0.295377,-552.275513,299.999725,0.000000
132.950012,67.415070,-552.319946,-0.002160,-0.001163,-0.029538,299.877197,15.276473,-0.295377,-552.319946,299.999725,0.000000
132.960007,67.407608,-552.275513,-0.002160,-0.001163,-0.029538,299.844025,15.274782,-0.295377,-552.275513,299.999725,0.000000
132.970001,67.405014,-552.364441,-0.002070,-0.001163,-0.029538,299.832489,15.274195,-0.295377,-552.364441,299.999725,0.000000
132.980011,67.405380,-552.319946,-0.002031,-0.001163,-0.029538,299.834106,15.274278,-0.295377,-552.319946,299.999725,0.000000
132.990005,67.400543,-552.275513,-0.002082,-0.001163,-0.029538,299.812592,15.273182,-0.295377,-552.275513,299.999725,0.000000
133.000000,67.406876,-552.319946,-0.002147,-0.001163,-0.029538,299.840759,15.274617,-0.295377,-552.319946,299.999725,0.000000
133.010010,67.403152,-552.186523,-0.002108,-0.001163,-0.029538,299.824188,15.273772,-0.295377,-552.186523,299.999725,0.000000
133.020004,67.403519,-552.364441,-0.002147,-0.001163,-0.029538,299.825836,15.273856,-0.295377,-552.364441,299.999725,0.000000
133.029999,67.407990,-552.231018,-0.002156,-0.001163,-0.029538,299.845703,15.274869,-0.295377,-552.231018,299.999725,0.000000
133.040009,67.400909,-552.275513,-0.002156,-0.001163,-0.029538,299.814209,15.273264,-0.295377,-552.275513,299.999725,0.000000
133.050003,67.397186,-552.319946,-0.002147,-0.001163,-0.029538,299.797668,15.272421,-0.295377,-552.319946,299.999725,0.000000
133.060013,67.399796,-552.231018,-0.002164,-0.001163,-0.029538,299.809265,15.273012,-0.295377,-552.231018,299.999725,0.000000
133.070007,67.399048,-552.408936,-0.002173,-0.001163,-0.029538,299.805939,15.272843,-0.295377,-552.408936,299.999725,0.000000
133.080002,67.400543,-552.275513,-0.002169,-0.001163,-0.029538,299.812592,15.273182,-0.295377,-552.275513,299.999725,0.000000
133.090012,67.396072,-552.275513,-0.002147,-0.001163,-0.029538,299.792694,15.272168,-0.295377,-552.275513,299.999725,0.000000
133.100006,67.402771,-552.319946,-0.002126,-0.001163,-0.029538,299.822510,15.273686,-0.295377,-552.319946,299.999725,0.000000
133.110001,67.397186,-552.275513,-0.002100,-0.001163,-0.029538,299.797668,15.272421,-0.295377,-552.275513,299.999725,0.000000
133.120010,67.398682,-552.364441,-0.002082,-0.001163,-0.029538,299.804321,15.272759,-0.295377,-552.364441,299.999725,0.000000
133.130005,67.409103,-552.186523,-0.002026,-0.001163,-0.029538,299.850677,15.275122,-0.295377,-552.186523,299.999725,0.000000
133.139999,67.405014,-552.319946,-0.002035,-0.001163,-0.029538,299.832489,15.274195,-0.295377,-552.319946,299.999725,0.000000
133.150009,67.402405,-552.275513,-0.002061,-0.001163,-0.029538,299.820862,15.273603,-0.295377,-552.275513,299.999725,0.000000
133.160004,67.413940,-552.231018,-0.002052,-0.001163,-0.029538,299.872192,15.276217,-0.295377,-552.231018,299.999725,0.000000
133.170013,67.412460,-552.319946,-0.002117,-0.001163,-0.029538,299.865601,15.275883,-0.295377,-552.319946,299.999725,0.000000
133.180008,67.410217,-552.275513,-0.002169,-0.001163,-0.029538,299.855621,15.275374,-0.295377,-552.275513,299.999725,0.000000
133.190002,67.403885,-552.319946,-0.002134,-0.001163,-0.029538,299.827454,15.273939,-0.295377,-552.319946,299.999725,0.000000
133.200012,67.410217,-552.408936,-0.002169,-0.001163,-0.029538,299.855621,15.275374,-0.295377,-552.408936,299.999725,0.000000
133.210007,67.404266,-552.231018,-0.002147,-0.001163,-0.029538,299.829163,15.274025,-0.295377,-552.231018,299.999725,0.000000
133.220001,67.401291,-552.319946,-0.002117,-0.001163,-0.029538,299.815918,15.273351,-0.295377,-552.319946,299.999725,0.000000
133.230011,67.403885,-552.275513,-0.002130,-0.001163,-0.029538,299.827454,15.273939,-0.295377,-552.275513,299.999725,0.000000
133.240005,67.404266,-552.275513,-0.002070,-0.001163,-0.029538,299.829163,15.274025,-0.295377,-552.275513,299.999725,0.000000
133.250000,67.400543,-552.319946,-0.002052,-0.001163,-0.029538,299.812592,15.273182,-0.295377,-552.319946,299.999725,0.000000
133.260010,67.408737,-552.186523,-0.002035,-0.001163,-0.029538,299.849030,15.275038,-0.295377,-552.186523,299.999725,0.000000
133.270004,67.404633,-552.319946,-0.002100,-0.001163,-0.029538,299.830780,15.274109,-0.295377,-552.319946,299.999725,0.000000
133.279999,67.403885,-552.231018,-0.002130,-0.001163,-0.029538,299.827454,15.273939,-0.295377,-552.231018,299.999725,0.000000
133.290009,67.406494,-552.275513,-0.002143,-0.001163,-0.029538,299.839050,15.274529,-0.295377,-552.275513,299.999725,0.000000
133.300003,67.400162,-552.275513,-0.002143,-0.001163,-0.029538,299.810883,15.273095,-0.295377,-552.275513,299.999725,0.000000
133.310013,67.402771,-552.231018,-0.002169,-0.001163,-0.029538,299.822510,15.273686,-0.295377,-552.231018,299.999725,0.000000
133.320007,67.400162,-552.364441,-0.002169,-0.001163,-0.029538,299.810883,15.273095,-0.295377,-552.364441,299.999725,0.000000
133.330002,67.402771,-552.275513,-0.002182,-0.001163,-0.029538,299.822510,15.273686,-0.295377,-552.275513,299.999725,0.000000
133.340012,67.394577,-552.275513,-0.002160,-0.001163,-0.029538,299.786041,15.271830,-0.295377,-552.275513,299.999725,0.000000
133.350006,67.400909,-552.319946,-0.002151,-0.001163,-0.029538,299.814209,15.273264,-0.295377,-552.319946,299.999725,0.000000
133.360001,67.408737,-552.231018,-0.002126,-0.001163,-0.029538,299.849030,15.275038,-0.295377,-552.231018,299.999725,0.000000
133.370010,67.405380,-552.364441,-0.002130,-0.001163,-0.029538,299.834106,15.274278,-0.295377,-552.364441,299.999725,0.000000
133.380005,67.400543,-552.275513,-0.002151,-0.001163,-0.029538,299.812592,15.273182,-0.295377,-552.275513,299.999725,0.000000
133.389999,67.404633,-552.319946,-0.002139,-0.001163,-0.029538,299.830780,15.274109,-0.295377,-552.319946,299.999725,0.000000
133.400009,67.396072,-552.319946,-0.002126,-0.001163,-0.029538,299.792694,15.272168,-0.295377,-552.319946,299.999725,0.000000
133.410004,67.402405,-552.275513,-0.002087,-0.001163,-0.029538,299.820862,15.273603,-0.295377,-552.275513,299.999725,0.000000
133.420013,67.402771,-552.364441,-0.002113,-0.001163,-0.029538,299.822510,15.273686,-0.295377,-552.364441,299.999725,0.000000
133.430008,67.406494,-552.275513,-0.002104,-0.001163,-0.029538,299.839050,15.274529,-0.295377,-552.275513,299.999725,0.000000
133.440002,67.407608,-552.319946,-0.002100,-0.001163,-0.029538,299.844025,15.274782,-0.295377,-552.319946,299.999725,0.000000
133.450012,67.405014,-552.364441,-0.002013,-0.001163,-0.029538,299.832489,15.274195,-0.295377,-552.364441,299.999725,0.000000
133.460007,67.391983,-552.275513,-0.002052,-0.001163,-0.029538,299.774506,15.271241,-0.295377,-552.275513,299.999725,0.000000
133.470001,67.395706,-552.319946,-0.002057,-0.001163,-0.029538,299.791077,15.272085,-0.295377,-552.319946,299.999725,0.000000
133.480011,67.403519,-552.275513,-0.002052,-0.001163,-0.029538,299.825836,15.273856,-0.295377,-552.275513,299.999725,0.000000
133.490005,67.403519,-552.275513,-0.002087,-0.001163,-0.029538,299.825836,15.273856,-0.295377,-552.275513,299.999725,0.000000
133.500000,67.405380,-552.319946,-0.002134,-0.001163,-0.029538,299.834106,15.274278,-0.295377,-552.319946,299.999725,0.000000
133.510010,67.409103,-552.275513,-0.002151,-0.001163,-0.029538,299.850677,15.275122,-0.295377,-552.275513,299.999725,0.000000
133.520004,67.396072,-552.364441,-0.002177,-0.001163,-0.029538,299.792694,15.272168,-0.295377,-552.364441,299.999725,0.000000
133.529999,67.396820,-552.319946,-0.002147,-0.001163,-0.029538,299.796021,15.272338,-0.295377,-552.319946,299.999725,0.000000
133.540009,67.394211,-552.319946,-0.002130,-0.001163,-0.029538,299.784424,15.271747,-0.295377,-552.319946,299.999725,0.000000
133.550003,67.392715,-552.364441,-0.002065,-0.001163,-0.029538,299.777771,15.271408,-0.295377,-552.364441,299.999725,0.000000
133.560013,67.406128,-552.275513,-0.002057,-0.001163,-0.029538,299.837433,15.274447,-0.295377,-552.275513,299.999725,0.000000
133.570007,67.409470,-552.364441,-0.002061,-0.001163,-0.029538,299.852295,15.275205,-0.295377,-552.364441,299.999725,0.000000
133.580002,67.409470,-552.275513,-0.002108,-0.001163,-0.029538,299.852295,15.275205,-0.295377,-552.275513,299.999725,0.000000
133.590012,67.402405,-552.319946,-0.002100,-0.001163,-0.029538,299.820862,15.273603,-0.295377,-552.319946,299.999725,0.000000
133.600006,67.399796,-552.319946,-0.002139,-0.001163,-0.029538,299.809265,15.273012,-0.295377,-552.319946,299.999725,0.000000
133.610001,67.403152,-552.275513,-0.002147,-0.001163,-0.029538,299.824188,15.273772,-0.295377,-552.275513,299.999725,0.000000
133.620010,67.403519,-552.408936,-0.002164,-0.001163,-0.029538,299.825836,15.273856,-0.295377,-552.408936,299.999725,0.000000
133.630005,67.405014,-552.275513,-0.002169,-0.001163,-0.029538,299.832489,15.274195,-0.295377,-552.275513,299.999725,0.000000
133.639999,67.404633,-552.231018,-0.002160,-0.001163,-0.029538,299.830780,15.274109,-0.295377,-552.231018,299.999725,0.000000
133.650009,67.403885,-552.364441,-0.002147,-0.001163,-0.029538,299.827454,15.273939,-0.295377,-552.364441,299.999725,0.000000
133.660004,67.398300,-552.231018,-0.002156,-0.001163,-0.029538,299.802612,15.272674,-0.295377,-552.231018,299.999725,0.000000
133.670013,67.396072,-552.364441,-0.002134,-0.001163,-0.029538,299.792694,15.272168,-0.295377,-552.364441,299.999725,0.000000
133.680008,67.402023,-552.275513,-0.002091,-0.001163,-0.029538,299.819183,15.273517,-0.295377,-552.275513,299.999725,0.000000
133.690002,67.398682,-552.275513,-0.002074,-0.001163,-0.029538,299.804321,15.272759,-0.295377,-552.275513,299.999725,0.000000
133.700012,67.398682,-552.319946,-0.002078,-0.001163,-0.029538,299.804321,15.272759,-0.295377,-552.319946,299.999725,0.000000
133.710007,67.402771,-552.231018,-0.002095,-0.001163,-0.029538,299.822510,15.273686,-0.295377,-552.231018,299.999725,0.000000
133.720001,67.401657,-552.408936,-0.002070,-0.001163,-0.029538,299.817535,15.273434,-0.295377,-552.408936,299.999725,0.000000
133.730011,67.406494,-552.275513,-0.002104,-0.001163,-0.029538,299.839050,15.274529,-0.295377,-552.275513,299.999725,0.000000
133.740005,67.409470,-552.319946,-0.002151,-0.001163,-0.029538,299.852295,15.275205,-0.295377,-552.319946,299.999725,0.000000
133.750000,67.402023,-552.364441,-0.002151,-0.001163,-0.029538,299.819183,15.273517,-0.295377,-552.364441,299.999725,0.000000
133.760010,67.402023,-552.275513,-0.002139,-0.001163,-0.029538,299.819183,15.273517,-0.295377,-552.275513,299.999725,0.000000
133.770004,67.401291,-552.364441,-0.002070,-0.001163,-0.029538,299.815918,15.273351,-0.295377,-552.364441,299.999725,0.000000
133.779999,67.401657,-552.275513,-0.002048,-0.001163,-0.029538,299.817535,15.273434,-0.295377,-552.275513,299.999725,0.000000
133.790009,67.397186,-552.319946,-0.002065,-0.001163,-0.029538,299.797668,15.272421,-0.295377,-552.319946,299.999725,0.000000
133.800003,67.398300,-552.319946,-0.002134,-0.001163,-0.029538,299.802612,15.272674,-0.295377,-552.319946,299.999725,0.000000
133.810013,67.397934,-552.231018,-0.002117,-0.001163,-0.029538,299.800995,15.272591,-0.295377,-552.231018,299.999725,0.000000
133.820007,67.394577,-552.408936,-0.002121,-0.001163,-0.029538,299.786041,15.271830,-0.295377,-552.408936,299.999725,0.000000
133.830002,67.400909,-552.319946,-0.002147,-0.001163,-0.029538,299.814209,15.273264,-0.295377,-552.319946,299.999725,0.000000
133.840012,67.406494,-552.319946,-0.002160,-0.001163,-0.029538,299.839050,15.274529,-0.295377,-552.319946,299.999725,0.000000
133.850006,67.410217,-552.364441,-0.002139,-0.001163,-0.029538,299.855621,15.275374,-0.295377,-552.364441,299.999725,0.000000
133.860001,67.408737,-552.231018,-0.002160,-0.001163,-0.029538,299.849030,15.275038,-0.295377,-552.231018,299.999725,0.000000
133.870010,67.393845,-552.364441,-0.002160,-0.001163,-0.029538,299.782806,15.271664,-0.295377,-552.364441,299.999725,0.000000
133.880005,67.395706,-552.364441,-0.002143,-0.001163,-0.029538,299.791077,15.272085,-0.295377,-552.364441,299.999725,0.000000
133.889999,67.399796,-552.319946,-0.002134,-0.001163,-0.029538,299.809265,15.273012,-0.295377,-552.319946,299.999725,0.000000
133.900009,67.398300,-552.364441,-0.002126,-0.001163,-0.029538,299.802612,15.272674,-0.295377,-552.364441,299.999725,0.000000
133.910004,67.404266,-552.186523,-0.002143,-0.001163,-0.029538,299.829163,15.274025,-0.295377,-552.186523,299.999725,0.000000
133.920013,67.400543,-552.453430,-0.002164,-0.001163,-0.029538,299.812592,15.273182,-0.295377,-552.453430,299.999725,0.000000
133.930008,67.402771,-552.275513,-0.002139,-0.001163,-0.029538,299.822510,15.273686,-0.295377,-552.275513,299.999725,0.000000
133.940002,67.396072,-552.319946,-0.002082,-0.001163,-0.029538,299.792694,15.272168,-0.295377,-552.319946,299.999725,0.000000
133.950012,67.397186,-552.319946,-0.002074,-0.001163,-0.029538,299.797668,15.272421,-0.295377,-552.319946,299.999725,0.000000
133.960007,67.394211,-552.231018,-0.002078,-0.001163,-0.029538,299.784424,15.271747,-0.295377,-552.231018,299.999725,0.000000
133.970001,67.399048,-552.453430,-0.002065,-0.001163,-0.029538,299.805939,15.272843,-0.295377,-552.453430,299.999725,0.000000
133.980011,67.407990,-552.319946,-0.002070,-0.001163,-0.029538,299.845703,15.274869,-0.295377,-552.319946,299.999725,0.000000
133.990005,67.417297,-552.319946,-0.002057,-0.001163,-0.029538,299.887115,15.276978,-0.295377,-552.319946,299.999725,0.000000
134.000000,67.414688,-552.453430,-0.002048,-0.001163,-0.029538,299.875519,15.276387,-0.295377,-552.453430,299.999725,0.000000
134.010010,67.408356,-552.275513,-0.002052,-0.001163,-0.029538,299.847351,15.274952,-0.295377,-552.275513,299.999725,0.000000
134.020004,67.401657,-552.364441,-0.002061,-0.001163,-0.029538,299.817535,15.273434,-0.295377,-552.364441,299.999725,0.000000
134.029999,67.392349,-552.275513,-0.002095,-0.001163,-0.029538,299.776154,15.271325,-0.295377,-552.275513,299.999725,0.000000
134.040009,67.396820,-552.275513,-0.002031,-0.001163,-0.029538,299.796021,15.272338,-0.295377,-552.275513,299.999725,0.000000
134.050003,67.407608,-552.364441,-0.002070,-0.001163,-0.029538,299.844025,15.274782,-0.295377,-552.364441,299.999725,0.000000
134.060013,67.416931,-552.275513,-0.002044,-0.001163,-0.029538,299.885498,15.276896,-0.295377,-552.275513,299.999725,0.000000
134.070007,67.400543,-552.319946,-0.002065,-0.001163,-0.029538,299.812592,15.273182,-0.295377,-552.319946,299.999725,0.000000
134.080002,67.402023,-552.275513,-0.002044,-0.001163,-0.029538,299.819183,15.273517,-0.295377,-552.275513,299.999725,0.000000
134.090012,67.395325,-552.231018,-0.002039,-0.001163,-0.029538,299.789368,15.271998,-0.295377,-552.231018,299.999725,0.000000
134.100006,67.406494,-552.453430,-0.002057,-0.001163,-0.029538,299.839050,15.274529,-0.295377,-552.453430,299.999725,0.000000
134.110001,67.402405,-552.231018,-0.002130,-0.001163,-0.029538,299.820862,15.273603,-0.295377,-552.231018,299.999725,0.000000
134.120010,67.397568,-552.364441,-0.002147,-0.001163,-0.029538,299.799347,15.272507,-0.295377,-552.364441,299.999725,0.000000
134.130005,67.407608,-552.275513,-0.002130,-0.001163,-0.029538,299.844025,15.274782,-0.295377,-552.275513,299.999725,0.000000
134.139999,67.406494,-552.319946,-0.002082,-0.001163,-0.029538,299.839050,15.274529,-0.295377,-552.319946,299.999725,0.000000
134.150009,67.406876,-552.364441,-0.002065,-0.001163,-0.029538,299.840759,15.274617,-0.295377,-552.364441,299.999725,0.000000
134.160004,67.393097,-552.275513,-0.002048,-0.001163,-0.029538,299.779480,15.271494,-0.295377,-552.275513,299.999725,0.000000
134.170013,67.396072,-552.364441,-0.002048,-0.001163,-0.029538,299.792694,15.272168,-0.295377,-552.364441,299.999725,0.000000
134.180008,67.410217,-552.275513,-0.002065,-0.001163,-0.029538,299.855621,15.275374,-0.295377,-552.275513,299.999725,0.000000
134.190002,67.407990,-552.364441,-0.002039,-0.001163,-0.029538,299.845703,15.274869,-0.295377,-552.364441,299.999725,0.000000
134.200012,67.406876,-552.319946,-0.002052,-0.001163,-0.029538,299.840759,15.274617,-0.295377,-552.319946,299.999725,0.000000
134.210007,67.407990,-552.364441,-0.002057,-0.001163,-0.029538,299.845703,15.274869,-0.295377,-552.364441,299.999725,0.000000
134.220001,67.397934,-552.364441,-0.002104,-0.001163,-0.029538,299.800995,15.272591,-0.295377,-552.364441,299.999725,0.000000
134.230011,67.392349,-552.319946,-0.002061,-0.001163,-0.029538,299.776154,15.271325,-0.295377,-552.319946,299.999725,0.000000
134.240005,67.400162,-552.364441,-0.002057,-0.001163,-0.029538,299.810883,15.273095,-0.295377,-552.364441,299.999725,0.000000
134.250000,67.405380,-552.319946,-0.002100,-0.001163,-0.029538,299.834106,15.274278,-0.295377,-552.319946,299.999725,0.000000
134.260010,67.409851,-552.275513,-0.002121,-0.001163,-0.029538,299.854004,15.275290,-0.295377,-552.275513,299.999725,0.000000
134.270004,67.410965,-552.364441,-0.002117,-0.001163,-0.029538,299.858948,15.275543,-0.295377,-552.364441,299.999725,0.000000
134.279999,67.400909,-552.319946,-0.002147,-0.001163,-0.029538,299.814209,15.273264,-0.295377,-552.319946,299.999725,0.000000
134.290009,67.397934,-552.319946,-0.002126,-0.001163,-0.029538,299.800995,15.272591,-0.295377,-552.319946,299.999725,0.000000
134.300003,67.402771,-552.364441,-0.002160,-0.001163,-0.029538,299.822510,15.273686,-0.295377,-552.364441,299.999725,0.000000
134.310013,67.396439,-552.275513,-0.002160,-0.001163,-0.029538,299.794342,15.272251,-0.295377,-552.275513,299.999725,0.000000
134.320007,67.399796,-552.364441,-0.002182,-0.001163,-0.029538,299.809265,15.273012,-0.295377,-552.364441,299.999725,0.000000
134.330002,67.400909,-552.275513,-0.002134,-0.001163,-0.029538,299.814209,15.273264,-0.295377,-552.275513,299.999725,0.000000
134.340012,67.400909,-552.408936,-0.002104,-0.001163,-0.029538,299.814209,15.273264,-0.295377,-552.408936,299.999725,0.000000
134.350006,67.408737,-552.319946,-0.002100,-0.001163,-0.029538,299.849030,15.275038,-0.295377,-552.319946,299.999725,0.000000
134.360001,67.402405,-552.319946,-0.002143,-0.001163,-0.029538,299.820862,15.273603,-0.295377,-552.319946,299.999725,0.000000
134.370010,67.409103,-552.453430,-0.002169,-0.001163,-0.029538,299.850677,15.275122,-0.295377,-552.453430,299.999725,0.000000
134.380005,67.403519,-552.275513,-0.002182,-0.001163,-0.029538,299.825836,15.273856,-0.295377,-552.275513,299.999725,0.000000
134.389999,67.399796,-552.364441,-0.002169,-0.001163,-0.029538,299.809265,15.273012,-0.295377,-552.364441,299.999725,0.000000
134.400009,67.394958,-552.319946,-0.002147,-0.001163,-0.029538,299.787750,15.271915,-0.295377,-552.319946,299.999725,0.000000
134.410004,67.398682,-552.275513,-0.002100,-0.001163,-0.029538,299.804321,15.272759,-0.295377,-552.275513,299.999725,0.000000
134.420013,67.407990,-552.408936,-0.002087,-0.001163,-0.029538,299.845703,15.274869,-0.295377,-552.408936,299.999725,0.000000
134.430008,67.402771,-552.319946,-0.002104,-0.001163,-0.029538,299.822510,15.273686,-0.295377,-552.319946,299.999725,0.000000
134.440002,67.407608,-552.408936,-0.002091,-0.001163,-0.029538,299.844025,15.274782,-0.295377,-552.408936,299.999725,0.000000
134.450012,67.406876,-552.364441,-0.002143,-0.001163,-0.029538,299.840759,15.274617,-0.295377,-552.364441,299.999725,0.000000
134.460007,67.405746,-552.231018,-0.002117,-0.001163,-0.029538,299.835724,15.274361,-0.295377,-552.231018,299.999725,0.000000
134.470001,67.400909,-552.408936,-0.002087,-0.001163,-0.029538,299.814209,15.273264,-0.295377,-552.408936,299.999725,0.000000
134.480011,67.397934,-552.275513,-0.002031,-0.001163,-0.029538,299.800995,15.272591,-0.295377,-552.275513,299.999725,0.000000
134.490005,67.397186,-552.275513,-0.002082,-0.001163,-0.029538,299.797668,15.272421,-0.295377,-552.275513,299.999725,0.000000
134.500000,67.399429,-552.364441,-0.002095,-0.001163,-0.029538,299.807648,15.272929,-0.295377,-552.364441,299.999725,0.000000
134.510010,67.397934,-552.275513,-0.002108,-0.001163,-0.029538,299.800995,15.272591,-0.295377,-552.275513,299.999725,0.000000
134.520004,67.391602,-552.364441,-0.002100,-0.001163,-0.029538,299.772827,15.271155,-0.295377,-552.364441,299.999725,0.000000
134.529999,67.392715,-552.319946,-0.002156,-0.001163,-0.029538,299.777771,15.271408,-0.295377,-552.319946,299.999725,0.000000
134.540009,67.397186,-552.364441,-0.002169,-0.001163,-0.029538,299.797668,15.272421,-0.295377,-552.364441,299.999725,0.000000
134.550003,67.408356,-552.319946,-0.002169,-0.001163,-0.029538,299.847351,15.274952,-0.295377,-552.319946,299.999725,0.000000
134.560013,67.399429,-552.275513,-0.002143,-0.001163,-0.029538,299.807648,15.272929,-0.295377,-552.275513,299.999725,0.000000
134.570007,67.398300,-552.408936,-0.002151,-0.001163,-0.029538,299.802612,15.272674,-0.295377,-552.408936,299.999725,0.000000
134.580002,67.396072,-552.364441,-0.002151,-0.001163,-0.029538,299.792694,15.272168,-0.295377,-552.364441,299.999725,0.000000
134.590012,67.399048,-552.364441,-0.002151,-0.001163,-0.029538,299.805939,15.272843,-0.295377,-552.364441,299.999725,0.000000
134.600006,67.399429,-552.364441,-0.002121,-0.001163,-0.029538,299.807648,15.272929,-0.295377,-552.364441,299.999725,0.000000
134.610001,67.403152,-552.275513,-0.002108,-0.001163,-0.029538,299.824188,15.273772,-0.295377,-552.275513,299.999725,0.000000
134.620010,67.396439,-552.453430,-0.002052,-0.001163,-0.029538,299.794342,15.272251,-0.295377,-552.453430,299.999725,0.000000
134.630005,67.404266,-552.231018,-0.002013,-0.001163,-0.029538,299.829163,15.274025,-0.295377,-552.231018,299.999725,0.000000
134.639999,67.400162,-552.364441,-0.002035,-0.001163,-0.029538,299.810883,15.273095,-0.295377,-552.364441,299.999725,0.000000
134.650009,67.401657,-552.364441,-0.002070,-0.001163,-0.029538,299.817535,15.273434,-0.295377,-552.364441,299.999725,0.000000
134.660004,67.397568,-552.319946,-0.002065,-0.001163,-0.029538,299.799347,15.272507,-0.295377,-552.319946,299.999725,0.000000
134.670013,67.395325,-552.408936,-0.002087,-0.001163,-0.029538,299.789368,15.271998,-0.295377,-552.408936,299.999725,0.000000
134.680008,67.406128,-552.319946,-0.002139,-0.001163,-0.029538,299.837433,15.274447,-0.295377,-552.319946,299.999725,0.000000
134.690002,67.404266,-552.364441,-0.002164,-0.001163,-0.029538,299.829163,15.274025,-0.295377,-552.364441,299.999725,0.000000
134.700012,67.402023,-552.364441,-0.002160,-0.001163,-0.029538,299.819183,15.273517,-0.295377,-552.364441,299.999725,0.000000
134.710007,67.403152,-552.275513,-0.002164,-0.001163,-0.029538,299.824188,15.273772,-0.295377,-552.275513,299.999725,0.000000
134.720001,67.399796,-552.364441,-0.002121,-0.001163,-0.029538,299.809265,15.273012,-0.295377,-552.364441,299.999725,0.000000
134.730011,67.403152,-552.275513,-0.002082,-0.001163,-0.029538,299.824188,15.273772,-0.295377,-552.275513,299.999725,0.000000
134.740005,67.393845,-552.319946,-0.002082,-0.001163,-0.029538,299.782806,15.271664,-0.295377,-552.319946,299.999725,0.000000
134.750000,67.387131,-552.319946,-0.002078,-0.001163,-0.029538,299.752930,15.270143,-0.295377,-552.319946,299.999725,0.000000
134.760010,67.392349,-552.275513,-0.002082,-0.001163,-0.029538,299.776154,15.271325,-0.295377,-552.275513,299.999725,0.000000
134.770004,67.397934,-552.453430,-0.002126,-0.001163,-0.029538,299.800995,15.272591,-0.295377,-552.453430,299.999725,0.000000
134.779999,67.400543,-552.275513,-0.002087,-0.001163,-0.029538,299.812592,15.273182,-0.295377,-552.275513,299.999725,0.000000
134.790009,67.408737,-552.364441,-0.002061,-0.001163,-0.029538,299.849030,15.275038,-0.295377,-552.364441,299.999725,0.000000
134.800003,67.395706,-552.364441,-0.002130,-0.001163,-0.029538,299.791077,15.272085,-0.295377,-552.364441,299.999725,0.000000
134.810013,67.406494,-552.364441,-0.002156,-0.001163,-0.029538,299.839050,15.274529,-0.295377,-552.364441,299.999725,0.000000
134.820007,67.402405,-552.408936,-0.002160,-0.001163,-0.029538,299.820862,15.273603,-0.295377,-552.408936,299.999725,0.000000
134.830002,67.403519,-552.319946,-0.002151,-0.001163,-0.029538,299.825836,15.273856,-0.295377,-552.319946,299.999725,0.000000
134.840012,67.395325,-552.319946,-0.002164,-0.001163,-0.029538,299.789368,15.271998,-0.295377,-552.319946,299.999725,0.000000
134.850006,67.393463,-552.364441,-0.002139,-0.001163,-0.029538,299.781097,15.271578,-0.295377,-552.364441,299.999725,0.000000
134.860001,67.403519,-552.319946,-0.002156,-0.001163,-0.029538,299.825836,15.273856,-0.295377,-552.319946,299.999725,0.000000
134.870010,67.402023,-552.453430,-0.002126,-0.001163,-0.029538,299.819183,15.273517,-0.295377,-552.453430,299.999725,0.000000
134.880005,67.406128,-552.364441,-0.002095,-0.001163,-0.029538,299.837433,15.274447,-0.295377,-552.364441,299.999725,0.000000
134.889999,67.400543,-552.364441,-0.002130,-0.001163,-0.029538,299.812592,15.273182,-0.295377,-552.364441,299.999725,0.000000
134.900009,67.397934,-552.408936,-0.002091,-0.001163,-0.029538,299.800995,15.272591,-0.295377,-552.408936,299.999725,0.000000
134.910004,67.398682,-552.275513,-0.002078,-0.001163,-0.029538,299.804321,15.272759,-0.295377,-552.275513,299.999725,0.000000
134.920013,67.390488,-552.408936,-0.002091,-0.001163,-0.029538,299.767853,15.270903,-0.295377,-552.408936,299.999725,0.000000
134.930008,67.401291,-552.275513,-0.002173,-0.001163,-0.029538,299.815918,15.273351,-0.295377,-552.275513,299.999725,0.000000
134.940002,67.404266,-552.408936,-0.002143,-0.001163,-0.029538,299.829163,15.274025,-0.295377,-552.408936,299.999725,0.000000
134.950012,67.399429,-552.364441,-0.002173,-0.001163,-0.029538,299.807648,15.272929,-0.295377,-552.364441,299.999725,0.000000
134.960007,67.404266,-552.319946,-0.002164,-0.001163,-0.029538,299.829163,15.274025,-0.295377,-552.319946,299.999725,0.000000
134.970001,67.398300,-552.408936,-0.002147,-0.001163,-0.029538,299.802612,15.272674,-0.295377,-552.408936,299.999725,0.000000
134.980011,67.400909,-552.319946,-0.002169,-0.001163,-0.029538,299.814209,15.273264,-0.295377,-552.319946,299.999725,0.000000
134.990005,67.397934,-552.408936,-0.002130,-0.001163,-0.029538,299.800995,15.272591,-0.295377,-552.408936,299.999725,0.000000
135.000000,67.394577,-552.364441,-0.002147,-0.001163,-0.029538,299.786041,15.271830,-0.295377,-552.364441,299.999725,0.000000
135.010010,67.401291,-552.319946,-0.002100,-0.001163,-0.029538,299.815918,15.273351,-0.295377,-552.319946,299.999725,0.000000
135.020004,67.395325,-552.408936,-0.002100,-0.001163,-0.029538,299.789368,15.271998,-0.295377,-552.408936,299.999725,0.000000
135.030014,67.402405,-552.319946,-0.002126,-0.001163,-0.029538,299.820862,15.273603,-0.295377,-552.319946,299.999725,0.000000
135.040009,67.405380,-552.408936,-0.002026,-0.001163,-0.029538,299.834106,15.274278,-0.295377,-552.408936,299.999725,0.000000
135.050003,67.393463,-552.364441,-0.002078,-0.001163,-0.029538,299.781097,15.271578,-0.295377,-552.364441,299.999725,0.000000
135.060013,67.395325,-552.231018,-0.002078,-0.001163,-0.029538,299.789368,15.271998,-0.295377,-552.231018,299.999725,0.000000
135.070007,67.393463,-552.408936,-0.002057,-0.001163,-0.029538,299.781097,15.271578,-0.295377,-552.408936,299.999725,0.000000
135.080002,67.401657,-552.319946,-0.002026,-0.001163,-0.029538,299.817535,15.273434,-0.295377,-552.319946,299.999725,0.000000
135.090012,67.405380,-552.364441,-0.002057,-0.001163,-0.029538,299.834106,15.274278,-0.295377,-552.364441,299.999725,0.000000
135.100006,67.405380,-552.408936,-0.002078,-0.001163,-0.029538,299.834106,15.274278,-0.295377,-552.408936,299.999725,0.000000
135.110001,67.399796,-552.275513,-0.002143,-0.001163,-0.029538,299.809265,15.273012,-0.295377,-552.275513,299.999725,0.000000
135.120010,67.401291,-552.453430,-0.002160,-0.001163,-0.029538,299.815918,15.273351,-0.295377,-552.453430,299.999725,0.000000
135.130005,67.399048,-552.319946,-0.002070,-0.001163,-0.029538,299.805939,15.272843,-0.295377,-552.319946,299.999725,0.000000
135.139999,67.398682,-552.408936,-0.002026,-0.001163,-0.029538,299.804321,15.272759,-0.295377,-552.408936,299.999725,0.000000
135.150009,67.397568,-552.364441,-0.002065,-0.001163,-0.029538,299.799347,15.272507,-0.295377,-552.364441,299.999725,0.000000
135.160004,67.398682,-552.319946,-0.002057,-0.001163,-0.029538,299.804321,15.272759,-0.295377,-552.319946,299.999725,0.000000
135.170013,67.397934,-552.408936,-0.002044,-0.001163,-0.029538,299.800995,15.272591,-0.295377,-552.408936,299.999725,0.000000
135.180008,67.409103,-552.364441,-0.002065,-0.001163,-0.029538,299.850677,15.275122,-0.295377,-552.364441,299.999725,0.000000
135.190002,67.409851,-552.364441,-0.002052,-0.001163,-0.029538,299.854004,15.275290,-0.295377,-552.364441,299.999725,0.000000
135.200012,67.398300,-552.364441,-0.002074,-0.001163,-0.029538,299.802612,15.272674,-0.295377,-552.364441,299.999725,0.000000
135.210007,67.403885,-552.319946,-0.002070,-0.001163,-0.029538,299.827454,15.273939,-0.295377,-552.319946,299.999725,0.000000
135.220001,67.402023,-552.453430,-0.002091,-0.001163,-0.029538,299.819183,15.273517,-0.295377,-552.453430,299.999725,0.000000
135.230011,67.405014,-552.319946,-0.002121,-0.001163,-0.029538,299.832489,15.274195,-0.295377,-552.319946,299.999725,0.000000
135.240005,67.399429,-552.408936,-0.002139,-0.001163,-0.029538,299.807648,15.272929,-0.295377,-552.408936,299.999725,0.000000
135.250000,67.400909,-552.364441,-0.002143,-0.001163,-0.029538,299.814209,15.273264,-0.295377,-552.364441,299.999725,0.000000
135.260010,67.397186,-552.275513,-0.002134,-0.001163,-0.029538,299.797668,15.272421,-0.295377,-552.275513,299.999725,0.000000
135.270004,67.402405,-552.453430,-0.002177,-0.001163,-0.029538,299.820862,15.273603,-0.295377,-552.453430,299.999725,0.000000
135.280014,67.403152,-552.319946,-0.002182,-0.001163,-0.029538,299.824188,15.273772,-0.295377,-552.319946,299.999725,0.000000
135.290009,67.396072,-552.364441,-0.002139,-0.001163,-0.029538,299.792694,15.272168,-0.295377,-552.364441,299.999725,0.000000
135.300003,67.398682,-552.364441,-0.002147,-0.001163,-0.029538,299.804321,15.272759,-0.295377,-552.364441,299.999725,0.000000
135.310013,67.402023,-552.319946,-0.002151,-0.001163,-0.029538,299.819183,15.273517,-0.295377,-552.319946,299.999725,0.000000
135.320007,67.405380,-552.453430,-0.002164,-0.001163,-0.029538,299.834106,15.274278,-0.295377,-552.453430,299.999725,0.000000
135.330002,67.402405,-552.319946,-0.002117,-0.001163,-0.029538,299.820862,15.273603,-0.295377,-552.319946,299.999725,0.000000
135.340012,67.408737,-552.408936,-0.002113,-0.001163,-0.029538,299.849030,15.275038,-0.295377,-552.408936,299.999725,0.000000
135.350006,67.394577,-552.453430,-0.002108,-0.001163,-0.029538,299.786041,15.271830,-0.295377,-552.453430,299.999725,0.000000
135.360001,67.404633,-552.364441,-0.002082,-0.001163,-0.029538,299.830780,15.274109,-0.295377,-552.364441,299.999725,0.000000
135.370010,67.387131,-552.453430,-0.002070,-0.001163,-0.029538,299.752930,15.270143,-0.295377,-552.453430,299.999725,0.000000
135.380005,67.396439,-552.275513,-0.002082,-0.001163,-0.029538,299.794342,15.272251,-0.295377,-552.275513,299.999725,0.000000
135.389999,67.397568,-552.364441,-0.002044,-0.001163,-0.029538,299.799347,15.272507,-0.295377,-552.364441,299.999725,0.000000
135.400009,67.396072,-552.408936,-0.002078,-0.001163,-0.029538,299.792694,15.272168,-0.295377,-552.408936,299.999725,0.000000
135.410004,67.398300,-552.319946,-0.002035,-0.001163,-0.029538,299.802612,15.272674,-0.295377,-552.319946,299.999725,0.000000
135.420013,67.394577,-552.453430,-0.002108,-0.001163,-0.029538,299.786041,15.271830,-0.295377,-552.453430,299.999725,0.000000
135.430008,67.403519,-552.231018,-0.002065,-0.001163,-0.029538,299.825836,15.273856,-0.295377,-552.231018,299.999725,0.000000
135.440002,67.399429,-552.364441,-0.002104,-0.001163,-0.029538,299.807648,15.272929,-0.295377,-552.364441,299.999725,0.000000
135.450012,67.402771,-552.408936,-0.002134,-0.001163,-0.029538,299.822510,15.273686,-0.295377,-552.408936,299.999725,0.000000
135.460007,67.403885,-552.319946,-0.002173,-0.001163,-0.029538,299.827454,15.273939,-0.295377,-552.319946,299.999725,0.000000
135.470001,67.397568,-552.408936,-0.002143,-0.001163,-0.029538,299.799347,15.272507,-0.295377,-552.408936,299.999725,0.000000
135.480011,67.402405,-552.364441,-0.002151,-0.001163,-0.029538,299.820862,15.273603,-0.295377,-552.364441,299.999725,0.000000
135.490005,67.399429,-552.319946,-0.002134,-0.001163,-0.029538,299.807648,15.272929,-0.295377,-552.319946,299.999725,0.000000
135.500000,67.405014,-552.364441,-0.002151,-0.001163,-0.029538,299.832489,15.274195,-0.295377,-552.364441,299.999725,0.000000
135.510010,67.399429,-552.364441,-0.002082,-0.001163,-0.029538,299.807648,15.272929,-0.295377,-552.364441,299.999725,0.000000
135.520004,67.396820,-552.408936,-0.002052,-0.001163,-0.029538,299.796021,15.272338,-0.295377,-552.408936,299.999725,0.000000
135.530014,67.401657,-552.364441,-0.002070,-0.001163,-0.029538,299.817535,15.273434,-0.295377,-552.364441,299.999725,0.000000
135.540009,67.402771,-552.408936,-0.002044,-0.001163,-0.029538,299.822510,15.273686,-0.295377,-552.408936,299.999725,0.000000
135.550003,67.400909,-552.319946,-0.002065,-0.001163,-0.029538,299.814209,15.273264,-0.295377,-552.319946,299.999725,0.000000
135.560013,67.401657,-552.275513,-0.002044,-0.001163,-0.029538,299.817535,15.273434,-0.295377,-552.275513,299.999725,0.000000
135.570007,67.395706,-552.408936,-0.002061,-0.001163,-0.029538,299.791077,15.272085,-0.295377,-552.408936,299.999725,0.000000
135.580002,67.401291,-552.319946,-0.002065,-0.001163,-0.029538,299.815918,15.273351,-0.295377,-552.319946,299.999725,0.000000
135.590012,67.394958,-552.408936,-0.002074,-0.001163,-0.029538,299.787750,15.271915,-0.295377,-552.408936,299.999725,0.000000
135.600006,67.393845,-552.364441,-0.002048,-0.001163,-0.029538,299.782806,15.271664,-0.295377,-552.364441,299.999725,0.000000
135.610001,67.402405,-552.275513,-0.002039,-0.001163,-0.029538,299.820862,15.273603,-0.295377,-552.275513,299.999725,0.000000
135.620010,67.412827,-552.453430,-0.002065,-0.001163,-0.029538,299.867218,15.275965,-0.295377,-552.453430,299.999725,0.000000
135.630005,67.406494,-552.275513,-0.002082,-0.001163,-0.029538,299.839050,15.274529,-0.295377,-552.275513,299.999725,0.000000
135.639999,67.395706,-552.364441,-0.002126,-0.001163,-0.029538,299.791077,15.272085,-0.295377,-552.364441,299.999725,0.000000
135.650009,67.399048,-552.408936,-0.002134,-0.001163,-0.029538,299.805939,15.272843,-0.295377,-552.408936,299.999725,0.000000
135.660004,67.405380,-552.364441,-0.002151,-0.001163,-0.029538,299.834106,15.274278,-0.295377,-552.364441,299.999725,0.000000
135.670013,67.403519,-552.453430,-0.002126,-0.001163,-0.029538,299.825836,15.273856,-0.295377,-552.453430,299.999725,0.000000
135.680008,67.398682,-552.364441,-0.002169,-0.001163,-0.029538,299.804321,15.272759,-0.295377,-552.364441,299.999725,0.000000
135.690002,67.390106,-552.364441,-0.002177,-0.001163,-0.029538,299.766174,15.270817,-0.295377,-552.364441,299.999725,0.000000
135.700012,67.400162,-552.364441,-0.002173,-0.001163,-0.029538,299.810883,15.273095,-0.295377,-552.364441,299.999725,0.000000
135.710007,67.402405,-552.319946,-0.002164,-0.001163,-0.029538,299.820862,15.273603,-0.295377,-552.319946,299.999725,0.000000
135.720001,67.394211,-552.453430,-0.002130,-0.001163,-0.029538,299.784424,15.271747,-0.295377,-552.453430,299.999725,0.000000
135.730011,67.402771,-552.364441,-0.002087,-0.001163,-0.029538,299.822510,15.273686,-0.295377,-552.364441,299.999725,0.000000
135.740005,67.390854,-552.364441,-0.002082,-0.001163,-0.029538,299.769501,15.270986,-0.295377,-552.364441,299.999725,0.000000
135.750000,67.398682,-552.364441,-0.002057,-0.001163,-0.029538,299.804321,15.272759,-0.295377,-552.364441,299.999725,0.000000
135.760010,67.395706,-552.364441,-0.002031,-0.001163,-0.029538,299.791077,15.272085,-0.295377,-552.364441,299.999725,0.000000
135.770004,67.401657,-552.453430,-0.002057,-0.001163,-0.029538,299.817535,15.273434,-0.295377,-552.453430,299.999725,0.000000
135.780014,67.402023,-552.319946,-0.002078,-0.001163,-0.029538,299.819183,15.273517,-0.295377,-552.319946,299.999725,0.000000
135.790009,67.402405,-552.408936,-0.002134,-0.001163,-0.029538,299.820862,15.273603,-0.295377,-552.408936,299.999725,0.000000
135.800003,67.400543,-552.408936,-0.002169,-0.001163,-0.029538,299.812592,15.273182,-0.295377,-552.408936,299.999725,0.000000
135.810013,67.403152,-552.319946,-0.002057,-0.001163,-0.029538,299.824188,15.273772,-0.295377,-552.319946,299.999725,0.000000
135.820007,67.398682,-552.453430,-0.002057,-0.001163,-0.029538,299.804321,15.272759,-0.295377,-552.453430,299.999725,0.000000
135.830002,67.403519,-552.364441,-0.002039,-0.001163,-0.029538,299.825836,15.273856,-0.295377,-552.364441,299.999725,0.000000
135.840012,67.406494,-552.453430,-0.002074,-0.001163,-0.029538,299.839050,15.274529,-0.295377,-552.453430,299.999725,0.000000
135.850006,67.394211,-552.453430,-0.002121,-0.001163,-0.029538,299.784424,15.271747,-0.295377,-552.453430,299.999725,0.000000
135.860001,67.384903,-552.364441,-0.002126,-0.001163,-0.029538,299.743011,15.269637,-0.295377,-552.364441,299.999725,0.000000
135.870010,67.392349,-552.453430,-0.002121,-0.001163,-0.029538,299.776154,15.271325,-0.295377,-552.453430,299.999725,0.000000
135.880005,67.398300,-552.319946,-0.002139,-0.001163,-0.029538,299.802612,15.272674,-0.295377,-552.319946,299.999725,0.000000
135.889999,67.390488,-552.364441,-0.002151,-0.001163,-0.029538,299.767853,15.270903,-0.295377,-552.364441,299.999725,0.000000
135.900009,67.394577,-552.453430,-0.002177,-0.001163,-0.029538,299.786041,15.271830,-0.295377,-552.453430,299.999725,0.000000
135.910004,67.398682,-552.319946,-0.002134,-0.001163,-0.029538,299.804321,15.272759,-0.295377,-552.319946,299.999725,0.000000
135.920013,67.396820,-552.497864,-0.002186,-0.001163,-0.029538,299.796021,15.272338,-0.295377,-552.497864,299.999725,0.000000
135.930008,67.395706,-552.364441,-0.002143,-0.001163,-0.029538,299.791077,15.272085,-0.295377,-552.364441,299.999725,0.000000
135.940002,67.393097,-552.453430,-0.002160,-0.001163,-0.029538,299.779480,15.271494,-0.295377,-552.453430,299.999725,0.000000
135.950012,67.396820,-552.408936,-0.002143,-0.001163,-0.029538,299.796021,15.272338,-0.295377,-552.408936,299.999725,0.000000
135.960007,67.396820,-552.319946,-0.002147,-0.001163,-0.029538,299.796021,15.272338,-0.295377,-552.319946,299.999725,0.000000
135.970001,67.395706,-552.453430,-0.002134,-0.001163,-0.029538,299.791077,15.272085,-0.295377,-552.453430,299.999725,0.000000
135.980011,67.400543,-552.319946,-0.002151,-0.001163,-0.029538,299.812592,15.273182,-0.295377,-552.319946,299.999725,0.000000
135.990005,67.401291,-552.364441,-0.002108,-0.001163,-0.029538,299.815918,15.273351,-0.295377,-552.364441,299.999725,0.000000
136.000000,67.403152,-552.364441,-0.002091,-0.001163,-0.029538,299.824188,15.273772,-0.295377,-552.364441,299.999725,0.000000
136.010010,67.403152,-552.319946,-0.002082,-0.001163,-0.029538,299.824188,15.273772,-0.295377,-552.319946,299.999725,0.000000
136.020004,67.397934,-552.453430,-0.002052,-0.001163,-0.029538,299.800995,15.272591,-0.295377,-552.453430,299.999725,0.000000
136.030014,67.409851,-552.319946,-0.002044,-0.001163,-0.029538,299.854004,15.275290,-0.295377,-552.319946,299.999725,0.000000
136.040009,67.407990,-552.364441,-0.002039,-0.001163,-0.029538,299.845703,15.274869,-0.295377,-552.364441,299.999725,0.000000
136.050003,67.404633,-552.408936,-0.002052,-0.001163,-0.029538,299.830780,15.274109,-0.295377,-552.408936,299.999725,0.000000
136.060013,67.394958,-552.319946,-0.002048,-0.001163,-0.029538,299.787750,15.271915,-0.295377,-552.319946,299.999725,0.000000
136.070007,67.402405,-552.497864,-0.002078,-0.001163,-0.029538,299.820862,15.273603,-0.295377,-552.497864,299.999725,0.000000
136.080002,67.402771,-552.364441,-0.002057,-0.001163,-0.029538,299.822510,15.273686,-0.295377,-552.364441,299.999725,0.000000
136.090012,67.400543,-552.453430,-0.002082,-0.001163,-0.029538,299.812592,15.273182,-0.295377,-552.453430,299.999725,0.000000
136.100006,67.397934,-552.408936,-0.002061,-0.001163,-0.029538,299.800995,15.272591,-0.295377,-552.408936,299.999725,0.000000
136.110001,67.406128,-552.319946,-0.002057,-0.001163,-0.029538,299.837433,15.274447,-0.295377,-552.319946,299.999725,0.000000
136.120010,67.408737,-552.408936,-0.002057,-0.001163,-0.029538,299.849030,15.275038,-0.295377,-552.408936,299.999725,0.000000
136.130005,67.393097,-552.364441,-0.002087,-0.001163,-0.029538,299.779480,15.271494,-0.295377,-552.364441,299.999725,0.000000
136.139999,67.400909,-552.364441,-0.002039,-0.001163,-0.029538,299.814209,15.273264,-0.295377,-552.364441,299.999725,0.000000
136.150009,67.401657,-552.408936,-0.002070,-0.001163,-0.029538,299.817535,15.273434,-0.295377,-552.408936,299.999725,0.000000
136.160004,67.400543,-552.319946,-0.002052,-0.001163,-0.029538,299.812592,15.273182,-0.295377,-552.319946,299.999725,0.000000
136.170013,67.403152,-552.497864,-0.002065,-0.001163,-0.029538,299.824188,15.273772,-0.295377,-552.497864,299.999725,0.000000
136.180008,67.401657,-552.275513,-0.002065,-0.001163,-0.029538,299.817535,15.273434,-0.295377,-552.275513,299.999725,0.000000
136.190002,67.400909,-552.453430,-0.002061,-0.001163,-0.029538,299.814209,15.273264,-0.295377,-552.453430,299.999725,0.000000
136.200012,67.397568,-552.408936,-0.002074,-0.001163,-0.029538,299.799347,15.272507,-0.295377,-552.408936,299.999725,0.000000
136.210007,67.401657,-552.275513,-0.002070,-0.001163,-0.029538,299.817535,15.273434,-0.295377,-552.275513,299.999725,0.000000
136.220001,67.388992,-552.408936,-0.002108,-0.001163,-0.029538,299.761200,15.270564,-0.295377,-552.408936,299.999725,0.000000
136.230011,67.397934,-552.364441,-0.002117,-0.001163,-0.029538,299.800995,15.272591,-0.295377,-552.364441,299.999725,0.000000
136.240005,67.394577,-552.453430,-0.002022,-0.001163,-0.029538,299.786041,15.271830,-0.295377,-552.453430,299.999725,0.000000
136.250000,67.401657,-552.364441,-0.002057,-0.001163,-0.029538,299.817535,15.273434,-0.295377,-552.364441,299.999725,0.000000
136.260010,67.405746,-552.364441,-0.002031,-0.001163,-0.029538,299.835724,15.274361,-0.295377,-552.364441,299.999725,0.000000
136.270004,67.392715,-552.453430,-0.002052,-0.001163,-0.029538,299.777771,15.271408,-0.295377,-552.453430,299.999725,0.000000
136.280014,67.390106,-552.319946,-0.002044,-0.001163,-0.029538,299.766174,15.270817,-0.295377,-552.319946,299.999725,0.000000
136.290009,67.398300,-552.364441,-0.002052,-0.001163,-0.029538,299.802612,15.272674,-0.295377,-552.364441,299.999725,0.000000
136.300003,67.402023,-552.408936,-0.002044,-0.001163,-0.029538,299.819183,15.273517,-0.295377,-552.408936,299.999725,0.000000
136.310013,67.401657,-552.319946,-0.002065,-0.001163,-0.029538,299.817535,15.273434,-0.295377,-552.319946,299.999725,0.000000
136.320007,67.410599,-552.408936,-0.002070,-0.001163,-0.029538,299.857330,15.275460,-0.295377,-552.408936,299.999725,0.000000
136.330002,67.411331,-552.364441,-0.002134,-0.001163,-0.029538,299.860565,15.275625,-0.295377,-552.364441,299.999725,0.000000
136.340012,67.403885,-552.408936,-0.002121,-0.001163,-0.029538,299.827454,15.273939,-0.295377,-552.408936,299.999725,0.000000
136.350006,67.402771,-552.408936,-0.002177,-0.001163,-0.029538,299.822510,15.273686,-0.295377,-552.408936,299.999725,0.000000
136.360001,67.398300,-552.319946,-0.002143,-0.001163,-0.029538,299.802612,15.272674,-0.295377,-552.319946,299.999725,0.000000
136.370010,67.396439,-552.497864,-0.002151,-0.001163,-0.029538,299.794342,15.272251,-0.295377,-552.497864,299.999725,0.000000
136.380005,67.407242,-552.319946,-0.002139,-0.001163,-0.029538,299.842377,15.274699,-0.295377,-552.319946,299.999725,0.000000
136.389999,67.411713,-552.408936,-0.002139,-0.001163,-0.029538,299.862274,15.275713,-0.295377,-552.408936,299.999725,0.000000
136.400009,67.403152,-552.408936,-0.002095,-0.001163,-0.029538,299.824188,15.273772,-0.295377,-552.408936,299.999725,0.000000
136.410004,67.398300,-552.319946,-0.002082,-0.001163,-0.029538,299.802612,15.272674,-0.295377,-552.319946,299.999725,0.000000
136.420013,67.396820,-552.453430,-0.002031,-0.001163,-0.029538,299.796021,15.272338,-0.295377,-552.453430,299.999725,0.000000
136.430008,67.384155,-552.364441,-0.002065,-0.001163,-0.029538,299.739685,15.269467,-0.295377,-552.364441,299.999725,0.000000
136.440002,67.393463,-552.408936,-0.002039,-0.001163,-0.029538,299.781097,15.271578,-0.295377,-552.408936,299.999725,0.000000
136.450012,67.397568,-552.408936,-0.002061,-0.001163,-0.029538,299.799347,15.272507,-0.295377,-552.408936,299.999725,0.000000
136.460007,67.400909,-552.364441,-0.002091,-0.001163,-0.029538,299.814209,15.273264,-0.295377,-552.364441,299.999725,0.000000
136.470001,67.397186,-552.453430,-0.002164,-0.001163,-0.029538,299.797668,15.272421,-0.295377,-552.453430,299.999725,0.000000
136.480011,67.399048,-552.364441,-0.002126,-0.001163,-0.029538,299.805939,15.272843,-0.295377,-552.364441,299.999725,0.000000
136.490005,67.397186,-552.408936,-0.002082,-0.001163,-0.029538,299.797668,15.272421,-0.295377,-552.408936,299.999725,0.000000
136.500000,67.406876,-552.453430,-0.002044,-0.001163,-0.029538,299.840759,15.274617,-0.295377,-552.453430,299.999725,0.000000
136.510010,67.402771,-552.319946,-0.002052,-0.001163,-0.029538,299.822510,15.273686,-0.295377,-552.319946,299.999725,0.000000
136.520004,67.394577,-552.542358,-0.002031,-0.001163,-0.029538,299.786041,15.271830,-0.295377,-552.542358,299.999725,0.000000
136.530014,67.397934,-552.319946,-0.002039,-0.001163,-0.029538,299.800995,15.272591,-0.295377,-552.319946,299.999725,0.000000
136.540009,67.402771,-552.364441,-0.002048,-0.001163,-0.029538,299.822510,15.273686,-0.295377,-552.364441,299.999725,0.000000
136.550003,67.413940,-552.408936,-0.002070,-0.001163,-0.029538,299.872192,15.276217,-0.295377,-552.408936,299.999725,0.000000
136.560013,67.400543,-552.319946,-0.002039,-0.001163,-0.029538,299.812592,15.273182,-0.295377,-552.319946,299.999725,0.000000
136.570007,67.397568,-552.453430,-0.002052,-0.001163,-0.029538,299.799347,15.272507,-0.295377,-552.453430,299.999725,0.000000
136.580002,67.407608,-552.364441,-0.002052,-0.001163,-0.029538,299.844025,15.274782,-0.295377,-552.364441,299.999725,0.000000
136.590012,67.400162,-552.453430,-0.002100,-0.001163,-0.029538,299.810883,15.273095,-0.295377,-552.453430,299.999725,0.000000
136.600006,67.397568,-552.408936,-0.002173,-0.001163,-0.029538,299.799347,15.272507,-0.295377,-552.408936,299.999725,0.000000
136.610001,67.402771,-552.319946,-0.002156,-0.001163,-0.029538,299.822510,15.273686,-0.295377,-552.319946,299.999725,0.000000
136.620010,67.397568,-552.497864,-0.002130,-0.001163,-0.029538,299.799347,15.272507,-0.295377,-552.497864,299.999725,0.000000
136.630005,67.405746,-552.408936,-0.002151,-0.001163,-0.029538,299.835724,15.274361,-0.295377,-552.408936,299.999725,0.000000
136.639999,67.404633,-552.408936,-0.002126,-0.001163,-0.029538,299.830780,15.274109,-0.295377,-552.408936,299.999725,0.000000
136.650009,67.399429,-552.453430,-0.002134,-0.001163,-0.029538,299.807648,15.272929,-0.295377,-552.453430,299.999725,0.000000
136.660004,67.410217,-552.319946,-0.002117,-0.001163,-0.029538,299.855621,15.275374,-0.295377,-552.319946,299.999725,0.000000
136.670013,67.407608,-552.497864,-0.002087,-0.001163,-0.029538,299.844025,15.274782,-0.295377,-552.497864,299.999725,0.000000
136.680008,67.399048,-552.364441,-0.002026,-0.001163,-0.029538,299.805939,15.272843,-0.295377,-552.364441,299.999725,0.000000
136.690002,67.403519,-552.408936,-0.002126,-0.001163,-0.029538,299.825836,15.273856,-0.295377,-552.408936,299.999725,0.000000
136.700012,67.408356,-552.364441,-0.002173,-0.001163,-0.029538,299.847351,15.274952,-0.295377,-552.364441,299.999725,0.000000
136.710007,67.412460,-552.319946,-0.002164,-0.001163,-0.029538,299.865601,15.275883,-0.295377,-552.319946,299.999725,0.000000
136.720001,67.401291,-552.497864,-0.002147,-0.001163,-0.029538,299.815918,15.273351,-0.295377,-552.497864,299.999725,0.000000
136.730011,67.404266,-552.364441,-0.002164,-0.001163,-0.029538,299.829163,15.274025,-0.295377,-552.364441,299.999725,0.000000
136.740005,67.406494,-552.497864,-0.002074,-0.001163,-0.029538,299.839050,15.274529,-0.295377,-552.497864,299.999725,0.000000
136.750000,67.403885,-552.408936,-0.002113,-0.001163,-0.029538,299.827454,15.273939,-0.295377,-552.408936,299.999725,0.000000
136.760010,67.395325,-552.319946,-0.002065,-0.001163,-0.029538,299.789368,15.271998,-0.295377,-552.319946,299.999725,0.000000
136.770004,67.392715,-552.497864,-0.002087,-0.001163,-0.029538,299.777771,15.271408,-0.295377,-552.497864,299.999725,0.000000
136.780014,67.403519,-552.364441,-0.002057,-0.001163,-0.029538,299.825836,15.273856,-0.295377,-552.364441,299.999725,0.000000
136.790009,67.400162,-552.408936,-0.002078,-0.001163,-0.029538,299.810883,15.273095,-0.295377,-552.408936,299.999725,0.000000
136.800003,67.404266,-552.408936,-0.002048,-0.001163,-0.029538,299.829163,15.274025,-0.295377,-552.408936,299.999725,0.000000
136.810013,67.398300,-552.408936,-0.002151,-0.001163,-0.029538,299.802612,15.272674,-0.295377,-552.408936,299.999725,0.000000
136.820007,67.394211,-552.453430,-0.002173,-0.001163,-0.029538,299.784424,15.271747,-0.295377,-552.453430,299.999725,0.000000
136.830002,67.401291,-552.364441,-0.002104,-0.001163,-0.029538,299.815918,15.273351,-0.295377,-552.364441,299.999725,0.000000
136.840012,67.395706,-552.497864,-0.002095,-0.001163,-0.029538,299.791077,15.272085,-0.295377,-552.497864,299.999725,0.000000
136.850006,67.395706,-552.453430,-0.002113,-0.001163,-0.029538,299.791077,15.272085,-0.295377,-552.453430,299.999725,0.000000
136.860001,67.403885,-552.319946,-0.002095,-0.001163,-0.029538,299.827454,15.273939,-0.295377,-552.319946,299.999725,0.000000
136.870010,67.401291,-552.453430,-0.002151,-0.001163,-0.029538,299.815918,15.273351,-0.295377,-552.453430,299.999725,0.000000
136.880005,67.405746,-552.408936,-0.002130,-0.001163,-0.029538,299.835724,15.274361,-0.295377,-552.408936,299.999725,0.000000
136.889999,67.401291,-552.453430,-0.002130,-0.001163,-0.029538,299.815918,15.273351,-0.295377,-552.453430,299.999725,0.000000
136.900009,67.393845,-552.364441,-0.002087,-0.001163,-0.029538,299.782806,15.271664,-0.295377,-552.364441,299.999725,0.000000
136.910004,67.398300,-552.364441,-0.002078,-0.001163,-0.029538,299.802612,15.272674,-0.295377,-552.364441,299.999725,0.000000
136.920013,67.397186,-552.497864,-0.002082,-0.001163,-0.029538,299.797668,15.272421,-0.295377,-552.497864,299.999725,0.000000
136.930008,67.400909,-552.364441,-0.002078,-0.001163,-0.029538,299.814209,15.273264,-0.295377,-552.364441,299.999725,0.000000
136.940002,67.404633,-552.453430,-0.002035,-0.001163,-0.029538,299.830780,15.274109,-0.295377,-552.453430,299.999725,0.000000
136.950012,67.400909,-552.408936,-0.002074,-0.001163,-0.029538,299.814209,15.273264,-0.295377,-552.408936,299.999725,0.000000
136.960007,67.388245,-552.319946,-0.002035,-0.001163,-0.029538,299.757874,15.270394,-0.295377,-552.319946,299.999725,0.000000
136.970001,67.384903,-552.542358,-0.002082,-0.001163,-0.029538,299.743011,15.269637,-0.295377,-552.542358,299.999725,0.000000
136.980011,67.392715,-552.408936,-0.002160,-0.001163,-0.029538,299.777771,15.271408,-0.295377,-552.408936,299.999725,0.000000
136.990005,67.395706,-552.408936,-0.002160,-0.001163,-0.029538,299.791077,15.272085,-0.295377,-552.408936,299.999725,0.000000
137.000000,67.400162,-552.453430,-0.002151,-0.001163,-0.029538,299.810883,15.273095,-0.295377,-552.453430,299.999725,0.000000
137.010010,67.402023,-552.408936,-0.002108,-0.001163,-0.029538,299.819183,15.273517,-0.295377,-552.408936,299.999725,0.000000
137.020004,67.397186,-552.497864,-0.002139,-0.001163,-0.029538,299.797668,15.272421,-0.295377,-552.497864,299.999725,0.000000
137.030014,67.394577,-552.319946,-0.002065,-0.001163,-0.029538,299.786041,15.271830,-0.295377,-552.319946,299.999725,0.000000
137.040009,67.400162,-552.408936,-0.002091,-0.001163,-0.029538,299.810883,15.273095,-0.295377,-552.408936,299.999725,0.000000
137.050003,67.396439,-552.453430,-0.002061,-0.001163,-0.029538,299.794342,15.272251,-0.295377,-552.453430,299.999725,0.000000
137.060013,67.403152,-552.319946,-0.002057,-0.001163,-0.029538,299.824188,15.273772,-0.295377,-552.319946,299.999725,0.000000
137.070007,67.402405,-552.497864,-0.002052,-0.001163,-0.029538,299.820862,15.273603,-0.295377,-552.497864,299.999725,0.000000
137.080002,67.402405,-552.408936,-0.002095,-0.001163,-0.029538,299.820862,15.273603,-0.295377,-552.408936,299.999725,0.000000
137.090012,67.405380,-552.453430,-0.002104,-0.001163,-0.029538,299.834106,15.274278,-0.295377,-552.453430,299.999725,0.000000
137.100006,67.397186,-552.408936,-0.002130,-0.001163,-0.029538,299.797668,15.272421,-0.295377,-552.408936,299.999725,0.000000
137.110001,67.399796,-552.364441,-0.002126,-0.001163,-0.029538,299.809265,15.273012,-0.295377,-552.364441,299.999725,0.000000
137.120010,67.395325,-552.497864,-0.002151,-0.001163,-0.029538,299.789368,15.271998,-0.295377,-552.497864,299.999725,0.000000
137.130005,67.406876,-552.364441,-0.002151,-0.001163,-0.029538,299.840759,15.274617,-0.295377,-552.364441,299.999725,0.000000
137.139999,67.404266,-552.497864,-0.002156,-0.001163,-0.029538,299.829163,15.274025,-0.295377,-552.497864,299.999725,0.000000
137.150009,67.409103,-552.364441,-0.002147,-0.001163,-0.029538,299.850677,15.275122,-0.295377,-552.364441,299.999725,0.000000
137.160004,67.397568,-552.408936,-0.002108,-0.001163,-0.029538,299.799347,15.272507,-0.295377,-552.408936,299.999725,0.000000
137.170013,67.397934,-552.497864,-0.002048,-0.001163,-0.029538,299.800995,15.272591,-0.295377,-552.497864,299.999725,0.000000
137.180008,67.392715,-552.364441,-0.002052,-0.001163,-0.029538,299.777771,15.271408,-0.295377,-552.364441,299.999725,0.000000
137.190002,67.388626,-552.408936,-0.002057,-0.001163,-0.029538,299.759583,15.270480,-0.295377,-552.408936,299.999725,0.000000
137.200012,67.392349,-552.408936,-0.002117,-0.001163,-0.029538,299.776154,15.271325,-0.295377,-552.408936,299.999725,0.000000
137.210007,67.389374,-552.364441,-0.002126,-0.001163,-0.029538,299.762909,15.270650,-0.295377,-552.364441,299.999725,0.000000
137.220001,67.391602,-552.497864,-0.002160,-0.001163,-0.029538,299.772827,15.271155,-0.295377,-552.497864,299.999725,0.000000
137.230011,67.403885,-552.364441,-0.002134,-0.001163,-0.029538,299.827454,15.273939,-0.295377,-552.364441,299.999725,0.000000
137.240005,67.406128,-552.408936,-0.002160,-0.001163,-0.029538,299.837433,15.274447,-0.295377,-552.408936,299.999725,0.000000
137.250000,67.398682,-552.408936,-0.002182,-0.001163,-0.029538,299.804321,15.272759,-0.295377,-552.408936,299.999725,0.000000
137.260010,67.409851,-552.453430,-0.002091,-0.001163,-0.029538,299.854004,15.275290,-0.295377,-552.453430,299.999725,0.000000
137.270004,67.399048,-552.497864,-0.002035,-0.001163,-0.029538,299.805939,15.272843,-0.295377,-552.497864,299.999725,0.000000
137.280014,67.391983,-552.364441,-0.002065,-0.001163,-0.029538,299.774506,15.271241,-0.295377,-552.364441,299.999725,0.000000
137.290009,67.396820,-552.408936,-0.002022,-0.001163,-0.029538,299.796021,15.272338,-0.295377,-552.408936,299.999725,0.000000
137.300003,67.398300,-552.453430,-0.002061,-0.001163,-0.029538,299.802612,15.272674,-0.295377,-552.453430,299.999725,0.000000
137.310013,67.393097,-552.364441,-0.002065,-0.001163,-0.029538,299.779480,15.271494,-0.295377,-552.364441,299.999725,0.000000
137.320007,67.399048,-552.497864,-0.002151,-0.001163,-0.029538,299.805939,15.272843,-0.295377,-552.497864,299.999725,0.000000
137.330002,67.393463,-552.319946,-0.002160,-0.001163,-0.029538,299.781097,15.271578,-0.295377,-552.319946,299.999725,0.000000
137.340012,67.396072,-552.453430,-0.002134,-0.001163,-0.029538,299.792694,15.272168,-0.295377,-552.453430,299.999725,0.000000
137.350006,67.398682,-552.408936,-0.002151,-0.001163,-0.029538,299.804321,15.272759,-0.295377,-552.408936,299.999725,0.000000
137.360001,67.404633,-552.408936,-0.002074,-0.001163,-0.029538,299.830780,15.274109,-0.295377,-552.408936,299.999725,0.000000
137.370010,67.398300,-552.497864,-0.002048,-0.001163,-0.029538,299.802612,15.272674,-0.295377,-552.497864,299.999725,0.000000
137.380005,67.403519,-552.408936,-0.002048,-0.001163,-0.029538,299.825836,15.273856,-0.295377,-552.408936,299.999725,0.000000
137.389999,67.402771,-552.453430,-0.002026,-0.001163,-0.029538,299.822510,15.273686,-0.295377,-552.453430,299.999725,0.000000
137.400009,67.404266,-552.453430,-0.002052,-0.001163,-0.029538,299.829163,15.274025,-0.295377,-552.453430,299.999725,0.000000
137.410004,67.405014,-552.408936,-0.002052,-0.001163,-0.029538,299.832489,15.274195,-0.295377,-552.408936,299.999725,0.000000
137.420013,67.404266,-552.497864,-0.002082,-0.001163,-0.029538,299.829163,15.274025,-0.295377,-552.497864,299.999725,0.000000
137.430008,67.402405,-552.364441,-0.002100,-0.001163,-0.029538,299.820862,15.273603,-0.295377,-552.364441,299.999725,0.000000
137.440002,67.401657,-552.408936,-0.002164,-0.001163,-0.029538,299.817535,15.273434,-0.295377,-552.408936,299.999725,0.000000
137.450012,67.393845,-552.453430,-0.002190,-0.001163,-0.029538,299.782806,15.271664,-0.295377,-552.453430,299.999725,0.000000
137.460007,67.399048,-552.364441,-0.002143,-0.001163,-0.029538,299.805939,15.272843,-0.295377,-552.364441,299.999725,0.000000
137.470001,67.395706,-552.542358,-0.002078,-0.001163,-0.029538,299.791077,15.272085,-0.295377,-552.542358,299.999725,0.000000
137.480011,67.402023,-552.408936,-0.002070,-0.001163,-0.029538,299.819183,15.273517,-0.295377,-552.408936,299.999725,0.000000
137.490005,67.400909,-552.453430,-0.002044,-0.001163,-0.029538,299.814209,15.273264,-0.295377,-552.453430,299.999725,0.000000
137.500000,67.397934,-552.453430,-0.002065,-0.001163,-0.029538,299.800995,15.272591,-0.295377,-552.453430,299.999725,0.000000
137.510010,67.399429,-552.364441,-0.002113,-0.001163,-0.029538,299.807648,15.272929,-0.295377,-552.364441,299.999725,0.000000
137.520004,67.397186,-552.453430,-0.002108,-0.001163,-0.029538,299.797668,15.272421,-0.295377,-552.453430,299.999725,0.000000
137.530014,67.400162,-552.364441,-0.002082,-0.001163,-0.029538,299.810883,15.273095,-0.295377,-552.364441,299.999725,0.000000
137.540009,67.393463,-552.453430,-0.002070,-0.001163,-0.029538,299.781097,15.271578,-0.295377,-552.453430,299.999725,0.000000
137.550003,67.400162,-552.453430,-0.002147,-0.001163,-0.029538,299.810883,15.273095,-0.295377,-552.453430,299.999725,0.000000
137.560013,67.404266,-552.364441,-0.002121,-0.001163,-0.029538,299.829163,15.274025,-0.295377,-552.364441,299.999725,0.000000
137.570007,67.397934,-552.497864,-0.002134,-0.001163,-0.029538,299.800995,15.272591,-0.295377,-552.497864,299.999725,0.000000
137.580002,67.395325,-552.408936,-0.002173,-0.001163,-0.029538,299.789368,15.271998,-0.295377,-552.408936,299.999725,0.000000
137.590012,67.396820,-552.408936,-0.002156,-0.001163,-0.029538,299.796021,15.272338,-0.295377,-552.408936,299.999725,0.000000
137.600006,67.394958,-552.453430,-0.002134,-0.001163,-0.029538,299.787750,15.271915,-0.295377,-552.453430,299.999725,0.000000
137.610001,67.400909,-552.408936,-0.002087,-0.001163,-0.029538,299.814209,15.273264,-0.295377,-552.408936,299.999725,0.000000
137.620010,67.399429,-552.453430,-0.002044,-0.001163,-0.029538,299.807648,15.272929,-0.295377,-552.453430,299.999725,0.000000
137.630005,67.405746,-552.364441,-0.002035,-0.001163,-0.029538,299.835724,15.274361,-0.295377,-552.364441,299.999725,0.000000
137.639999,67.407608,-552.453430,-0.002022,-0.001163,-0.029538,299.844025,15.274782,-0.295377,-552.453430,299.999725,0.000000
137.650009,67.399429,-552.408936,-0.002039,-0.001163,-0.029538,299.807648,15.272929,-0.295377,-552.408936,299.999725,0.000000
137.660004,67.400543,-552.364441,-0.002048,-0.001163,-0.029538,299.812592,15.273182,-0.295377,-552.364441,299.999725,0.000000
137.670013,67.395706,-552.497864,-0.002052,-0.001163,-0.029538,299.791077,15.272085,-0.295377,-552.497864,299.999725,0.000000
137.680008,67.401291,-552.408936,-0.002035,-0.001163,-0.029538,299.815918,15.273351,-0.295377,-552.408936,299.999725,0.000000
137.690002,67.387512,-552.453430,-0.002100,-0.001163,-0.029538,299.754639,15.270228,-0.295377,-552.453430,299.999725,0.000000
137.700012,67.395706,-552.453430,-0.002169,-0.001163,-0.029538,299.791077,15.272085,-0.295377,-552.453430,299.999725,0.000000
137.710007,67.397934,-552.408936,-0.002160,-0.001163,-0.029538,299.800995,15.272591,-0.295377,-552.408936,299.999725,0.000000
137.720001,67.400543,-552.542358,-0.002151,-0.001163,-0.029538,299.812592,15.273182,-0.295377,-552.542358,299.999725,0.000000
137.730011,67.394577,-552.408936,-0.002147,-0.001163,-0.029538,299.786041,15.271830,-0.295377,-552.408936,299.999725,0.000000
137.740005,67.390488,-552.453430,-0.002134,-0.001163,-0.029538,299.767853,15.270903,-0.295377,-552.453430,299.999725,0.000000
137.750000,67.402023,-552.497864,-0.002139,-0.001163,-0.029538,299.819183,15.273517,-0.295377,-552.497864,299.999725,0.000000
137.760010,67.406876,-552.364441,-0.002156,-0.001163,-0.029538,299.840759,15.274617,-0.295377,-552.364441,299.999725,0.000000
137.770004,67.390106,-552.542358,-0.002117,-0.001163,-0.029538,299.766174,15.270817,-0.295377,-552.542358,299.999725,0.000000
137.780014,67.397934,-552.408936,-0.002104,-0.001163,-0.029538,299.800995,15.272591,-0.295377,-552.408936,299.999725,0.000000
137.790009,67.395325,-552.497864,-0.002070,-0.001163,-0.029538,299.789368,15.271998,-0.295377,-552.497864,299.999725,0.000000
137.800003,67.395706,-552.542358,-0.002022,-0.001163,-0.029538,299.791077,15.272085,-0.295377,-552.542358,299.999725,0.000000
137.810013,67.401291,-552.408936,-0.002044,-0.001163,-0.029538,299.815918,15.273351,-0.295377,-552.408936,299.999725,0.000000
137.820007,67.397568,-552.497864,-0.002070,-0.001163,-0.029538,299.799347,15.272507,-0.295377,-552.497864,299.999725,0.000000
137.830002,67.398682,-552.408936,-0.002052,-0.001163,-0.029538,299.804321,15.272759,-0.295377,-552.408936,299.999725,0.000000
137.840012,67.392715,-552.453430,-0.002039,-0.001163,-0.029538,299.777771,15.271408,-0.295377,-552.453430,299.999725,0.000000
137.850006,67.394577,-552.453430,-0.002044,-0.001163,-0.029538,299.786041,15.271830,-0.295377,-552.453430,299.999725,0.000000
137.860001,67.401657,-552.364441,-0.002039,-0.001163,-0.029538,299.817535,15.273434,-0.295377,-552.364441,299.999725,0.000000
137.870010,67.402023,-552.542358,-0.002057,-0.001163,-0.029538,299.819183,15.273517,-0.295377,-552.542358,299.999725,0.000000
137.880005,67.395706,-552.364441,-0.002134,-0.001163,-0.029538,299.791077,15.272085,-0.295377,-552.364441,299.999725,0.000000
137.889999,67.390106,-552.453430,-0.002164,-0.001163,-0.029538,299.766174,15.270817,-0.295377,-552.453430,299.999725,0.000000
137.900009,67.387878,-552.497864,-0.002147,-0.001163,-0.029538,299.756256,15.270312,-0.295377,-552.497864,299.999725,0.000000
137.910004,67.395325,-552.408936,-0.002130,-0.001163,-0.029538,299.789368,15.271998,-0.295377,-552.408936,299.999725,0.000000
137.920013,67.400909,-552.497864,-0.002091,-0.001163,-0.029538,299.814209,15.273264,-0.295377,-552.497864,299.999725,0.000000
137.930008,67.396439,-552.408936,-0.002126,-0.001163,-0.029538,299.794342,15.272251,-0.295377,-552.408936,299.999725,0.000000
137.940002,67.390854,-552.453430,-0.002048,-0.001163,-0.029538,299.769501,15.270986,-0.295377,-552.453430,299.999725,0.000000
137.950012,67.384903,-552.453430,-0.002031,-0.001163,-0.029538,299.743011,15.269637,-0.295377,-552.453430,299.999725,0.000000
137.960007,67.389740,-552.408936,-0.002078,-0.001163,-0.029538,299.764526,15.270733,-0.295377,-552.408936,299.999725,0.000000
137.970001,67.390854,-552.453430,-0.002104,-0.001163,-0.029538,299.769501,15.270986,-0.295377,-552.453430,299.999725,0.000000
137.980011,67.399048,-552.408936,-0.002147,-0.001163,-0.029538,299.805939,15.272843,-0.295377,-552.408936,299.999725,0.000000
137.990005,67.399796,-552.408936,-0.002143,-0.001163,-0.029538,299.809265,15.273012,-0.295377,-552.408936,299.999725,0.000000
138.000000,67.390488,-552.453430,-0.002182,-0.001163,-0.029538,299.767853,15.270903,-0.295377,-552.453430,299.999725,0.000000
138.010010,67.405014,-552.408936,-0.002151,-0.001163,-0.029538,299.832489,15.274195,-0.295377,-552.408936,299.999725,0.000000
138.020004,67.399048,-552.497864,-0.002156,-0.001163,-0.029538,299.805939,15.272843,-0.295377,-552.497864,299.999725,0.000000
138.030014,67.404633,-552.364441,-0.002108,-0.001163,-0.029538,299.830780,15.274109,-0.295377,-552.364441,299.999725,0.000000
138.040009,67.395706,-552.453430,-0.002126,-0.001163,-0.029538,299.791077,15.272085,-0.295377,-552.453430,299.999725,0.000000
138.050003,67.391235,-552.453430,-0.002078,-0.001163,-0.029538,299.771179,15.271072,-0.295377,-552.453430,299.999725,0.000000
138.060013,67.403885,-552.453430,-0.002048,-0.001163,-0.029538,299.827454,15.273939,-0.295377,-552.453430,299.999725,0.000000
138.070007,67.403152,-552.497864,-0.002052,-0.001163,-0.029538,299.824188,15.273772,-0.295377,-552.497864,299.999725,0.000000
138.080002,67.393845,-552.408936,-0.002052,-0.001163,-0.029538,299.782806,15.271664,-0.295377,-552.408936,299.999725,0.000000
138.090012,67.390854,-552.497864,-0.002061,-0.001163,-0.029538,299.769501,15.270986,-0.295377,-552.497864,299.999725,0.000000
138.100006,67.396439,-552.497864,-0.002134,-0.001163,-0.029538,299.794342,15.272251,-0.295377,-552.497864,299.999725,0.000000
138.110001,67.392715,-552.453430,-0.002143,-0.001163,-0.029538,299.777771,15.271408,-0.295377,-552.453430,299.999725,0.000000
138.120010,67.394958,-552.497864,-0.002143,-0.001163,-0.029538,299.787750,15.271915,-0.295377,-552.497864,299.999725,0.000000
138.130005,67.401657,-552.408936,-0.002173,-0.001163,-0.029538,299.817535,15.273434,-0.295377,-552.408936,299.999725,0.000000
138.139999,67.399048,-552.453430,-0.002151,-0.001163,-0.029538,299.805939,15.272843,-0.295377,-552.453430,299.999725,0.000000
138.150009,67.388245,-552.542358,-0.002156,-0.001163,-0.029538,299.757874,15.270394,-0.295377,-552.542358,299.999725,0.000000
138.160004,67.396439,-552.408936,-0.002139,-0.001163,-0.029538,299.794342,15.272251,-0.295377,-552.408936,299.999725,0.000000
138.170013,67.399429,-552.497864,-0.002100,-0.001163,-0.029538,299.807648,15.272929,-0.295377,-552.497864,299.999725,0.000000
138.180008,67.406494,-552.453430,-0.002061,-0.001163,-0.029538,299.839050,15.274529,-0.295377,-552.453430,299.999725,0.000000
138.190002,67.394577,-552.497864,-0.002039,-0.001163,-0.029538,299.786041,15.271830,-0.295377,-552.497864,299.999725,0.000000
138.200012,67.398682,-552.497864,-0.002057,-0.001163,-0.029538,299.804321,15.272759,-0.295377,-552.497864,299.999725,0.000000
138.210007,67.392349,-552.453430,-0.002057,-0.001163,-0.029538,299.776154,15.271325,-0.295377,-552.453430,299.999725,0.000000
138.220001,67.397934,-552.497864,-0.002065,-0.001163,-0.029538,299.800995,15.272591,-0.295377,-552.497864,299.999725,0.000000
138.230011,67.394958,-552.364441,-0.002044,-0.001163,-0.029538,299.787750,15.271915,-0.295377,-552.364441,299.999725,0.000000
138.240005,67.394211,-552.497864,-0.002052,-0.001163,-0.029538,299.784424,15.271747,-0.295377,-552.497864,299.999725,0.000000
138.250000,67.399429,-552.497864,-0.002039,-0.001163,-0.029538,299.807648,15.272929,-0.295377,-552.497864,299.999725,0.000000
138.260010,67.391983,-552.408936,-0.002070,-0.001163,-0.029538,299.774506,15.271241,-0.295377,-552.408936,299.999725,0.000000
138.270004,67.391983,-552.542358,-0.002113,-0.001163,-0.029538,299.774506,15.271241,-0.295377,-552.542358,299.999725,0.000000
138.280014,67.396820,-552.408936,-0.002147,-0.001163,-0.029538,299.796021,15.272338,-0.295377,-552.408936,299.999725,0.000000
138.290009,67.387878,-552.497864,-0.002134,-0.001163,-0.029538,299.756256,15.270312,-0.295377,-552.497864,299.999725,0.000000
138.300003,67.390854,-552.453430,-0.002160,-0.001163,-0.029538,299.769501,15.270986,-0.295377,-552.453430,299.999725,0.000000
138.310013,67.405746,-552.408936,-0.002139,-0.001163,-0.029538,299.835724,15.274361,-0.295377,-552.408936,299.999725,0.000000
138.320007,67.397934,-552.542358,-0.002117,-0.001163,-0.029538,299.800995,15.272591,-0.295377,-552.542358,299.999725,0.000000
138.330002,67.393097,-552.453430,-0.002078,-0.001163,-0.029538,299.779480,15.271494,-0.295377,-552.453430,299.999725,0.000000
138.340012,67.391983,-552.497864,-0.002061,-0.001163,-0.029538,299.774506,15.271241,-0.295377,-552.497864,299.999725,0.000000
138.350006,67.391983,-552.453430,-0.002044,-0.001163,-0.029538,299.774506,15.271241,-0.295377,-552.453430,299.999725,0.000000
138.360001,67.388626,-552.453430,-0.002065,-0.001163,-0.029538,299.759583,15.270480,-0.295377,-552.453430,299.999725,0.000000
138.370010,67.399048,-552.497864,-0.002108,-0.001163,-0.029538,299.805939,15.272843,-0.295377,-552.497864,299.999725,0.000000
138.380005,67.403152,-552.364441,-0.002082,-0.001163,-0.029538,299.824188,15.273772,-0.295377,-552.364441,299.999725,0.000000
138.389999,67.400162,-552.453430,-0.002065,-0.001163,-0.029538,299.810883,15.273095,-0.295377,-552.453430,299.999725,0.000000
138.400009,67.400909,-552.453430,-0.002100,-0.001163,-0.029538,299.814209,15.273264,-0.295377,-552.453430,299.999725,0.000000
138.410004,67.400909,-552.408936,-0.002104,-0.001163,-0.029538,299.814209,15.273264,-0.295377,-552.408936,299.999725,0.000000
138.420013,67.393097,-552.586853,-0.002160,-0.001163,-0.029538,299.779480,15.271494,-0.295377,-552.586853,299.999725,0.000000
138.430008,67.403152,-552.408936,-0.002160,-0.001163,-0.029538,299.824188,15.273772,-0.295377,-552.408936,299.999725,0.000000
138.440002,67.399048,-552.497864,-0.002156,-0.001163,-0.029538,299.805939,15.272843,-0.295377,-552.497864,299.999725,0.000000
138.450012,67.397186,-552.453430,-0.002195,-0.001163,-0.029538,299.797668,15.272421,-0.295377,-552.453430,299.999725,0.000000
138.460007,67.401291,-552.408936,-0.002169,-0.001163,-0.029538,299.815918,15.273351,-0.295377,-552.408936,299.999725,0.000000
138.470001,67.402405,-552.497864,-0.002160,-0.001163,-0.029538,299.820862,15.273603,-0.295377,-552.497864,299.999725,0.000000
138.480011,67.399429,-552.408936,-0.002164,-0.001163,-0.029538,299.807648,15.272929,-0.295377,-552.408936,299.999725,0.000000
138.490005,67.391602,-552.497864,-0.002139,-0.001163,-0.029538,299.772827,15.271155,-0.295377,-552.497864,299.999725,0.000000
138.500000,67.396439,-552.542358,-0.002095,-0.001163,-0.029538,299.794342,15.272251,-0.295377,-552.542358,299.999725,0.000000
138.510010,67.399429,-552.453430,-0.002052,-0.001163,-0.029538,299.807648,15.272929,-0.295377,-552.453430,299.999725,0.000000
138.520004,67.398682,-552.542358,-0.002048,-0.001163,-0.029538,299.804321,15.272759,-0.295377,-552.542358,299.999725,0.000000
138.530014,67.390488,-552.364441,-0.002039,-0.001163,-0.029538,299.767853,15.270903,-0.295377,-552.364441,299.999725,0.000000
138.540009,67.396439,-552.497864,-0.002057,-0.001163,-0.029538,299.794342,15.272251,-0.295377,-552.497864,299.999725,0.000000
138.550003,67.394577,-552.542358,-0.002104,-0.001163,-0.029538,299.786041,15.271830,-0.295377,-552.542358,299.999725,0.000000
138.560013,67.389740,-552.453430,-0.002160,-0.001163,-0.029538,299.764526,15.270733,-0.295377,-552.453430,299.999725,0.000000
138.570007,67.389740,-552.542358,-0.002100,-0.001163,-0.029538,299.764526,15.270733,-0.295377,-552.542358,299.999725,0.000000
138.580002,67.398682,-552.408936,-0.002156,-0.001163,-0.029538,299.804321,15.272759,-0.295377,-552.408936,299.999725,0.000000
138.590012,67.392715,-552.497864,-0.002117,-0.001163,-0.029538,299.777771,15.271408,-0.295377,-552.497864,299.999725,0.000000
138.600006,67.396072,-552.497864,-0.002139,-0.001163,-0.029538,299.792694,15.272168,-0.295377,-552.497864,299.999725,0.000000
138.610001,67.401291,-552.408936,-0.002044,-0.001163,-0.029538,299.815918,15.273351,-0.295377,-552.408936,299.999725,0.000000
138.620010,67.397934,-552.497864,-0.002052,-0.001163,-0.029538,299.800995,15.272591,-0.295377,-552.497864,299.999725,0.000000
138.630005,67.400162,-552.408936,-0.002035,-0.001163,-0.029538,299.810883,15.273095,-0.295377,-552.408936,299.999725,0.000000
138.639999,67.396072,-552.542358,-0.002078,-0.001163,-0.029538,299.792694,15.272168,-0.295377,-552.542358,299.999725,0.000000
138.650009,67.393097,-552.453430,-0.002147,-0.001163,-0.029538,299.779480,15.271494,-0.295377,-552.453430,299.999725,0.000000
138.660004,67.394211,-552.453430,-0.002156,-0.001163,-0.029538,299.784424,15.271747,-0.295377,-552.453430,299.999725,0.000000
138.670013,67.396072,-552.586853,-0.002160,-0.001163,-0.029538,299.792694,15.272168,-0.295377,-552.586853,299.999725,0.000000
138.680008,67.404633,-552.453430,-0.002147,-0.001163,-0.029538,299.830780,15.274109,-0.295377,-552.453430,299.999725,0.000000
138.690002,67.392715,-552.497864,-0.002151,-0.001163,-0.029538,299.777771,15.271408,-0.295377,-552.497864,299.999725,0.000000
138.700012,67.399048,-552.453430,-0.002044,-0.001163,-0.029538,299.805939,15.272843,-0.295377,-552.453430,299.999725,0.000000
138.710007,67.404266,-552.408936,-0.002057,-0.001163,-0.029538,299.829163,15.274025,-0.295377,-552.408936,299.999725,0.000000
138.720001,67.394577,-552.542358,-0.002065,-0.001163,-0.029538,299.786041,15.271830,-0.295377,-552.542358,299.999725,0.000000
138.730011,67.394958,-552.453430,-0.002104,-0.001163,-0.029538,299.787750,15.271915,-0.295377,-552.453430,299.999725,0.000000
138.740005,67.397568,-552.453430,-0.002147,-0.001163,-0.029538,299.799347,15.272507,-0.295377,-552.453430,299.999725,0.000000
138.750000,67.388245,-552.497864,-0.002186,-0.001163,-0.029538,299.757874,15.270394,-0.295377,-552.497864,299.999725,0.000000
138.760010,67.389374,-552.408936,-0.002160,-0.001163,-0.029538,299.762909,15.270650,-0.295377,-552.408936,299.999725,0.000000
138.770004,67.396072,-552.542358,-0.002182,-0.001163,-0.029538,299.792694,15.272168,-0.295377,-552.542358,299.999725,0.000000
138.780014,67.398682,-552.408936,-0.002169,-0.001163,-0.029538,299.804321,15.272759,-0.295377,-552.408936,299.999725,0.000000
138.790009,67.399429,-552.497864,-0.002182,-0.001163,-0.029538,299.807648,15.272929,-0.295377,-552.497864,299.999725,0.000000
138.800003,67.400543,-552.497864,-0.002169,-0.001163,-0.029538,299.812592,15.273182,-0.295377,-552.497864,299.999725,0.000000
138.810013,67.393845,-552.453430,-0.002177,-0.001163,-0.029538,299.782806,15.271664,-0.295377,-552.453430,299.999725,0.000000
138.820007,67.400162,-552.497864,-0.002126,-0.001163,-0.029538,299.810883,15.273095,-0.295377,-552.497864,299.999725,0.000000
138.830002,67.402405,-552.408936,-0.002100,-0.001163,-0.029538,299.820862,15.273603,-0.295377,-552.408936,299.999725,0.000000
138.840012,67.393845,-552.453430,-0.002104,-0.001163,-0.029538,299.782806,15.271664,-0.295377,-552.453430,299.999725,0.000000
138.850006,67.396439,-552.453430,-0.002126,-0.001163,-0.029538,299.794342,15.272251,-0.295377,-552.453430,299.999725,0.000000
138.860001,67.400162,-552.408936,-0.002130,-0.001163,-0.029538,299.810883,15.273095,-0.295377,-552.408936,299.999725,0.000000
138.870010,67.396820,-552.542358,-0.002134,-0.001163,-0.029538,299.796021,15.272338,-0.295377,-552.542358,299.999725,0.000000
138.880005,67.399048,-552.453430,-0.002139,-0.001163,-0.029538,299.805939,15.272843,-0.295377,-552.453430,299.999725,0.000000
138.889999,67.390854,-552.453430,-0.002156,-0.001163,-0.029538,299.769501,15.270986,-0.295377,-552.453430,299.999725,0.000000
138.900009,67.392349,-552.453430,-0.002151,-0.001163,-0.029538,299.776154,15.271325,-0.295377,-552.453430,299.999725,0.000000
138.910004,67.391983,-552.453430,-0.002177,-0.001163,-0.029538,299.774506,15.271241,-0.295377,-552.453430,299.999725,0.000000
138.920013,67.390488,-552.542358,-0.002186,-0.001163,-0.029538,299.767853,15.270903,-0.295377,-552.542358,299.999725,0.000000
138.930008,67.392715,-552.453430,-0.002169,-0.001163,-0.029538,299.777771,15.271408,-0.295377,-552.453430,299.999725,0.000000
138.940002,67.393463,-552.497864,-0.002169,-0.001163,-0.029538,299.781097,15.271578,-0.295377,-552.497864,299.999725,0.000000
138.950012,67.387878,-552.497864,-0.002164,-0.001163,-0.029538,299.756256,15.270312,-0.295377,-552.497864,299.999725,0.000000
138.960007,67.396820,-552.408936,-0.002117,-0.001163,-0.029538,299.796021,15.272338,-0.295377,-552.408936,299.999725,0.000000
138.970001,67.393463,-552.542358,-0.002061,-0.001163,-0.029538,299.781097,15.271578,-0.295377,-552.542358,299.999725,0.000000
138.980011,67.391983,-552.453430,-0.002035,-0.001163,-0.029538,299.774506,15.271241,-0.295377,-552.453430,299.999725,0.000000
138.990005,67.393845,-552.497864,-0.002048,-0.001163,-0.029538,299.782806,15.271664,-0.295377,-552.497864,299.999725,0.000000
139.000000,67.397186,-552.497864,-0.002044,-0.001163,-0.029538,299.797668,15.272421,-0.295377,-552.497864,299.999725,0.000000
139.010010,67.390854,-552.408936,-0.002113,-0.001163,-0.029538,299.769501,15.270986,-0.295377,-552.408936,299.999725,0.000000
139.020004,67.392715,-552.542358,-0.002134,-0.001163,-0.029538,299.777771,15.271408,-0.295377,-552.542358,299.999725,0.000000
139.030014,67.396439,-552.453430,-0.002087,-0.001163,-0.029538,299.794342,15.272251,-0.295377,-552.453430,299.999725,0.000000
139.040009,67.401291,-552.497864,-0.002130,-0.001163,-0.029538,299.815918,15.273351,-0.295377,-552.497864,299.999725,0.000000
139.050003,67.403152,-552.497864,-0.002121,-0.001163,-0.029538,299.824188,15.273772,-0.295377,-552.497864,299.999725,0.000000
139.060013,67.401291,-552.408936,-0.002134,-0.001163,-0.029538,299.815918,15.273351,-0.295377,-552.408936,299.999725,0.000000
139.070007,67.392349,-552.497864,-0.002164,-0.001163,-0.029538,299.776154,15.271325,-0.295377,-552.497864,299.999725,0.000000
139.080002,67.397186,-552.453430,-0.002169,-0.001163,-0.029538,299.797668,15.272421,-0.295377,-552.453430,299.999725,0.000000
139.090012,67.395325,-552.497864,-0.002143,-0.001163,-0.029538,299.789368,15.271998,-0.295377,-552.497864,299.999725,0.000000
139.100006,67.395706,-552.497864,-0.002160,-0.001163,-0.029538,299.791077,15.272085,-0.295377,-552.497864,299.999725,0.000000
139.110001,67.393097,-552.453430,-0.002143,-0.001163,-0.029538,299.779480,15.271494,-0.295377,-552.453430,299.999725,0.000000
139.120010,67.392349,-552.542358,-0.002164,-0.001163,-0.029538,299.776154,15.271325,-0.295377,-552.542358,299.999725,0.000000
139.130005,67.391602,-552.453430,-0.002108,-0.001163,-0.029538,299.772827,15.271155,-0.295377,-552.453430,299.999725,0.000000
139.139999,67.401657,-552.453430,-0.002048,-0.001163,-0.029538,299.817535,15.273434,-0.295377,-552.453430,299.999725,0.000000
139.150009,67.398682,-552.542358,-0.002052,-0.001163,-0.029538,299.804321,15.272759,-0.295377,-552.542358,299.999725,0.000000
139.160004,67.395325,-552.364441,-0.002057,-0.001163,-0.029538,299.789368,15.271998,-0.295377,-552.364441,299.999725,0.000000
139.170013,67.401657,-552.542358,-0.002061,-0.001163,-0.029538,299.817535,15.273434,-0.295377,-552.542358,299.999725,0.000000
139.180008,67.407990,-552.453430,-0.002078,-0.001163,-0.029538,299.845703,15.274869,-0.295377,-552.453430,299.999725,0.000000
139.190002,67.403152,-552.497864,-0.002095,-0.001163,-0.029538,299.824188,15.273772,-0.295377,-552.497864,299.999725,0.000000
139.200012,67.396439,-552.542358,-0.002147,-0.001163,-0.029538,299.794342,15.272251,-0.295377,-552.542358,299.999725,0.000000
139.210007,67.396072,-552.453430,-0.002139,-0.001163,-0.029538,299.792694,15.272168,-0.295377,-552.453430,299.999725,0.000000
139.220001,67.393463,-552.586853,-0.002160,-0.001163,-0.029538,299.781097,15.271578,-0.295377,-552.586853,299.999725,0.000000
139.230011,67.392715,-552.408936,-0.002151,-0.001163,-0.029538,299.777771,15.271408,-0.295377,-552.408936,299.999725,0.000000
139.240005,67.394211,-552.542358,-0.002134,-0.001163,-0.029538,299.784424,15.271747,-0.295377,-552.542358,299.999725,0.000000
139.250000,67.393097,-552.542358,-0.002113,-0.001163,-0.029538,299.779480,15.271494,-0.295377,-552.542358,299.999725,0.000000
139.260010,67.393845,-552.408936,-0.002074,-0.001163,-0.029538,299.782806,15.271664,-0.295377,-552.408936,299.999725,0.000000
139.270004,67.396820,-552.542358,-0.002095,-0.001163,-0.029538,299.796021,15.272338,-0.295377,-552.542358,299.999725,0.000000
139.280014,67.398682,-552.408936,-0.002057,-0.001163,-0.029538,299.804321,15.272759,-0.295377,-552.408936,299.999725,0.000000
139.290009,67.397568,-552.542358,-0.002044,-0.001163,-0.029538,299.799347,15.272507,-0.295377,-552.542358,299.999725,0.000000
139.300003,67.392715,-552.542358,-0.002044,-0.001163,-0.029538,299.777771,15.271408,-0.295377,-552.542358,299.999725,0.000000
139.310013,67.388992,-552.542358,-0.002061,-0.001163,-0.029538,299.761200,15.270564,-0.295377,-552.542358,299.999725,0.000000
139.320007,67.389740,-552.542358,-0.002074,-0.001163,-0.029538,299.764526,15.270733,-0.295377,-552.542358,299.999725,0.000000
139.330002,67.393845,-552.497864,-0.002113,-0.001163,-0.029538,299.782806,15.271664,-0.295377,-552.497864,299.999725,0.000000
139.340012,67.398682,-552.453430,-0.002126,-0.001163,-0.029538,299.804321,15.272759,-0.295377,-552.453430,299.999725,0.000000
139.350006,67.405380,-552.542358,-0.002143,-0.001163,-0.029538,299.834106,15.274278,-0.295377,-552.542358,299.999725,0.000000
139.360001,67.405014,-552.453430,-0.002160,-0.001163,-0.029538,299.832489,15.274195,-0.295377,-552.453430,299.999725,0.000000
139.370010,67.411713,-552.586853,-0.002126,-0.001163,-0.029538,299.862274,15.275713,-0.295377,-552.586853,299.999725,0.000000
139.380005,67.403152,-552.497864,-0.002074,-0.001163,-0.029538,299.824188,15.273772,-0.295377,-552.497864,299.999725,0.000000
139.389999,67.397186,-552.453430,-0.002031,-0.001163,-0.029538,299.797668,15.272421,-0.295377,-552.453430,299.999725,0.000000
139.400009,67.397186,-552.453430,-0.002061,-0.001163,-0.029538,299.797668,15.272421,-0.295377,-552.453430,299.999725,0.000000
139.410004,67.389740,-552.453430,-0.002061,-0.001163,-0.029538,299.764526,15.270733,-0.295377,-552.453430,299.999725,0.000000
139.420013,67.390106,-552.586853,-0.002061,-0.001163,-0.029538,299.766174,15.270817,-0.295377,-552.586853,299.999725,0.000000
139.430008,67.401657,-552.497864,-0.002065,-0.001163,-0.029538,299.817535,15.273434,-0.295377,-552.497864,299.999725,0.000000
139.440002,67.388626,-552.542358,-0.002031,-0.001163,-0.029538,299.759583,15.270480,-0.295377,-552.542358,299.999725,0.000000
139.450012,67.394958,-552.497864,-0.002052,-0.001163,-0.029538,299.787750,15.271915,-0.295377,-552.497864,299.999725,0.000000
139.460007,67.396072,-552.453430,-0.002078,-0.001163,-0.029538,299.792694,15.272168,-0.295377,-552.453430,299.999725,0.000000
139.470001,67.391602,-552.542358,-0.002164,-0.001163,-0.029538,299.772827,15.271155,-0.295377,-552.542358,299.999725,0.000000
139.480011,67.391602,-552.408936,-0.002130,-0.001163,-0.029538,299.772827,15.271155,-0.295377,-552.408936,299.999725,0.000000
139.490005,67.399796,-552.542358,-0.002173,-0.001163,-0.029538,299.809265,15.273012,-0.295377,-552.542358,299.999725,0.000000
139.500000,67.387878,-552.497864,-0.002156,-0.001163,-0.029538,299.756256,15.270312,-0.295377,-552.497864,299.999725,0.000000
139.510010,67.395706,-552.497864,-0.002113,-0.001163,-0.029538,299.791077,15.272085,-0.295377,-552.497864,1713.042358,0.000000
139.520004,67.388992,-552.542358,-0.002052,-0.001163,-0.029538,299.761200,15.270564,-0.295377,-552.542358,1713.042358,0.000000
139.530014,67.399796,-552.453430,-0.002065,-0.001163,-0.029538,299.809265,15.273012,-0.295377,-552.453430,1713.042358,0.000000
139.540009,67.394211,-552.497864,-0.002052,-0.001163,-0.029538,299.784424,15.271747,-0.295377,-552.497864,1713.042358,0.000000
139.550003,67.393845,-552.497864,-0.002044,-0.001163,-0.029538,299.782806,15.271664,-0.295377,-552.497864,1713.042358,0.000000
139.560013,67.392715,-552.497864,-0.002026,-0.001163,-0.029538,299.777771,15.271408,-0.295377,-552.497864,1713.042358,0.000000
139.570007,67.392349,-552.542358,-0.002035,-0.001163,-0.029538,299.776154,15.271325,-0.295377,-552.542358,1713.042358,0.000000
139.580002,67.401657,-552.497864,-0.002031,-0.001163,-0.029538,299.817535,15.273434,-0.295377,-552.497864,1713.042358,0.000000
139.590012,67.386765,-552.497864,-0.002044,-0.001163,-0.029538,299.751312,15.270060,-0.295377,-552.497864,1713.042358,0.000000
139.600006,67.392715,-552.497864,-0.002048,-0.001163,-0.029538,299.777771,15.271408,-0.295377,-552.497864,1713.042358,0.000000
139.610001,67.396439,-552.497864,-0.002052,-0.001163,-0.029538,299.794342,15.272251,-0.295377,-552.497864,1713.042358,0.000000
139.620010,67.396820,-552.542358,-0.002100,-0.001163,-0.029538,299.796021,15.272338,-0.295377,-552.542358,1713.042358,0.000000
139.630005,67.405380,-552.453430,-0.002147,-0.001163,-0.029538,299.834106,15.274278,-0.295377,-552.453430,1713.042358,0.000000
139.639999,67.404633,-552.497864,-0.002177,-0.001163,-0.029538,299.830780,15.274109,-0.295377,-552.497864,1713.042358,0.000000
139.650009,67.391983,-552.542358,-0.002164,-0.001163,-0.029538,299.774506,15.271241,-0.295377,-552.542358,1713.042358,0.000000
139.660004,67.398300,-552.453430,-0.002095,-0.001163,-0.029538,299.802612,15.272674,-0.295377,-552.453430,1713.042358,0.000000
139.670013,67.399429,-552.542358,-0.002087,-0.001163,-0.029538,299.807648,15.272929,-0.295377,-552.542358,1713.042358,0.000000
139.680008,67.400543,-552.497864,-0.002082,-0.001163,-0.029538,299.812592,15.273182,-0.295377,-552.497864,1713.042358,0.000000
139.690002,67.397186,-552.586853,-0.002057,-0.001163,-0.029538,299.797668,15.272421,-0.295377,-552.586853,1713.042358,0.000000
139.700012,67.409851,-552.542358,-0.002082,-0.001163,-0.029538,299.854004,15.275290,-0.295377,-552.542358,1713.042358,0.000000
139.710007,67.402023,-552.497864,-0.002065,-0.001163,-0.029538,299.819183,15.273517,-0.295377,-552.497864,1713.042358,0.000000
139.720001,67.397186,-552.586853,-0.002057,-0.001163,-0.029538,299.797668,15.272421,-0.295377,-552.586853,1713.042358,0.000000
139.730011,67.404266,-552.453430,-0.002061,-0.001163,-0.029538,299.829163,15.274025,-0.295377,-552.453430,1713.042358,0.000000
139.740005,67.397186,-552.497864,-0.002095,-0.001163,-0.029538,299.797668,15.272421,-0.295377,-552.497864,1713.042358,0.000000
139.750000,67.396439,-552.497864,-0.002126,-0.001163,-0.029538,299.794342,15.272251,-0.295377,-552.497864,-0.029538,0.000000
139.760010,67.404633,-552.497864,-0.002173,-0.001163,-0.029538,299.830780,15.274109,-0.295377,-552.497864,-0.029538,0.000000
139.770004,67.407990,-552.542358,-0.002190,-0.001163,-0.029538,299.845703,15.274869,-0.295377,-552.542358,-0.029538,0.000000
139.780014,67.406876,-552.408936,-0.002130,-0.001163,-0.029538,299.840759,15.274617,-0.295377,-552.408936,-0.029538,0.000000
139.790009,67.397186,-552.542358,-0.002143,-0.001163,-0.029538,299.797668,15.272421,-0.295377,-552.542358,-0.029538,0.000000
139.800003,67.395706,-552.497864,-0.002113,-0.001163,-0.029538,299.791077,15.272085,-0.295377,-552.497864,-0.029546,0.000000
139.810013,67.400543,-552.497864,-0.002065,-0.001163,-0.029538,299.812592,15.273182,-0.295377,-552.497864,-0.029564,0.000000
139.820007,67.404633,-552.586853,-0.002013,-0.001163,-0.029538,299.830780,15.274109,-0.295377,-552.586853,-0.029581,0.000000
139.830002,67.405014,-552.408936,-0.002104,-0.001163,-0.029538,299.832489,15.274195,-0.295377,-552.408936,-0.029598,0.000000
139.840012,67.394577,-552.586853,-0.002104,-0.001163,-0.029538,299.786041,15.271830,-0.295377,-552.586853,-0.029616,0.000000
139.850006,67.388992,-552.453430,-0.002186,-0.001163,-0.029538,299.761200,15.270564,-0.295377,-552.453430,-0.029633,0.000000
139.860001,67.386017,-552.497864,-0.002164,-0.001163,-0.029538,299.747986,15.269890,-0.295377,-552.497864,-0.029650,0.000000
139.870010,67.384903,-552.586853,-0.002164,-0.001163,-0.029538,299.743011,15.269637,-0.295377,-552.586853,-0.029659,0.000000
139.880005,67.390854,-552.453430,-0.002104,-0.001163,-0.029538,299.769501,15.270986,-0.295377,-552.453430,-0.029676,0.000000
139.889999,67.389374,-552.542358,-0.002156,-0.001163,-0.029538,299.762909,15.270650,-0.295377,-552.542358,-0.029694,0.000000
139.900009,67.398682,-552.497864,-0.002147,-0.001163,-0.029538,299.804321,15.272759,-0.295377,-552.497864,-0.029711,0.000000
139.910004,67.396072,-552.497864,-0.002160,-0.001163,-0.029538,299.792694,15.272168,-0.295377,-552.497864,-0.029728,0.000000
139.920013,67.406494,-552.631348,-0.002147,-0.001163,-0.029538,299.839050,15.274529,-0.295377,-552.631348,-0.029746,0.000000
139.930008,67.384903,-552.497864,-0.002169,-0.001163,-0.029546,299.743011,15.269637,-0.295464,-552.497864,-0.029763,0.000000
139.940002,67.331284,-552.542358,-0.002143,-0.001163,-0.029546,299.504517,15.257486,-0.295464,-552.542358,-0.029781,0.000000
139.950012,67.308197,-552.497864,-0.002169,-0.001163,-0.029546,299.401825,15.252255,-0.295464,-552.497864,-0.029798,0.000000
139.960007,67.374481,-552.497864,-0.002130,-0.001163,-0.029546,299.696655,15.267276,-0.295464,-552.497864,-0.029815,0.000000
139.970001,67.397934,-552.586853,-0.002151,-0.001164,-0.029555,299.800995,15.272591,-0.295550,-552.586853,-0.029833,0.000000
139.980011,67.363678,-552.453430,-0.002160,-0.001164,-0.029555,299.648590,15.264828,-0.295550,-552.453430,-0.029850,0.000000
139.990005,67.326065,-552.586853,-0.002074,-0.001164,-0.029572,299.481293,15.256305,-0.295724,-552.586853,-0.029867,0.000000
140.000000,67.316757,-552.497864,-0.002031,-0.001165,-0.029581,299.439880,15.254195,-0.295811,-552.497864,-0.029876,0.000000
140.010010,67.316757,-552.497864,-0.002039,-0.001165,-0.029598,299.439880,15.254195,-0.295984,-552.497864,-0.029893,0.000000
140.020004,67.314896,-552.586853,-0.002065,-0.001166,-0.029616,299.431610,15.253774,-0.296158,-552.586853,-0.029911,0.000000
140.030014,67.327179,-552.453430,-0.002095,-0.001166,-0.029624,299.486237,15.256557,-0.296244,-552.453430,-0.029928,0.000000
140.040009,67.346176,-552.542358,-0.002113,-0.001167,-0.029633,299.570740,15.260862,-0.296331,-552.542358,-0.029945,0.000000
140.050003,67.370743,-552.497864,-0.002082,-0.001167,-0.029650,299.680023,15.266428,-0.296504,-552.497864,-0.029963,0.000000
140.060013,67.390106,-552.453430,-0.002057,-0.001168,-0.029659,299.766174,15.270817,-0.296591,-552.453430,-0.029980,0.000000
140.070007,67.418793,-552.586853,-0.002095,-0.001168,-0.029659,299.893768,15.277317,-0.296591,-552.586853,-0.029997,0.000000
140.080002,67.445602,-552.453430,-0.002121,-0.001168,-0.029659,300.013031,15.283392,-0.296591,-552.453430,-0.030015,0.000000
140.090012,67.423248,-552.542358,-0.002164,-0.001168,-0.029668,299.913574,15.278326,-0.296678,-552.542358,-0.030032,0.000000
140.100006,67.388992,-552.497864,-0.002156,-0.001168,-0.029676,299.761200,15.270564,-0.296765,-552.497864,-0.030049,0.000000
140.110001,67.379684,-552.497864,-0.002151,-0.001169,-0.029685,299.719818,15.268455,-0.296851,-552.497864,-0.030067,0.000000
140.120010,67.372238,-552.586853,-0.002130,-0.001169,-0.029702,299.686676,15.266768,-0.297025,-552.586853,-0.030084,0.000000
140.130005,67.361816,-552.497864,-0.002134,-0.001170,-0.029720,299.640320,15.264405,-0.297198,-552.497864,-0.030093,0.000000
140.139999,67.368515,-552.586853,-0.002100,-0.001171,-0.029737,299.670135,15.265924,-0.297372,-552.586853,-0.030110,0.000000
140.150009,67.363297,-552.497864,-0.002057,-0.001171,-0.029746,299.646912,15.264741,-0.297458,-552.497864,-0.030127,0.000000
140.160004,67.359573,-552.408936,-0.002052,-0.001172,-0.029763,299.630341,15.263897,-0.297632,-552.408936,-0.030145,0.000000
140.170013,67.367401,-552.586853,-0.002048,-0.001172,-0.029781,299.665161,15.265671,-0.297805,-552.586853,-0.030162,0.000000
140.180008,67.373352,-552.453430,-0.002057,-0.001173,-0.029789,299.691650,15.267020,-0.297892,-552.453430,-0.030179,0.000000
140.190002,67.365158,-552.542358,-0.002126,-0.001173,-0.029807,299.655182,15.265162,-0.298065,-552.542358,-0.030197,0.000000
140.200012,67.366287,-552.542358,-0.002173,-0.001174,-0.029815,299.660217,15.265418,-0.298152,-552.542358,-0.030214,0.000000
140.210007,67.381546,-552.497864,-0.002173,-0.001175,-0.029833,299.728088,15.268877,-0.298326,-552.497864,-0.030231,0.000000
140.220001,67.389374,-552.497864,-0.002134,-0.001175,-0.029833,299.762909,15.270650,-0.298326,-552.497864,-0.030249,0.000000
140.230011,67.406876,-552.453430,-0.002100,-0.001175,-0.029833,299.840759,15.274617,-0.298326,-552.453430,-0.030266,0.000000
140.240005,67.409851,-552.497864,-0.002048,-0.001175,-0.029833,299.854004,15.275290,-0.298326,-552.497864,-0.030284,0.000000
140.250000,67.384155,-552.497864,-0.002052,-0.001175,-0.029833,299.739685,15.269467,-0.298326,-552.497864,-0.030301,0.000000
140.260010,67.334259,-552.497864,-0.002044,-0.001175,-0.029841,299.517731,15.258162,-0.298412,-552.497864,-0.030310,0.000000
140.270004,67.336868,-552.586853,-0.002044,-0.001176,-0.029867,299.529358,15.258752,-0.298673,-552.586853,-0.030327,0.000000
140.280014,67.329041,-552.453430,-0.002065,-0.001178,-0.029911,299.494537,15.256978,-0.299106,-552.453430,-0.030344,0.000000
140.290009,67.359573,-552.542358,-0.002095,-0.001179,-0.029945,299.630341,15.263897,-0.299453,-552.542358,-0.030362,0.000000
140.300003,67.394958,-552.453430,-0.002091,-0.001181,-0.029989,299.787750,15.271915,-0.299887,-552.453430,-0.030379,0.000000
140.310013,67.377823,-552.453430,-0.002126,-0.001182,-0.030023,299.711517,15.268033,-0.300234,-552.453430,-0.030396,0.000000
140.320007,67.358093,-552.586853,-0.002117,-0.001183,-0.030041,299.623749,15.263562,-0.300407,-552.586853,-0.030414,0.000000
140.330002,67.346924,-552.497864,-0.002134,-0.001183,-0.030049,299.574066,15.261031,-0.300494,-552.497864,-0.030431,0.000000
140.340012,67.335373,-552.542358,-0.002104,-0.001183,-0.030049,299.522705,15.258413,-0.300494,-552.542358,-0.030448,0.000000
140.350006,67.356598,-552.542358,-0.002182,-0.001183,-0.030049,299.617126,15.263224,-0.300494,-552.542358,-0.030466,0.000000
140.360001,67.393097,-552.453430,-0.002173,-0.001183,-0.030049,299.779480,15.271494,-0.300494,-552.453430,-0.030483,0.000000
140.370010,67.389740,-552.586853,-0.002169,-0.001183,-0.030058,299.764526,15.270733,-0.300580,-552.586853,-0.030500,0.000000
140.380005,67.371490,-552.453430,-0.002143,-0.001184,-0.030084,299.683350,15.266598,-0.300841,-552.453430,-0.030518,0.000000
140.389999,67.387131,-552.542358,-0.002143,-0.001186,-0.030119,299.752930,15.270143,-0.301188,-552.542358,-0.030526,0.000000
140.400009,67.407242,-552.586853,-0.002100,-0.001186,-0.030136,299.842377,15.274699,-0.301361,-552.586853,-0.030544,0.000000
140.410004,67.396439,-552.497864,-0.002065,-0.001187,-0.030145,299.794342,15.272251,-0.301448,-552.497864,-0.030561,0.000000
140.420013,67.400543,-552.542358,-0.002074,-0.001187,-0.030145,299.812592,15.273182,-0.301448,-552.542358,-0.030578,0.000000
140.430008,67.387131,-552.497864,-0.002121,-0.001187,-0.030162,299.752930,15.270143,-0.301621,-552.497864,-0.030596,0.000000
140.440002,67.378937,-552.542358,-0.002108,-0.001188,-0.030171,299.716492,15.268286,-0.301708,-552.542358,-0.030613,0.000000
140.450012,67.363297,-552.586853,-0.002057,-0.001189,-0.030188,299.646912,15.264741,-0.301881,-552.586853,-0.030630,0.000000
140.460007,67.356232,-552.542358,-0.002065,-0.001189,-0.030197,299.615479,15.263141,-0.301968,-552.542358,-0.030648,0.000000
140.470001,67.339096,-552.586853,-0.002087,-0.001190,-0.030214,299.539246,15.259257,-0.302141,-552.586853,-0.030665,0.000000
140.480011,67.352127,-552.497864,-0.002091,-0.001190,-0.030231,299.597229,15.262210,-0.302315,-552.497864,-0.030682,0.000000
140.490005,67.338730,-552.542358,-0.002104,-0.001191,-0.030240,299.537628,15.259174,-0.302402,-552.542358,-0.030700,0.000000
140.500000,67.329788,-552.497864,-0.002177,-0.001191,-0.030249,299.497864,15.257148,-0.302488,-552.497864,-0.030717,0.000000
140.510010,67.326065,-552.497864,-0.002182,-0.001191,-0.030258,299.481293,15.256305,-0.302575,-552.497864,-0.030726,0.000000
140.520004,67.324951,-552.542358,-0.002134,-0.001192,-0.030266,299.476349,15.256052,-0.302662,-552.542358,-0.030743,0.000000
140.530014,67.326813,-552.497864,-0.002108,-0.001192,-0.030275,299.484619,15.256474,-0.302748,-552.497864,-0.030760,0.000000
140.540009,67.327927,-552.542358,-0.002117,-0.001192,-0.030284,299.489563,15.256726,-0.302835,-552.542358,-0.030778,0.000000
140.550003,67.335373,-552.542358,-0.002091,-0.001193,-0.030310,299.522705,15.258413,-0.303095,-552.542358,-0.030795,0.000000
140.560013,67.334259,-552.542358,-0.002087,-0.001194,-0.030327,299.517731,15.258162,-0.303269,-552.542358,-0.030813,0.000000
140.570007,67.318985,-552.586853,-0.002113,-0.001195,-0.030353,299.449799,15.254700,-0.303529,-552.586853,-0.030830,0.000000
140.580002,67.326431,-552.453430,-0.002061,-0.001196,-0.030370,299.482910,15.256388,-0.303702,-552.453430,-0.030847,0.000000
140.590012,67.323090,-552.497864,-0.002074,-0.001196,-0.030388,299.468048,15.255630,-0.303876,-552.497864,-0.030865,0.000000
140.600006,67.325317,-552.542358,-0.002052,-0.001197,-0.030405,299.477966,15.256135,-0.304049,-552.542358,-0.030882,0.000000
140.610001,67.321976,-552.497864,-0.002039,-0.001198,-0.030422,299.463104,15.255378,-0.304223,-552.497864,-0.030899,0.000000
140.620010,67.321976,-552.586853,-0.002065,-0.001198,-0.030431,299.463104,15.255378,-0.304310,-552.586853,-0.030917,0.000000
140.630005,67.318985,-552.453430,-0.002078,-0.001199,-0.030448,299.449799,15.254700,-0.304483,-552.453430,-0.030934,0.000000
140.639999,67.310791,-552.542358,-0.002044,-0.001199,-0.030466,299.413361,15.252843,-0.304656,-552.542358,-0.030943,0.000000
140.650009,67.313782,-552.542358,-0.002095,-0.001200,-0.030492,299.426666,15.253521,-0.304917,-552.542358,-0.030960,0.000000
140.660004,67.332016,-552.542358,-0.002156,-0.001201,-0.030500,299.507751,15.257653,-0.305003,-552.542358,-0.030977,0.000000
140.670013,67.329422,-552.675842,-0.002177,-0.001201,-0.030509,299.496216,15.257066,-0.305090,-552.675842,-0.030995,0.000000
140.680008,67.318253,-552.542358,-0.002134,-0.001201,-0.030509,299.446533,15.254535,-0.305090,-552.542358,-0.031012,0.000000
140.690002,67.329422,-552.586853,-0.002121,-0.001201,-0.030509,299.496216,15.257066,-0.305090,-552.586853,-0.031029,0.000000
140.700012,67.329422,-552.497864,-0.002113,-0.001201,-0.030518,299.496216,15.257066,-0.305177,-552.497864,-0.031047,0.000000
140.710007,67.344681,-552.497864,-0.002044,-0.001201,-0.030518,299.564087,15.260523,-0.305177,-552.497864,-0.031064,0.000000
140.720001,67.347290,-552.542358,-0.002048,-0.001201,-0.030518,299.575714,15.261114,-0.305177,-552.542358,-0.031081,0.000000
140.730011,67.339844,-552.453430,-0.002082,-0.001202,-0.030526,299.542572,15.259427,-0.305263,-552.453430,-0.031099,0.000000
140.740005,67.335754,-552.586853,-0.002044,-0.001202,-0.030526,299.524384,15.258500,-0.305263,-552.586853,-0.031116,0.000000
140.750000,67.348785,-552.586853,-0.002070,-0.001202,-0.030526,299.582367,15.261453,-0.305263,-552.586853,-0.031133,0.000000
140.760010,67.354736,-552.542358,-0.002044,-0.001202,-0.030535,299.608826,15.262801,-0.305350,-552.542358,-0.031151,0.000000
140.770004,67.361069,-552.631348,-0.002074,-0.001203,-0.030544,299.636993,15.264236,-0.305437,-552.631348,-0.031159,0.000000
140.780014,67.357712,-552.453430,-0.002104,-0.001203,-0.030552,299.622070,15.263475,-0.305524,-552.453430,-0.031177,0.000000
140.790009,67.364426,-552.542358,-0.002156,-0.001203,-0.030552,299.651917,15.264997,-0.305524,-552.542358,-0.031194,0.000000
140.800003,67.372986,-552.542358,-0.002164,-0.001203,-0.030552,299.690002,15.266936,-0.305524,-552.542358,-0.031211,0.000000
140.810013,67.374847,-552.542358,-0.002173,-0.001204,-0.030570,299.698303,15.267359,-0.305697,-552.542358,-0.031229,0.000000
140.820007,67.362930,-552.586853,-0.002130,-0.001205,-0.030596,299.645294,15.264658,-0.305957,-552.586853,-0.031246,0.000000
140.830002,67.355484,-552.497864,-0.002104,-0.001206,-0.030622,299.612152,15.262971,-0.306217,-552.497864,-0.031263,0.000000
140.840012,67.364044,-552.542358,-0.002048,-0.001206,-0.030639,299.650238,15.264910,-0.306391,-552.542358,-0.031281,0.000000
140.850006,67.366287,-552.453430,-0.002052,-0.001207,-0.030665,299.660217,15.265418,-0.306651,-552.453430,-0.031298,0.000000
140.860001,67.370377,-552.453430,-0.002048,-0.001208,-0.030674,299.678406,15.266345,-0.306738,-552.453430,-0.031316,0.000000
140.870010,67.364792,-552.586853,-0.002100,-0.001208,-0.030682,299.653564,15.265079,-0.306824,-552.586853,-0.031333,0.000000
140.880005,67.352509,-552.408936,-0.002151,-0.001208,-0.030682,299.598907,15.262297,-0.306824,-552.408936,-0.031350,0.000000
140.889999,67.350266,-552.586853,-0.002182,-0.001209,-0.030700,299.588959,15.261788,-0.306998,-552.586853,-0.031368,0.000000
140.900009,67.363297,-552.542358,-0.002177,-0.001209,-0.030708,299.646912,15.264741,-0.307085,-552.542358,-0.031376,0.000000
140.910004,67.348404,-552.497864,-0.002143,-0.001209,-0.030708,299.580658,15.261367,-0.307085,-552.497864,-0.031394,0.000000
140.920013,67.337616,-552.586853,-0.002160,-0.001210,-0.030726,299.532684,15.258922,-0.307258,-552.586853,-0.031411,0.000000
140.930008,67.350647,-552.542358,-0.002151,-0.001210,-0.030743,299.590637,15.261875,-0.307432,-552.542358,-0.031428,0.000000
140.940002,67.352127,-552.586853,-0.002126,-0.001211,-0.030769,299.597229,15.262210,-0.307692,-552.586853,-0.031446,0.000000
140.950012,67.345795,-552.497864,-0.002113,-0.001213,-0.030804,299.569061,15.260775,-0.308039,-552.497864,-0.031463,0.000000
140.960007,67.349518,-552.453430,-0.002121,-0.001213,-0.030821,299.585632,15.261619,-0.308212,-552.453430,-0.031480,0.000000
140.970001,67.353989,-552.586853,-0.002113,-0.001214,-0.030839,299.605499,15.262631,-0.308385,-552.586853,-0.031498,0.000000
140.980011,67.354736,-552.497864,-0.002035,-0.001215,-0.030865,299.608826,15.262801,-0.308646,-552.497864,-0.031515,0.000000
140.990005,67.359573,-552.631348,-0.002057,-0.001217,-0.030908,299.630341,15.263897,-0.309079,-552.631348,-0.031532,0.000000
141.000000,67.360703,-552.542358,-0.002070,-0.001219,-0.030969,299.635376,15.264153,-0.309686,-552.542358,-0.031550,0.000000
141.010010,67.356232,-552.453430,-0.002143,-0.001220,-0.030986,299.615479,15.263141,-0.309860,-552.453430,-0.031567,0.000000
141.020004,67.331284,-552.586853,-0.002143,-0.001220,-0.030995,299.504517,15.257486,-0.309946,-552.586853,-0.031584,0.000000
141.030014,67.337982,-552.542358,-0.002121,-0.001221,-0.031003,299.534302,15.259005,-0.310033,-552.542358,-0.031593,0.000000
141.040009,67.361816,-552.631348,-0.002065,-0.001221,-0.031003,299.640320,15.264405,-0.310033,-552.631348,-0.031610,0.000000
141.050003,67.366287,-552.497864,-0.002113,-0.001221,-0.031003,299.660217,15.265418,-0.310033,-552.497864,-0.031628,0.000000
141.060013,67.375961,-552.497864,-0.002048,-0.001221,-0.031003,299.703247,15.267611,-0.310033,-552.497864,-0.031645,0.000000
141.070007,67.370010,-552.631348,-0.002065,-0.001221,-0.031003,299.676788,15.266263,-0.310033,-552.631348,-0.031662,0.000000
141.080002,67.363297,-552.497864,-0.002065,-0.001221,-0.031003,299.646912,15.264741,-0.310033,-552.497864,-0.031680,0.000000
141.090012,67.356598,-552.586853,-0.002052,-0.001221,-0.031003,299.617126,15.263224,-0.310033,-552.586853,-0.031697,0.000000
141.100006,67.348038,-552.542358,-0.002048,-0.001221,-0.031003,299.579041,15.261283,-0.310033,-552.542358,-0.031714,0.000000
141.110001,67.335373,-552.542358,-0.002061,-0.001221,-0.031003,299.522705,15.258413,-0.310033,-552.542358,-0.031732,0.000000
141.120010,67.328674,-552.542358,-0.002113,-0.001221,-0.031003,299.492889,15.256896,-0.310033,-552.542358,-0.031749,0.000000
141.130005,67.329422,-552.497864,-0.002108,-0.001221,-0.031003,299.496216,15.257066,-0.310033,-552.497864,-0.031766,0.000000
141.139999,67.319733,-552.631348,-0.002078,-0.001221,-0.031021,299.453125,15.254869,-0.310207,-552.631348,-0.031784,0.000000
141.150009,67.308563,-552.542358,-0.002104,-0.001222,-0.031047,299.403442,15.252338,-0.310467,-552.542358,-0.031792,0.000000
141.160004,67.321228,-552.497864,-0.002151,-0.001223,-0.031064,299.459778,15.255208,-0.310640,-552.497864,-0.031810,0.000000
141.170013,67.313034,-552.586853,-0.002186,-0.001225,-0.031107,299.423340,15.253351,-0.311074,-552.586853,-0.031827,0.000000
141.180008,67.324570,-552.453430,-0.002151,-0.001226,-0.031142,299.474640,15.255965,-0.311421,-552.453430,-0.031845,0.000000
141.190002,67.332397,-552.542358,-0.002156,-0.001227,-0.031168,299.509460,15.257739,-0.311681,-552.542358,-0.031862,0.000000
141.200012,67.341705,-552.542358,-0.002151,-0.001229,-0.031211,299.550873,15.259849,-0.312115,-552.542358,-0.031879,0.000000
141.210007,67.347656,-552.497864,-0.002147,-0.001231,-0.031255,299.577332,15.261197,-0.312548,-552.497864,-0.031897,0.000000
141.220001,67.359955,-552.631348,-0.002095,-0.001231,-0.031263,299.632050,15.263984,-0.312635,-552.631348,-0.031914,0.000000
141.230011,67.357712,-552.542358,-0.002130,-0.001231,-0.031263,299.622070,15.263475,-0.312635,-552.542358,-0.031931,0.000000
141.240005,67.348404,-552.631348,-0.002108,-0.001231,-0.031272,299.580658,15.261367,-0.312722,-552.631348,-0.031949,0.000000
141.250000,67.330902,-552.586853,-0.002100,-0.001231,-0.031272,299.502808,15.257401,-0.312722,-552.586853,-0.031966,0.000000
141.260010,67.346924,-552.542358,-0.002100,-0.001231,-0.031272,299.574066,15.261031,-0.312722,-552.542358,-0.031983,0.000000
141.270004,67.335373,-552.675842,-0.002082,-0.001231,-0.031272,299.522705,15.258413,-0.312722,-552.675842,-0.032001,0.000000
141.280014,67.332016,-552.542358,-0.002117,-0.001231,-0.031272,299.507751,15.257653,-0.312722,-552.542358,-0.032009,0.000000
141.290009,67.322342,-552.586853,-0.002130,-0.001231,-0.031272,299.464722,15.255461,-0.312722,-552.586853,-0.032027,0.000000
141.300003,67.312286,-552.586853,-0.002177,-0.001231,-0.031272,299.420013,15.253181,-0.312722,-552.586853,-0.032044,0.000000
141.310013,67.313400,-552.542358,-0.002147,-0.001232,-0.031281,299.424957,15.253434,-0.312808,-552.542358,-0.032061,0.000000
141.320007,67.310791,-552.631348,-0.002074,-0.001232,-0.031281,299.413361,15.252843,-0.312808,-552.631348,-0.032079,0.000000
141.330002,67.328674,-552.497864,-0.002048,-0.001232,-0.031290,299.492889,15.256896,-0.312895,-552.497864,-0.032096,0.000000
141.340012,67.323837,-552.542358,-0.002039,-0.001232,-0.031298,299.471375,15.255800,-0.312982,-552.542358,-0.032113,0.000000
141.350006,67.324203,-552.542358,-0.002026,-0.001233,-0.031316,299.473022,15.255882,-0.313155,-552.542358,-0.032131,0.000000
141.360001,67.340210,-552.497864,-0.002048,-0.001234,-0.031342,299.544220,15.259509,-0.313415,-552.497864,-0.032148,0.000000
141.370010,67.332397,-552.586853,-0.002070,-0.001236,-0.031402,299.509460,15.257739,-0.314022,-552.586853,-0.032165,0.000000
141.380005,67.330902,-552.453430,-0.002031,-0.001238,-0.031437,299.502808,15.257401,-0.314369,-552.453430,-0.032183,0.000000
141.389999,67.318253,-552.542358,-0.002061,-0.001240,-0.031489,299.446533,15.254535,-0.314890,-552.542358,-0.032200,0.000000
141.400009,67.329422,-552.542358,-0.002113,-0.001242,-0.031541,299.496216,15.257066,-0.315410,-552.542358,-0.032217,0.000000
141.410004,67.335373,-552.586853,-0.002139,-0.001243,-0.031584,299.522705,15.258413,-0.315844,-552.586853,-0.032226,0.000000
141.420013,67.352509,-552.586853,-0.002121,-0.001245,-0.031610,299.598907,15.262297,-0.316104,-552.586853,-0.032243,0.000000
141.430008,67.353989,-552.542358,-0.002117,-0.001245,-0.031619,299.605499,15.262631,-0.316190,-552.542358,-0.032261,0.000000
141.440002,67.340958,-552.586853,-0.002100,-0.001246,-0.031645,299.547546,15.259679,-0.316451,-552.586853,-0.032278,0.000000
141.450012,67.350266,-552.497864,-0.002091,-0.001246,-0.031654,299.588959,15.261788,-0.316537,-552.497864,-0.032295,0.000000
141.460007,67.347656,-552.542358,-0.002139,-0.001246,-0.031654,299.577332,15.261197,-0.316537,-552.542358,-0.032313,0.000000
141.470001,67.351013,-552.586853,-0.002190,-0.001246,-0.031654,299.592255,15.261958,-0.316537,-552.586853,-0.032330,0.000000
141.480011,67.351013,-552.497864,-0.002160,-0.001246,-0.031654,299.592255,15.261958,-0.316537,-552.497864,-0.032348,0.000000
141.490005,67.345428,-552.631348,-0.002186,-0.001247,-0.031671,299.567413,15.260693,-0.316711,-552.631348,-0.032365,0.000000
141.500000,67.332397,-552.497864,-0.002169,-0.001249,-0.031732,299.509460,15.257739,-0.317318,-552.497864,-0.032382,0.000000
141.510010,67.348404,-552.542358,-0.002126,-0.001252,-0.031792,299.580658,15.261367,-0.317925,-552.542358,-0.032400,0.000000
141.520004,67.359573,-552.675842,-0.002130,-0.001253,-0.031827,299.630341,15.263897,-0.318272,-552.675842,-0.032417,0.000000
141.530014,67.339096,-552.497864,-0.002082,-0.001254,-0.031845,299.539246,15.259257,-0.318445,-552.497864,-0.032434,0.000000
141.540009,67.330536,-552.631348,-0.002091,-0.001254,-0.031845,299.501190,15.257318,-0.318445,-552.631348,-0.032443,0.000000
141.550003,67.348404,-552.586853,-0.002108,-0.001254,-0.031845,299.580658,15.261367,-0.318445,-552.586853,-0.032460,0.000000
141.560013,67.358093,-552.542358,-0.002044,-0.001254,-0.031845,299.623749,15.263562,-0.318445,-552.542358,-0.032478,0.000000
141.570007,67.361435,-552.675842,-0.002035,-0.001254,-0.031845,299.638641,15.264319,-0.318445,-552.675842,-0.032495,0.000000
141.580002,67.360321,-552.497864,-0.002057,-0.001254,-0.031853,299.633667,15.264067,-0.318532,-552.497864,-0.032512,0.000000
141.590012,67.342453,-552.631348,-0.002057,-0.001254,-0.031853,299.554199,15.260017,-0.318532,-552.631348,-0.032530,0.000000
141.600006,67.341705,-552.586853,-0.002052,-0.001255,-0.031871,299.550873,15.259849,-0.318705,-552.586853,-0.032547,0.000000
141.610001,67.340958,-552.586853,-0.002113,-0.001255,-0.031879,299.547546,15.259679,-0.318792,-552.586853,-0.032564,0.000000
141.620010,67.337616,-552.586853,-0.002139,-0.001256,-0.031914,299.532684,15.258922,-0.319139,-552.586853,-0.032582,0.000000
141.630005,67.338730,-552.542358,-0.002169,-0.001258,-0.031957,299.537628,15.259174,-0.319573,-552.542358,-0.032599,0.000000
141.639999,67.345795,-552.542358,-0.002143,-0.001259,-0.031975,299.569061,15.260775,-0.319746,-552.542358,-0.032616,0.000000
141.650009,67.358093,-552.542358,-0.002121,-0.001259,-0.031983,299.623749,15.263562,-0.319833,-552.542358,-0.032634,0.000000
141.660004,67.345795,-552.497864,-0.002130,-0.001260,-0.031992,299.569061,15.260775,-0.319920,-552.497864,-0.032651,0.000000
141.670013,67.342453,-552.631348,-0.002130,-0.001260,-0.032001,299.554199,15.260017,-0.320006,-552.631348,-0.032660,0.000000
141.680008,67.345062,-552.497864,-0.002130,-0.001260,-0.032001,299.565796,15.260610,-0.320006,-552.497864,-0.032677,0.000000
141.690002,67.333145,-552.542358,-0.002121,-0.001260,-0.032001,299.512787,15.257909,-0.320006,-552.542358,-0.032694,0.000000
141.700012,67.337982,-552.586853,-0.002104,-0.001260,-0.032009,299.534302,15.259005,-0.320093,-552.586853,-0.032712,0.000000
141.710007,67.332764,-552.542358,-0.002104,-0.001261,-0.032027,299.511078,15.257823,-0.320266,-552.542358,-0.032729,0.000000
141.720001,67.337982,-552.631348,-0.002078,-0.001261,-0.032035,299.534302,15.259005,-0.320353,-552.631348,-0.032746,0.000000
141.730011,67.332397,-552.542358,-0.002130,-0.001262,-0.032061,299.509460,15.257739,-0.320613,-552.542358,-0.032764,0.000000
141.740005,67.328674,-552.542358,-0.002143,-0.001264,-0.032096,299.492889,15.256896,-0.320960,-552.542358,-0.032781,0.000000
141.750000,67.336487,-552.542358,-0.002139,-0.001265,-0.032139,299.527649,15.258666,-0.321394,-552.542358,-0.032798,0.000000
141.760010,67.343567,-552.542358,-0.002156,-0.001266,-0.032165,299.559143,15.260270,-0.321654,-552.542358,-0.032816,0.000000
141.770004,67.341339,-552.631348,-0.002164,-0.001268,-0.032217,299.549225,15.259766,-0.322174,-552.631348,-0.032833,0.000000
141.780014,67.336868,-552.542358,-0.002156,-0.001271,-0.032278,299.529358,15.258752,-0.322781,-552.542358,-0.032851,0.000000
141.790009,67.333145,-552.631348,-0.002151,-0.001272,-0.032304,299.512787,15.257909,-0.323042,-552.631348,-0.032868,0.000000
141.800003,67.320114,-552.542358,-0.002108,-0.001272,-0.032304,299.454834,15.254955,-0.323042,-552.542358,-0.032877,0.000000
141.810013,67.323456,-552.542358,-0.002130,-0.001272,-0.032304,299.469696,15.255713,-0.323042,-552.542358,-0.032894,0.000000
141.820007,67.330902,-552.631348,-0.002139,-0.001272,-0.032304,299.502808,15.257401,-0.323042,-552.631348,-0.032911,0.000000
141.830002,67.344315,-552.497864,-0.002147,-0.001272,-0.032304,299.562469,15.260440,-0.323042,-552.497864,-0.032929,0.000000
141.840012,67.347656,-552.631348,-0.002139,-0.001272,-0.032304,299.577332,15.261197,-0.323042,-552.631348,-0.032946,0.000000
141.850006,67.333145,-552.631348,-0.002151,-0.001272,-0.032304,299.512787,15.257909,-0.323042,-552.631348,-0.032963,0.000000
141.860001,67.330536,-552.586853,-0.002164,-0.001272,-0.032304,299.501190,15.257318,-0.323042,-552.586853,-0.032981,0.000000
141.870010,67.322342,-552.631348,-0.002130,-0.001272,-0.032304,299.464722,15.255461,-0.323042,-552.631348,-0.032998,0.000000
141.880005,67.321228,-552.542358,-0.002186,-0.001272,-0.032304,299.459778,15.255208,-0.323042,-552.542358,-0.033015,0.000000
141.889999,67.318619,-552.586853,-0.002147,-0.001272,-0.032304,299.448181,15.254617,-0.323042,-552.586853,-0.033033,0.000000
141.900009,67.311539,-552.542358,-0.002169,-0.001272,-0.032304,299.416687,15.253013,-0.323042,-552.542358,-0.033050,0.000000
141.910004,67.304474,-552.542358,-0.002147,-0.001272,-0.032313,299.385254,15.251411,-0.323128,-552.542358,-0.033067,0.000000
141.920013,67.303726,-552.586853,-0.002143,-0.001272,-0.032313,299.381927,15.251243,-0.323128,-552.586853,-0.033076,0.000000
141.930008,67.298141,-552.542358,-0.002147,-0.001272,-0.032313,299.357086,15.249977,-0.323128,-552.542358,-0.033093,0.000000
141.940002,67.304092,-552.631348,-0.002104,-0.001272,-0.032313,299.383545,15.251326,-0.323128,-552.631348,-0.033111,0.000000
141.950012,67.307449,-552.586853,-0.002057,-0.001274,-0.032356,299.398499,15.252086,-0.323562,-552.586853,-0.033128,0.000000
141.960007,67.311539,-552.586853,-0.002070,-0.001276,-0.032408,299.416687,15.253013,-0.324082,-552.586853,-0.033145,0.000000
141.970001,67.296280,-552.631348,-0.002078,-0.001279,-0.032478,299.348816,15.249555,-0.324776,-552.631348,-0.033163,0.000000
141.980011,67.325699,-552.586853,-0.002022,-0.001281,-0.032538,299.479675,15.256221,-0.325383,-552.586853,-0.033180,0.000000
141.990005,67.336487,-552.631348,-0.002078,-0.001283,-0.032590,299.527649,15.258666,-0.325903,-552.631348,-0.033197,0.000000
142.000000,67.336487,-552.497864,-0.002074,-0.001284,-0.032616,299.527649,15.258666,-0.326164,-552.497864,-0.033215,0.000000
142.010010,67.325699,-552.586853,-0.002057,-0.001285,-0.032642,299.479675,15.256221,-0.326424,-552.586853,-0.033232,0.000000
142.020004,67.324951,-552.631348,-0.002065,-0.001286,-0.032660,299.476349,15.256052,-0.326597,-552.631348,-0.033249,0.000000
142.030014,67.325317,-552.497864,-0.002057,-0.001286,-0.032677,299.477966,15.256135,-0.326771,-552.497864,-0.033267,0.000000
142.040009,67.322342,-552.631348,-0.002035,-0.001287,-0.032686,299.464722,15.255461,-0.326857,-552.631348,-0.033284,0.000000
142.050003,67.326431,-552.542358,-0.002035,-0.001287,-0.032694,299.482910,15.256388,-0.326944,-552.542358,-0.033293,0.000000
142.060013,67.337234,-552.586853,-0.002044,-0.001288,-0.032712,299.530975,15.258836,-0.327118,-552.586853,-0.033310,0.000000
142.070007,67.337982,-552.675842,-0.002074,-0.001289,-0.032729,299.534302,15.259005,-0.327291,-552.675842,-0.033327,0.000000
142.080002,67.328674,-552.497864,-0.002070,-0.001289,-0.032746,299.492889,15.256896,-0.327464,-552.497864,-0.033345,0.000000
142.090012,67.325699,-552.631348,-0.002082,-0.001290,-0.032764,299.479675,15.256221,-0.327638,-552.631348,-0.033362,0.000000
142.100006,67.324203,-552.542358,-0.002117,-0.001291,-0.032781,299.473022,15.255882,-0.327811,-552.542358,-0.033380,0.000000
142.110001,67.332764,-552.542358,-0.002156,-0.001291,-0.032798,299.511078,15.257823,-0.327985,-552.542358,-0.033397,0.000000
142.120010,67.332397,-552.586853,-0.002126,-0.001292,-0.032816,299.509460,15.257739,-0.328158,-552.586853,-0.033414,0.000000
142.130005,67.341705,-552.542358,-0.002156,-0.001292,-0.032824,299.550873,15.259849,-0.328245,-552.542358,-0.033432,0.000000
142.139999,67.338348,-552.631348,-0.002151,-0.001293,-0.032842,299.535919,15.259089,-0.328418,-552.631348,-0.033449,0.000000
142.150009,67.352127,-552.586853,-0.002095,-0.001294,-0.032868,299.597229,15.262210,-0.328679,-552.586853,-0.033466,0.000000
142.160004,67.341339,-552.586853,-0.002048,-0.001295,-0.032894,299.549225,15.259766,-0.328939,-552.586853,-0.033484,0.000000
142.170013,67.336487,-552.631348,-0.002031,-0.001296,-0.032929,299.527649,15.258666,-0.329286,-552.631348,-0.033501,0.000000
142.180008,67.324951,-552.497864,-0.002052,-0.001297,-0.032946,299.476349,15.256052,-0.329459,-552.497864,-0.033510,0.000000
142.190002,67.314529,-552.586853,-0.002074,-0.001298,-0.032972,299.429993,15.253690,-0.329719,-552.586853,-0.033527,0.000000
142.200012,67.316757,-552.586853,-0.002117,-0.001299,-0.032998,299.439880,15.254195,-0.329979,-552.586853,-0.033544,0.000000
142.210007,67.309677,-552.542358,-0.002134,-0.001299,-0.033007,299.408386,15.252591,-0.330066,-552.542358,-0.033562,0.000000
142.220001,67.302612,-552.675842,-0.002121,-0.001300,-0.033024,299.376984,15.250990,-0.330240,-552.675842,-0.033579,0.000000
142.230011,67.303726,-552.631348,-0.002121,-0.001301,-0.033050,299.381927,15.251243,-0.330500,-552.631348,-0.033596,0.000000
142.240005,67.289566,-552.631348,-0.002126,-0.001302,-0.033076,299.318939,15.248034,-0.330760,-552.631348,-0.033614,0.000000
142.250000,67.291428,-552.542358,-0.002164,-0.001303,-0.033102,299.327209,15.248456,-0.331020,-552.542358,-0.033631,0.000000
142.260010,67.304474,-552.586853,-0.002095,-0.001304,-0.033119,299.385254,15.251411,-0.331194,-552.586853,-0.033648,0.000000
142.270004,67.308563,-552.631348,-0.002091,-0.001304,-0.033128,299.403442,15.252338,-0.331280,-552.631348,-0.033666,0.000000
142.280014,67.298508,-552.497864,-0.002074,-0.001305,-0.033145,299.358704,15.250060,-0.331454,-552.497864,-0.033683,0.000000
142.290009,67.296280,-552.631348,-0.002061,-0.001306,-0.033163,299.348816,15.249555,-0.331627,-552.631348,-0.033700,0.000000
142.300003,67.294418,-552.542358,-0.002156,-0.001306,-0.033180,299.340515,15.249134,-0.331801,-552.542358,-0.033718,0.000000
142.310013,67.298889,-552.586853,-0.002177,-0.001307,-0.033206,299.360413,15.250146,-0.332061,-552.586853,-0.033726,0.000000
142.320007,67.295898,-552.675842,-0.002147,-0.001308,-0.033223,299.347107,15.249469,-0.332234,-552.675842,-0.033744,0.000000
142.330002,67.300751,-552.497864,-0.002147,-0.001308,-0.033232,299.368683,15.250568,-0.332321,-552.497864,-0.033761,0.000000
142.340012,67.295898,-552.586853,-0.002139,-0.001309,-0.033249,299.347107,15.249469,-0.332494,-552.586853,-0.033778,0.000000
142.350006,67.289200,-552.631348,-0.002151,-0.001310,-0.033267,299.317322,15.247951,-0.332668,-552.631348,-0.033796,0.000000
142.360001,67.283249,-552.631348,-0.002147,-0.001310,-0.033284,299.290833,15.246603,-0.332841,-552.631348,-0.033813,0.000000
142.370010,67.289566,-552.631348,-0.002169,-0.001311,-0.033301,299.318939,15.248034,-0.333015,-552.631348,-0.033830,0.000000
142.380005,67.295532,-552.586853,-0.002156,-0.001312,-0.033319,299.345490,15.249385,-0.333188,-552.586853,-0.033848,0.000000
142.389999,67.301117,-552.631348,-0.002134,-0.001313,-0.033345,299.370331,15.250650,-0.333448,-552.631348,-0.033865,0.000000
142.400009,67.287704,-552.586853,-0.002104,-0.001313,-0.033354,299.310669,15.247611,-0.333535,-552.586853,-0.033883,0.000000
142.410004,67.298508,-552.586853,-0.002074,-0.001314,-0.033371,299.358704,15.250060,-0.333708,-552.586853,-0.033900,0.000000
142.420013,67.297394,-552.675842,-0.002057,-0.001314,-0.033380,299.353760,15.249807,-0.333795,-552.675842,-0.033917,0.000000
142.430008,67.292923,-552.542358,-0.002061,-0.001315,-0.033406,299.333862,15.248795,-0.334055,-552.542358,-0.033935,0.000000
142.440002,67.289948,-552.631348,-0.002078,-0.001316,-0.033423,299.320648,15.248120,-0.334229,-552.631348,-0.033943,0.000000
142.450012,67.294037,-552.542358,-0.002108,-0.001316,-0.033432,299.338837,15.249046,-0.334316,-552.542358,-0.033961,0.000000
142.460007,67.306335,-552.542358,-0.002039,-0.001317,-0.033440,299.393524,15.251834,-0.334402,-552.542358,-0.033978,0.000000
142.470001,67.291061,-552.675842,-0.002048,-0.001317,-0.033458,299.325592,15.248372,-0.334576,-552.675842,-0.033995,0.000000
142.480011,67.294418,-552.586853,-0.002039,-0.001318,-0.033466,299.340515,15.249134,-0.334662,-552.586853,-0.034013,0.000000
142.490005,67.286972,-552.675842,-0.002052,-0.001318,-0.033475,299.307404,15.247446,-0.334749,-552.675842,-0.034030,0.000000
142.500000,67.293671,-552.586853,-0.002061,-0.001318,-0.033484,299.337189,15.248964,-0.334836,-552.586853,-0.034047,0.000000
142.510010,67.312653,-552.542358,-0.002061,-0.001319,-0.033492,299.421631,15.253265,-0.334923,-552.542358,-0.034065,0.000000
142.520004,67.318619,-552.631348,-0.002078,-0.001319,-0.033501,299.448181,15.254617,-0.335009,-552.631348,-0.034082,0.000000
142.530014,67.317505,-552.542358,-0.002074,-0.001319,-0.033510,299.443207,15.254365,-0.335096,-552.542358,-0.034099,0.000000
142.540009,67.317871,-552.631348,-0.002078,-0.001320,-0.033527,299.444855,15.254447,-0.335269,-552.631348,-0.034117,0.000000
142.550003,67.323837,-552.586853,-0.002108,-0.001321,-0.033544,299.471375,15.255800,-0.335443,-552.586853,-0.034134,0.000000
142.560013,67.331650,-552.542358,-0.002147,-0.001321,-0.033562,299.506134,15.257570,-0.335616,-552.542358,-0.034143,0.000000
142.570007,67.332016,-552.675842,-0.002164,-0.001322,-0.033588,299.507751,15.257653,-0.335877,-552.675842,-0.034160,0.000000
142.580002,67.327560,-552.542358,-0.002134,-0.001323,-0.033614,299.487946,15.256643,-0.336137,-552.542358,-0.034177,0.000000
142.590012,67.320480,-552.675842,-0.002117,-0.001324,-0.033640,299.456451,15.255039,-0.336397,-552.675842,-0.034195,0.000000
142.600006,67.305588,-552.542358,-0.002160,-0.001325,-0.033666,299.390198,15.251664,-0.336657,-552.542358,-0.034212,0.000000
142.610001,67.310059,-552.542358,-0.002173,-0.001326,-0.033692,299.410095,15.252677,-0.336917,-552.542358,-0.034229,0.000000
142.620010,67.304474,-552.675842,-0.002134,-0.001327,-0.033709,299.385254,15.251411,-0.337091,-552.675842,-0.034247,0.000000
142.630005,67.306702,-552.586853,-0.002134,-0.001327,-0.033718,299.395172,15.251916,-0.337177,-552.586853,-0.034264,0.000000
142.639999,67.316010,-552.675842,-0.002100,-0.001327,-0.033718,299.436554,15.254026,-0.337177,-552.675842,-0.034281,0.000000
142.650009,67.325317,-552.631348,-0.002190,-0.001327,-0.033718,299.477966,15.256135,-0.337177,-552.631348,-0.034299,0.000000
142.660004,67.329041,-552.542358,-0.002151,-0.001328,-0.033726,299.494537,15.256978,-0.337264,-552.542358,-0.034316,0.000000
142.670013,67.314896,-552.720276,-0.002147,-0.001328,-0.033735,299.431610,15.253774,-0.337351,-552.720276,-0.034333,0.000000
142.680008,67.326065,-552.542358,-0.002156,-0.001328,-0.033735,299.481293,15.256305,-0.337351,-552.542358,-0.034351,0.000000
142.690002,67.338730,-552.631348,-0.002134,-0.001329,-0.033752,299.537628,15.259174,-0.337524,-552.631348,-0.034359,0.000000
142.700012,67.351761,-552.631348,-0.002108,-0.001329,-0.033761,299.595581,15.262128,-0.337611,-552.631348,-0.034377,0.000000
142.710007,67.342072,-552.631348,-0.002126,-0.001329,-0.033761,299.552490,15.259932,-0.337611,-552.631348,-0.034394,0.000000
142.720001,67.336487,-552.631348,-0.002156,-0.001329,-0.033761,299.527649,15.258666,-0.337611,-552.631348,-0.034412,0.000000
142.730011,67.332764,-552.497864,-0.002104,-0.001330,-0.033770,299.511078,15.257823,-0.337698,-552.497864,-0.034429,0.000000
142.740005,67.333893,-552.675842,-0.002087,-0.001330,-0.033778,299.516113,15.258079,-0.337784,-552.675842,-0.034446,0.000000
142.750000,67.336868,-552.586853,-0.002095,-0.001331,-0.033796,299.529358,15.258752,-0.337958,-552.586853,-0.034464,0.000000
142.760010,67.329041,-552.631348,-0.002121,-0.001331,-0.033804,299.494537,15.256978,-0.338045,-552.631348,-0.034481,0.000000
142.770004,67.324570,-552.720276,-0.002151,-0.001331,-0.033804,299.474640,15.255965,-0.338045,-552.720276,-0.034498,0.000000
142.780014,67.327927,-552.497864,-0.002147,-0.001331,-0.033804,299.489563,15.256726,-0.338045,-552.497864,-0.034516,0.000000
142.790009,67.327560,-552.631348,-0.002164,-0.001331,-0.033804,299.487946,15.256643,-0.338045,-552.631348,-0.034533,0.000000
142.800003,67.321594,-552.631348,-0.002134,-0.001331,-0.033804,299.461395,15.255292,-0.338045,-552.631348,-0.034550,0.000000
142.810013,67.306335,-552.497864,-0.002104,-0.001331,-0.033813,299.393524,15.251834,-0.338131,-552.497864,-0.034568,0.000000
142.820007,67.302231,-552.720276,-0.002091,-0.001332,-0.033839,299.375275,15.250903,-0.338391,-552.720276,-0.034576,0.000000
142.830002,67.311172,-552.586853,-0.002044,-0.001334,-0.033874,299.415039,15.252930,-0.338738,-552.586853,-0.034594,0.000000
142.840012,67.311172,-552.675842,-0.002074,-0.001335,-0.033900,299.415039,15.252930,-0.338999,-552.675842,-0.034611,0.000000
142.850006,67.316757,-552.586853,-0.002087,-0.001335,-0.033909,299.439880,15.254195,-0.339085,-552.586853,-0.034628,0.000000
142.860001,67.318619,-552.542358,-0.002100,-0.001336,-0.033943,299.448181,15.254617,-0.339432,-552.542358,-0.034646,0.000000
142.870010,67.316010,-552.675842,-0.002151,-0.001337,-0.033952,299.436554,15.254026,-0.339519,-552.675842,-0.034663,0.000000
142.880005,67.313400,-552.542358,-0.002151,-0.001337,-0.033961,299.424957,15.253434,-0.339606,-552.542358,-0.034680,0.000000
142.889999,67.308563,-552.720276,-0.002143,-0.001337,-0.033969,299.403442,15.252338,-0.339692,-552.720276,-0.034698,0.000000
142.900009,67.297028,-552.586853,-0.002151,-0.001338,-0.033987,299.352142,15.249724,-0.339866,-552.586853,-0.034715,0.000000
142.910004,67.307816,-552.586853,-0.002117,-0.001338,-0.033987,299.400116,15.252169,-0.339866,-552.586853,-0.034732,0.000000
142.920013,67.297394,-552.631348,-0.002082,-0.001338,-0.033987,299.353760,15.249807,-0.339866,-552.631348,-0.034750,0.000000
142.930008,67.301865,-552.542358,-0.002039,-0.001338,-0.033987,299.373657,15.250820,-0.339866,-552.542358,-0.034767,0.000000
142.940002,67.297394,-552.631348,-0.002057,-0.001338,-0.033995,299.353760,15.249807,-0.339952,-552.631348,-0.034784,0.000000
142.950012,67.291061,-552.586853,-0.002061,-0.001338,-0.033995,299.325592,15.248372,-0.339952,-552.586853,-0.034793,0.000000
142.960007,67.296280,-552.586853,-0.002057,-0.001338,-0.033995,299.348816,15.249555,-0.339952,-552.586853,-0.034810,0.000000
142.970001,67.290695,-552.675842,-0.002074,-0.001339,-0.034004,299.323975,15.248289,-0.340039,-552.675842,-0.034828,0.000000
142.980011,67.299255,-552.542358,-0.002039,-0.001340,-0.034030,299.362030,15.250230,-0.340299,-552.542358,-0.034845,0.000000
142.990005,67.297394,-552.675842,-0.002082,-0.001342,-0.034082,299.353760,15.249807,-0.340820,-552.675842,-0.034862,0.000000
143.000000,67.271698,-552.586853,-0.002095,-0.001344,-0.034143,299.239471,15.243984,-0.341427,-552.586853,-0.034880,0.000000
143.010010,67.251587,-552.586853,-0.002121,-0.001345,-0.034160,299.149994,15.239428,-0.341600,-552.586853,-0.034897,0.000000
143.020004,67.247116,-552.675842,-0.002164,-0.001345,-0.034169,299.130127,15.238414,-0.341687,-552.675842,-0.034915,0.000000
143.030014,67.251968,-552.586853,-0.002143,-0.001345,-0.034169,299.151703,15.239514,-0.341687,-552.586853,-0.034932,0.000000
143.040009,67.234085,-552.720276,-0.002169,-0.001346,-0.034186,299.072144,15.235461,-0.341860,-552.720276,-0.034949,0.000000
143.050003,67.231476,-552.631348,-0.002164,-0.001347,-0.034212,299.060547,15.234870,-0.342121,-552.631348,-0.034967,0.000000
143.060013,67.237442,-552.631348,-0.002177,-0.001348,-0.034229,299.087067,15.236222,-0.342294,-552.631348,-0.034984,0.000000
143.070007,67.252701,-552.631348,-0.002121,-0.001350,-0.034281,299.154968,15.239679,-0.342814,-552.631348,-0.035001,0.000000
143.080002,67.247864,-552.542358,-0.002095,-0.001351,-0.034307,299.133423,15.238584,-0.343074,-552.542358,-0.035010,0.000000
143.090012,67.250107,-552.675842,-0.002078,-0.001351,-0.034307,299.143402,15.239092,-0.343074,-552.675842,-0.035027,0.000000
143.100006,67.225159,-552.631348,-0.002074,-0.001351,-0.034307,299.032440,15.233438,-0.343074,-552.631348,-0.035045,0.000000
143.110001,67.217331,-552.542358,-0.002039,-0.001351,-0.034325,298.997620,15.231665,-0.343248,-552.542358,-0.035062,0.000000
143.120010,67.219574,-552.675842,-0.002061,-0.001352,-0.034333,299.007599,15.232173,-0.343335,-552.675842,-0.035079,0.000000
143.130005,67.233719,-552.497864,-0.002078,-0.001352,-0.034333,299.070526,15.235378,-0.343335,-552.497864,-0.035097,0.000000
143.139999,67.237442,-552.675842,-0.002087,-0.001352,-0.034342,299.087067,15.236222,-0.343421,-552.675842,-0.035114,0.000000
143.150009,67.223297,-552.586853,-0.002057,-0.001352,-0.034342,299.024170,15.233017,-0.343421,-552.586853,-0.035131,0.000000
143.160004,67.225159,-552.542358,-0.002082,-0.001352,-0.034351,299.032440,15.233438,-0.343508,-552.542358,-0.035149,0.000000
143.170013,67.210999,-552.631348,-0.002039,-0.001353,-0.034377,298.969452,15.230229,-0.343768,-552.631348,-0.035166,0.000000
143.180008,67.218826,-552.542358,-0.002022,-0.001355,-0.034412,299.004272,15.232003,-0.344115,-552.542358,-0.035183,0.000000
143.190002,67.221436,-552.675842,-0.002061,-0.001356,-0.034446,299.015869,15.232595,-0.344462,-552.675842,-0.035201,0.000000
143.200012,67.224411,-552.586853,-0.002052,-0.001356,-0.034455,299.029114,15.233269,-0.344549,-552.586853,-0.035209,0.000000
143.210007,67.214722,-552.586853,-0.002061,-0.001357,-0.034464,298.986023,15.231074,-0.344636,-552.586853,-0.035227,0.000000
143.220001,67.221802,-552.675842,-0.002070,-0.001357,-0.034472,299.017517,15.232678,-0.344722,-552.675842,-0.035244,0.000000
143.230011,67.225159,-552.586853,-0.002117,-0.001358,-0.034481,299.032440,15.233438,-0.344809,-552.586853,-0.035261,0.000000
143.240005,67.220688,-552.631348,-0.002126,-0.001359,-0.034507,299.012543,15.232426,-0.345069,-552.631348,-0.035279,0.000000
143.250000,67.227020,-552.542358,-0.002139,-0.001359,-0.034524,299.040710,15.233861,-0.345243,-552.542358,-0.035296,0.000000
143.260010,67.236694,-552.586853,-0.002126,-0.001360,-0.034550,299.083740,15.236053,-0.345503,-552.586853,-0.035313,0.000000
143.270004,67.235580,-552.675842,-0.002121,-0.001360,-0.034550,299.078796,15.235800,-0.345503,-552.675842,-0.035331,0.000000
143.280014,67.233719,-552.631348,-0.002160,-0.001361,-0.034559,299.070526,15.235378,-0.345589,-552.631348,-0.035348,0.000000
143.290009,67.229614,-552.720276,-0.002100,-0.001361,-0.034576,299.052246,15.234448,-0.345763,-552.720276,-0.035365,0.000000
143.300003,67.228134,-552.631348,-0.002151,-0.001362,-0.034602,299.045685,15.234114,-0.346023,-552.631348,-0.035383,0.000000
143.310013,67.221054,-552.586853,-0.002147,-0.001364,-0.034637,299.014191,15.232509,-0.346370,-552.586853,-0.035400,0.000000
143.320007,67.217331,-552.631348,-0.002169,-0.001365,-0.034680,298.997620,15.231665,-0.346804,-552.631348,-0.035417,0.000000
143.330002,67.229996,-552.542358,-0.002113,-0.001367,-0.034732,299.053955,15.234534,-0.347324,-552.542358,-0.035426,0.000000
143.340012,67.240417,-552.720276,-0.002147,-0.001369,-0.034784,299.100311,15.236896,-0.347844,-552.720276,-0.035444,0.000000
143.350006,67.254944,-552.631348,-0.002087,-0.001371,-0.034819,299.164917,15.240188,-0.348191,-552.631348,-0.035461,0.000000
143.360001,67.257172,-552.586853,-0.002074,-0.001372,-0.034854,299.174835,15.240693,-0.348538,-552.586853,-0.035478,0.000000
143.370010,67.254196,-552.720276,-0.002057,-0.001374,-0.034888,299.161591,15.240019,-0.348885,-552.720276,-0.035496,0.000000
143.380005,67.253830,-552.631348,-0.002052,-0.001374,-0.034906,299.159973,15.239935,-0.349058,-552.631348,-0.035513,0.000000
143.389999,67.250473,-552.675842,-0.002044,-0.001374,-0.034906,299.145050,15.239175,-0.349058,-552.675842,-0.035530,0.000000
143.400009,67.249725,-552.586853,-0.002052,-0.001374,-0.034906,299.141724,15.239006,-0.349058,-552.586853,-0.035548,0.000000
143.410004,67.258667,-552.631348,-0.002113,-0.001374,-0.034906,299.181488,15.241032,-0.349058,-552.631348,-0.035565,0.000000
143.420013,67.252335,-552.720276,-0.002164,-0.001374,-0.034906,299.153320,15.239596,-0.349058,-552.720276,-0.035582,0.000000
143.430008,67.246750,-552.631348,-0.002160,-0.001375,-0.034915,299.128479,15.238331,-0.349145,-552.631348,-0.035600,0.000000
143.440002,67.240417,-552.675842,-0.002160,-0.001376,-0.034941,299.100311,15.236896,-0.349405,-552.675842,-0.035617,0.000000
143.450012,67.241165,-552.586853,-0.002113,-0.001377,-0.034967,299.103638,15.237065,-0.349665,-552.586853,-0.035634,0.000000
143.460007,67.247498,-552.631348,-0.002151,-0.001378,-0.034993,299.131805,15.238501,-0.349926,-552.631348,-0.035643,0.000000
143.470001,67.246384,-552.675842,-0.002126,-0.001379,-0.035019,299.126862,15.238249,-0.350186,-552.675842,-0.035660,0.000000
143.480011,67.254196,-552.586853,-0.002082,-0.001379,-0.035019,299.161591,15.240019,-0.350186,-552.586853,-0.035678,0.000000
143.490005,67.241913,-552.631348,-0.002057,-0.001379,-0.035019,299.106964,15.237235,-0.350186,-552.631348,-0.035695,0.000000
143.500000,67.247116,-552.631348,-0.002100,-0.001379,-0.035019,299.130127,15.238414,-0.350186,-552.631348,-0.035712,0.000000
143.510010,67.244522,-552.631348,-0.002082,-0.001379,-0.035036,299.118561,15.237826,-0.350359,-552.631348,-0.035730,0.000000
143.520004,67.250473,-552.675842,-0.002100,-0.001379,-0.035036,299.145050,15.239175,-0.350359,-552.675842,-0.035747,0.000000
143.530014,67.238190,-552.542358,-0.002121,-0.001379,-0.035036,299.090393,15.236391,-0.350359,-552.542358,-0.035764,0.000000
143.540009,67.231476,-552.720276,-0.002130,-0.001380,-0.035045,299.060547,15.234870,-0.350446,-552.720276,-0.035782,0.000000
143.550003,67.223297,-552.631348,-0.002156,-0.001380,-0.035053,299.024170,15.233017,-0.350533,-552.631348,-0.035799,0.000000
143.560013,67.230362,-552.586853,-0.002147,-0.001381,-0.035088,299.055573,15.234617,-0.350880,-552.586853,-0.035816,0.000000
143.570007,67.229996,-552.675842,-0.002095,-0.001382,-0.035114,299.053955,15.234534,-0.351140,-552.675842,-0.035834,0.000000
143.580002,67.234467,-552.586853,-0.002091,-0.001383,-0.035123,299.073853,15.235548,-0.351226,-552.586853,-0.035851,0.000000
143.590012,67.222916,-552.675842,-0.002134,-0.001383,-0.035123,299.022461,15.232930,-0.351226,-552.675842,-0.035860,0.000000
143.600006,67.222549,-552.586853,-0.002134,-0.001383,-0.035123,299.020844,15.232848,-0.351226,-552.586853,-0.035877,0.000000
143.610001,67.213608,-552.631348,-0.002156,-0.001383,-0.035123,298.981049,15.230822,-0.351226,-552.631348,-0.035894,0.000000
143.620010,67.210251,-552.720276,-0.002121,-0.001383,-0.035131,298.966125,15.230061,-0.351313,-552.720276,-0.035912,0.000000
143.630005,67.224777,-552.586853,-0.002074,-0.001383,-0.035131,299.030731,15.233352,-0.351313,-552.586853,-0.035929,0.000000
143.639999,67.229996,-552.675842,-0.002048,-0.001384,-0.035149,299.053955,15.234534,-0.351487,-552.675842,-0.035947,0.000000
143.650009,67.220688,-552.631348,-0.002048,-0.001384,-0.035157,299.012543,15.232426,-0.351573,-552.631348,-0.035964,0.000000
143.660004,67.207657,-552.586853,-0.002065,-0.001384,-0.035166,298.954590,15.229472,-0.351660,-552.586853,-0.035981,0.000000
143.670013,67.224030,-552.675842,-0.002052,-0.001385,-0.035183,299.027405,15.233183,-0.351833,-552.675842,-0.035999,0.000000
143.680008,67.223663,-552.586853,-0.002061,-0.001386,-0.035192,299.025787,15.233099,-0.351920,-552.586853,-0.036016,0.000000
143.690002,67.223297,-552.720276,-0.002078,-0.001387,-0.035227,299.024170,15.233017,-0.352267,-552.720276,-0.036033,0.000000
143.700012,67.218079,-552.631348,-0.002121,-0.001388,-0.035253,299.000946,15.231834,-0.352527,-552.631348,-0.036051,0.000000
143.710007,67.205795,-552.586853,-0.002121,-0.001388,-0.035261,298.946320,15.229052,-0.352614,-552.586853,-0.036068,0.000000
143.720001,67.192017,-552.675842,-0.002108,-0.001389,-0.035270,298.885010,15.225928,-0.352701,-552.675842,-0.036077,0.000000
143.730011,67.188660,-552.542358,-0.002087,-0.001389,-0.035279,298.870087,15.225167,-0.352787,-552.542358,-0.036094,0.000000
143.740005,67.188293,-552.675842,-0.002078,-0.001389,-0.035279,298.868469,15.225085,-0.352787,-552.675842,-0.036111,0.000000
143.750000,67.182327,-552.586853,-0.002091,-0.001389,-0.035287,298.841919,15.223733,-0.352874,-552.586853,-0.036129,0.000000
143.760010,67.174515,-552.631348,-0.002147,-0.001390,-0.035313,298.807159,15.221963,-0.353134,-552.631348,-0.036146,0.000000
143.770004,67.174881,-552.675842,-0.002160,-0.001392,-0.035357,298.808807,15.222046,-0.353568,-552.675842,-0.036163,0.000000
143.780014,67.161850,-552.586853,-0.002134,-0.001393,-0.035374,298.750824,15.219092,-0.353741,-552.586853,-0.036181,0.000000
143.790009,67.149933,-552.675842,-0.002039,-0.001393,-0.035383,298.697815,15.216393,-0.353828,-552.675842,-0.036198,0.000000
143.800003,67.142853,-552.631348,-0.002070,-0.001393,-0.035383,298.666321,15.214788,-0.353828,-552.631348,-0.036215,0.000000
143.810013,67.142853,-552.631348,-0.002035,-0.001393,-0.035383,298.666321,15.214788,-0.353828,-552.631348,-0.036233,0.000000
143.820007,67.132431,-552.720276,-0.002061,-0.001393,-0.035383,298.619965,15.212426,-0.353828,-552.720276,-0.036250,0.000000
143.830002,67.142853,-552.542358,-0.002035,-0.001393,-0.035383,298.666321,15.214788,-0.353828,-552.542358,-0.036267,0.000000
143.840012,67.142853,-552.720276,-0.002057,-0.001393,-0.035383,298.666321,15.214788,-0.353828,-552.720276,-0.036285,0.000000
143.850006,67.138763,-552.586853,-0.002087,-0.001393,-0.035391,298.648132,15.213861,-0.353915,-552.586853,-0.036293,0.000000
143.860001,67.136902,-552.631348,-0.002117,-0.001395,-0.035426,298.639862,15.213439,-0.354262,-552.631348,-0.036311,0.000000
143.870010,67.135788,-552.675842,-0.002151,-0.001397,-0.035478,298.634888,15.213186,-0.354782,-552.675842,-0.036328,0.000000
143.880005,67.110840,-552.586853,-0.002164,-0.001399,-0.035530,298.523926,15.207534,-0.355302,-552.586853,-0.036345,0.000000
143.889999,67.056473,-552.720276,-0.002147,-0.001401,-0.035582,298.282074,15.195214,-0.355823,-552.720276,-0.036363,0.000000
143.900009,66.984604,-552.586853,-0.002182,-0.001402,-0.035608,297.962402,15.178928,-0.356083,-552.586853,-0.036380,0.000000
143.910004,66.940659,-552.586853,-0.002143,-0.001402,-0.035608,297.766907,15.168970,-0.356083,-552.586853,-0.036397,0.000000
143.920013,66.913849,-552.720276,-0.002151,-0.001402,-0.035608,297.647675,15.162895,-0.356083,-552.720276,-0.036415,0.000000
143.930008,66.906769,-552.542358,-0.002095,-0.001402,-0.035608,297.616180,15.161290,-0.356083,-552.542358,-0.036432,0.000000
143.940002,66.915344,-552.675842,-0.002048,-0.001402,-0.035608,297.654327,15.163234,-0.356083,-552.675842,-0.036449,0.000000
143.950012,66.908630,-552.586853,-0.002048,-0.001402,-0.035608,297.624451,15.161713,-0.356083,-552.586853,-0.036467,0.000000
143.960007,66.913849,-552.631348,-0.002057,-0.001402,-0.035608,297.647675,15.162895,-0.356083,-552.631348,-0.036484,0.000000
143.970001,66.913101,-552.675842,-0.002126,-0.001403,-0.035626,297.644348,15.162725,-0.356256,-552.675842,-0.036493,0.000000
143.980011,66.917572,-552.586853,-0.002143,-0.001403,-0.035643,297.664215,15.163738,-0.356430,-552.586853,-0.036510,0.000000
143.990005,66.916458,-552.675842,-0.002139,-0.001404,-0.035652,297.659271,15.163486,-0.356516,-552.675842,-0.036528,0.000000
144.000000,66.911621,-552.631348,-0.002134,-0.001404,-0.035652,297.637756,15.162391,-0.356516,-552.631348,-0.036545,0.000000
144.010010,66.910873,-552.631348,-0.002143,-0.001404,-0.035652,297.634430,15.162221,-0.356516,-552.631348,-0.036562,0.000000
144.020004,66.903427,-552.720276,-0.002164,-0.001404,-0.035652,297.601318,15.160533,-0.356516,-552.720276,-0.036580,0.000000
144.030014,66.914963,-552.586853,-0.002117,-0.001404,-0.035652,297.652618,15.163148,-0.356516,-552.586853,-0.036597,0.000000
144.040009,66.894119,-552.720276,-0.002035,-0.001404,-0.035652,297.559906,15.158423,-0.356516,-552.720276,-0.036614,0.000000
144.050003,66.888901,-552.631348,-0.002044,-0.001404,-0.035652,297.536682,15.157242,-0.356516,-552.631348,-0.036632,0.000000
144.060013,66.881073,-552.631348,-0.002057,-0.001404,-0.035652,297.501862,15.155468,-0.356516,-552.631348,-0.036649,0.000000
144.070007,66.880707,-552.720276,-0.002057,-0.001404,-0.035660,297.500244,15.155385,-0.356603,-552.720276,-0.036666,0.000000
144.080002,66.871399,-552.542358,-0.002121,-0.001405,-0.035686,297.458832,15.153275,-0.356863,-552.542358,-0.036684,0.000000
144.090012,66.870285,-552.720276,-0.002164,-0.001407,-0.035730,297.453888,15.153023,-0.357297,-552.720276,-0.036701,0.000000
144.100006,66.853531,-552.586853,-0.002143,-0.001410,-0.035816,297.379364,15.149226,-0.358164,-552.586853,-0.036710,0.000000
144.110001,66.784637,-552.586853,-0.002117,-0.001413,-0.035894,297.072906,15.133615,-0.358945,-552.586853,-0.036727,0.000000
144.120010,66.635681,-552.675842,-0.002074,-0.001416,-0.035964,296.410309,15.099861,-0.359639,-552.675842,-0.036744,0.000000
144.130005,66.472595,-552.542358,-0.002070,-0.001418,-0.036025,295.684875,15.062905,-0.360246,-552.542358,-0.036762,0.000000
144.139999,66.363113,-552.675842,-0.002061,-0.001420,-0.036059,295.197876,15.038096,-0.360592,-552.675842,-0.036779,0.000000
144.150009,66.301300,-552.675842,-0.002074,-0.001421,-0.036094,294.922913,15.024090,-0.360939,-552.675842,-0.036796,0.000000
144.160004,66.255493,-552.631348,-0.002039,-0.001422,-0.036120,294.719147,15.013710,-0.361199,-552.631348,-0.036814,0.000000
144.170013,66.227188,-552.720276,-0.002087,-0.001423,-0.036146,294.593231,15.007296,-0.361460,-552.720276,-0.036831,0.000000
144.180008,66.198151,-552.631348,-0.002070,-0.001424,-0.036163,294.464081,15.000715,-0.361633,-552.631348,-0.036848,0.000000
144.190002,66.165756,-552.720276,-0.002031,-0.001424,-0.036172,294.319977,14.993375,-0.361720,-552.720276,-0.036866,0.000000
144.200012,66.143784,-552.631348,-0.002061,-0.001424,-0.036181,294.222229,14.988396,-0.361807,-552.631348,-0.036883,0.000000
144.210007,66.132614,-552.631348,-0.002065,-0.001425,-0.036207,294.172546,14.985865,-0.362067,-552.631348,-0.036900,0.000000
144.220001,66.111755,-552.720276,-0.002108,-0.001426,-0.036233,294.079773,14.981138,-0.362327,-552.720276,-0.036918,0.000000
144.230011,66.091644,-552.542358,-0.002104,-0.001428,-0.036259,293.990326,14.976581,-0.362587,-552.542358,-0.036926,0.000000
144.240005,66.060745,-552.720276,-0.002065,-0.001428,-0.036276,293.852875,14.969579,-0.362761,-552.720276,-0.036944,0.000000
144.250000,66.019043,-552.586853,-0.002087,-0.001429,-0.036285,293.667358,14.960129,-0.362847,-552.586853,-0.036961,0.000000
144.260010,65.995209,-552.586853,-0.002134,-0.001429,-0.036293,293.561340,14.954728,-0.362934,-552.586853,-0.036979,0.000000
144.270004,65.971741,-552.720276,-0.002113,-0.001429,-0.036302,293.456970,14.949410,-0.363021,-552.720276,-0.036996,0.000000
144.280014,65.951263,-552.586853,-0.002147,-0.001430,-0.036311,293.365875,14.944770,-0.363107,-552.586853,-0.037013,0.000000
144.290009,65.928558,-552.675842,-0.002151,-0.001430,-0.036319,293.264862,14.939625,-0.363194,-552.675842,-0.037031,0.000000
144.300003,65.914780,-552.675842,-0.002117,-0.001431,-0.036337,293.203583,14.936503,-0.363368,-552.675842,-0.037048,0.000000
144.310013,65.895416,-552.631348,-0.002108,-0.001431,-0.036354,293.117462,14.932115,-0.363541,-552.631348,-0.037065,0.000000
144.320007,65.874557,-552.675842,-0.002100,-0.001432,-0.036380,293.024658,14.927388,-0.363801,-552.675842,-0.037083,0.000000
144.330002,65.854828,-552.586853,-0.002091,-0.001433,-0.036397,292.936890,14.922917,-0.363975,-552.586853,-0.037100,0.000000
144.340012,65.822052,-552.675842,-0.002082,-0.001434,-0.036415,292.791107,14.915490,-0.364148,-552.675842,-0.037117,0.000000
144.350006,65.782578,-552.675842,-0.002147,-0.001434,-0.036423,292.615509,14.906546,-0.364235,-552.675842,-0.037135,0.000000
144.360001,65.756882,-552.720276,-0.002113,-0.001434,-0.036432,292.501221,14.900723,-0.364322,-552.720276,-0.037143,0.000000
144.370010,65.744232,-552.720276,-0.002195,-0.001434,-0.036432,292.444946,14.897857,-0.364322,-552.720276,-0.037161,0.000000
144.380005,65.720016,-552.586853,-0.002139,-0.001435,-0.036441,292.337219,14.892368,-0.364408,-552.586853,-0.037178,0.000000
144.389999,65.689865,-552.720276,-0.002057,-0.001435,-0.036458,292.203125,14.885536,-0.364582,-552.720276,-0.037195,0.000000
144.400009,65.675339,-552.675842,-0.002061,-0.001436,-0.036476,292.138489,14.882244,-0.364755,-552.675842,-0.037213,0.000000
144.410004,65.657837,-552.586853,-0.002052,-0.001437,-0.036493,292.060638,14.878279,-0.364929,-552.586853,-0.037230,0.000000
144.420013,65.631775,-552.720276,-0.002061,-0.001437,-0.036510,291.944702,14.872374,-0.365102,-552.720276,-0.037247,0.000000
144.430008,65.606079,-552.631348,-0.002078,-0.001438,-0.036528,291.830414,14.866550,-0.365275,-552.631348,-0.037265,0.000000
144.440002,65.572189,-552.764771,-0.002117,-0.001438,-0.036536,291.679657,14.858871,-0.365362,-552.764771,-0.037282,0.000000
144.450012,65.534958,-552.586853,-0.002147,-0.001439,-0.036554,291.514038,14.850433,-0.365536,-552.586853,-0.037299,0.000000
144.460007,65.512985,-552.586853,-0.002113,-0.001440,-0.036571,291.416321,14.845455,-0.365709,-552.586853,-0.037317,0.000000
144.470001,65.482071,-552.764771,-0.002143,-0.001440,-0.036580,291.278809,14.838449,-0.365796,-552.764771,-0.037334,0.000000
144.480011,65.459732,-552.631348,-0.002143,-0.001440,-0.036588,291.179443,14.833387,-0.365883,-552.631348,-0.037351,0.000000
144.490005,65.434418,-552.720276,-0.002130,-0.001441,-0.036597,291.066833,14.827651,-0.365969,-552.720276,-0.037360,0.000000
144.500000,65.416168,-552.675842,-0.002160,-0.001442,-0.036614,290.985657,14.823516,-0.366143,-552.675842,-0.037377,0.000000
144.510010,65.391968,-552.631348,-0.002151,-0.001442,-0.036623,290.877991,14.818031,-0.366229,-552.631348,-0.037395,0.000000
144.520004,65.366272,-552.720276,-0.002147,-0.001442,-0.036632,290.763702,14.812209,-0.366316,-552.720276,-0.037412,0.000000
144.530014,65.356216,-552.631348,-0.002151,-0.001443,-0.036640,290.718964,14.809930,-0.366403,-552.631348,-0.037429,0.000000
144.540009,65.340576,-552.720276,-0.002156,-0.001443,-0.036649,290.649414,14.806386,-0.366490,-552.720276,-0.037447,0.000000
144.550003,65.330887,-552.675842,-0.002117,-0.001444,-0.036666,290.606293,14.804191,-0.366663,-552.675842,-0.037464,0.000000
144.560013,65.301849,-552.675842,-0.002078,-0.001444,-0.036675,290.477142,14.797610,-0.366750,-552.675842,-0.037481,0.000000
144.570007,65.292542,-552.720276,-0.002022,-0.001444,-0.036684,290.435730,14.795502,-0.366836,-552.720276,-0.037499,0.000000
144.580002,65.266098,-552.586853,-0.002048,-0.001445,-0.036692,290.318115,14.789509,-0.366923,-552.586853,-0.037516,0.000000
144.590012,65.240784,-552.675842,-0.002057,-0.001445,-0.036701,290.205505,14.783773,-0.367010,-552.675842,-0.037534,0.000000
144.600006,65.226624,-552.631348,-0.002143,-0.001445,-0.036710,290.142517,14.780564,-0.367097,-552.631348,-0.037551,0.000000
144.610001,65.217697,-552.675842,-0.002151,-0.001446,-0.036727,290.102814,14.778542,-0.367270,-552.675842,-0.037560,0.000000
144.620010,65.205780,-552.720276,-0.002139,-0.001446,-0.036736,290.049805,14.775841,-0.367357,-552.720276,-0.037577,0.000000
144.630005,65.182693,-552.631348,-0.002117,-0.001447,-0.036753,289.947113,14.770610,-0.367530,-552.631348,-0.037594,0.000000
144.639999,65.156998,-552.675842,-0.002074,-0.001447,-0.036762,289.832794,14.764787,-0.367617,-552.675842,-0.037612,0.000000
144.650009,65.128326,-552.675842,-0.002070,-0.001448,-0.036770,289.705261,14.758289,-0.367704,-552.675842,-0.037629,0.000000
144.660004,65.111938,-552.631348,-0.002048,-0.001448,-0.036779,289.632355,14.754577,-0.367790,-552.631348,-0.037646,0.000000
144.670013,65.103745,-552.764771,-0.002100,-0.001449,-0.036796,289.595917,14.752720,-0.367964,-552.764771,-0.037664,0.000000
144.680008,65.078049,-552.675842,-0.002078,-0.001449,-0.036814,289.481628,14.746897,-0.368137,-552.675842,-0.037681,0.000000
144.690002,65.044907,-552.675842,-0.002048,-0.001450,-0.036840,289.334198,14.739387,-0.368397,-552.675842,-0.037698,0.000000
144.700012,65.005447,-552.631348,-0.002078,-0.001451,-0.036848,289.158661,14.730445,-0.368484,-552.631348,-0.037716,0.000000
144.710007,64.960007,-552.675842,-0.002070,-0.001451,-0.036866,288.956543,14.720148,-0.368658,-552.675842,-0.037733,0.000000
144.720001,64.920532,-552.675842,-0.002130,-0.001452,-0.036883,288.780945,14.711203,-0.368831,-552.675842,-0.037750,0.000000
144.730011,64.889999,-552.586853,-0.002139,-0.001453,-0.036909,288.645142,14.704284,-0.369091,-552.586853,-0.037768,0.000000
144.740005,64.854263,-552.764771,-0.002151,-0.001454,-0.036935,288.486176,14.696187,-0.369351,-552.764771,-0.037776,0.000000
144.750000,64.799149,-552.675842,-0.002151,-0.001455,-0.036952,288.240997,14.683697,-0.369525,-552.675842,-0.037794,0.000000
144.760010,64.750366,-552.675842,-0.002156,-0.001455,-0.036961,288.024017,14.672643,-0.369612,-552.675842,-0.037811,0.000000
144.770004,64.698975,-552.675842,-0.002134,-0.001456,-0.036979,287.795410,14.660997,-0.369785,-552.675842,-0.037828,0.000000
144.780014,64.682220,-552.586853,-0.002156,-0.001456,-0.036979,287.720886,14.657200,-0.369785,-552.586853,-0.037846,0.000000
144.790009,64.666946,-552.720276,-0.002134,-0.001456,-0.036979,287.652954,14.653740,-0.369785,-552.720276,-0.037863,0.000000
144.800003,64.643494,-552.586853,-0.002147,-0.001456,-0.036987,287.548615,14.648425,-0.369872,-552.586853,-0.037880,0.000000
144.810013,64.636047,-552.675842,-0.002095,-0.001456,-0.036987,287.515503,14.646737,-0.369872,-552.675842,-0.037898,0.000000
144.820007,64.633438,-552.764771,-0.002057,-0.001457,-0.036996,287.503906,14.646147,-0.369958,-552.764771,-0.037915,0.000000
144.830002,64.611847,-552.586853,-0.002057,-0.001457,-0.036996,287.407837,14.641254,-0.369958,-552.586853,-0.037932,0.000000
144.840012,64.593597,-552.675842,-0.002052,-0.001457,-0.037005,287.326660,14.637119,-0.370045,-552.675842,-0.037950,0.000000
144.850006,64.579819,-552.631348,-0.002035,-0.001457,-0.037013,287.265381,14.633996,-0.370132,-552.631348,-0.037967,0.000000
144.860001,64.572739,-552.631348,-0.002078,-0.001457,-0.037013,287.233887,14.632392,-0.370132,-552.631348,-0.037984,0.000000
144.870010,64.553009,-552.764771,-0.002078,-0.001457,-0.037013,287.146118,14.627920,-0.370132,-552.764771,-0.037993,0.000000
144.880005,64.542953,-552.542358,-0.002169,-0.001458,-0.037022,287.101410,14.625642,-0.370219,-552.542358,-0.038011,0.000000
144.889999,64.527679,-552.764771,-0.002169,-0.001458,-0.037022,287.033447,14.622181,-0.370219,-552.764771,-0.038028,0.000000
144.900009,64.510925,-552.631348,-0.002173,-0.001458,-0.037031,286.958923,14.618384,-0.370305,-552.631348,-0.038045,0.000000
144.910004,64.509064,-552.631348,-0.002164,-0.001458,-0.037031,286.950653,14.617963,-0.370305,-552.631348,-0.038063,0.000000
144.920013,64.507202,-552.720276,-0.002151,-0.001458,-0.037031,286.942352,14.617541,-0.370305,-552.720276,-0.038080,0.000000
144.930008,64.507584,-552.675842,-0.002169,-0.001458,-0.037031,286.944061,14.617627,-0.370305,-552.675842,-0.038097,0.000000
144.940002,64.492691,-552.675842,-0.002190,-0.001458,-0.037031,286.877808,14.614253,-0.370305,-552.675842,-0.038115,0.000000
144.950012,64.497894,-552.675842,-0.002177,-0.001458,-0.037039,286.900970,14.615432,-0.370392,-552.675842,-0.038132,0.000000
144.960007,64.501251,-552.631348,-0.002156,-0.001458,-0.037039,286.915894,14.616192,-0.370392,-552.631348,-0.038149,0.000000
144.970001,64.520981,-552.720276,-0.002126,-0.001458,-0.037039,287.003662,14.620664,-0.370392,-552.720276,-0.038167,0.000000
144.980011,64.510178,-552.631348,-0.002091,-0.001458,-0.037039,286.955597,14.618215,-0.370392,-552.631348,-0.038184,0.000000
144.990005,64.508316,-552.764771,-0.002087,-0.001459,-0.037048,286.947327,14.617794,-0.370479,-552.764771,-0.038201,0.000000
145.000000,64.493057,-552.586853,-0.002070,-0.001459,-0.037048,286.879456,14.614336,-0.370479,-552.586853,-0.038210,0.000000
145.010010,64.489334,-552.631348,-0.002052,-0.001459,-0.037065,286.862885,14.613492,-0.370652,-552.631348,-0.038227,0.000000
145.020004,64.472946,-552.764771,-0.002065,-0.001460,-0.037074,286.789978,14.609778,-0.370739,-552.764771,-0.038245,0.000000
145.030014,64.468475,-552.631348,-0.002057,-0.001460,-0.037074,286.770111,14.608766,-0.370739,-552.631348,-0.038262,0.000000
145.040009,64.449112,-552.720276,-0.002052,-0.001461,-0.037109,286.683960,14.604378,-0.371086,-552.720276,-0.038279,0.000000
145.050003,64.440918,-552.631348,-0.002070,-0.001463,-0.037152,286.647522,14.602521,-0.371520,-552.631348,-0.038297,0.000000
145.060013,64.383957,-552.675842,-0.002061,-0.001464,-0.037195,286.394135,14.589613,-0.371953,-552.675842,-0.038314,0.000000
145.070007,64.288620,-552.720276,-0.002065,-0.001467,-0.037273,285.970062,14.568009,-0.372734,-552.720276,-0.038331,0.000000
145.080002,64.127380,-552.631348,-0.002057,-0.001471,-0.037369,285.252838,14.531471,-0.373688,-552.631348,-0.038349,0.000000
145.090012,63.884232,-552.764771,-0.002070,-0.001474,-0.037447,284.171265,14.476374,-0.374468,-552.764771,-0.038366,0.000000
145.100006,63.667511,-552.675842,-0.002091,-0.001475,-0.037464,283.207245,14.427264,-0.374642,-552.675842,-0.038383,0.000000
145.110001,63.549469,-552.675842,-0.002143,-0.001475,-0.037464,282.682159,14.400516,-0.374642,-552.675842,-0.038401,0.000000
145.120010,63.495850,-552.720276,-0.002164,-0.001475,-0.037464,282.443634,14.388365,-0.374642,-552.720276,-0.038418,0.000000
145.130005,63.469406,-552.586853,-0.002173,-0.001475,-0.037464,282.326019,14.382373,-0.374642,-552.586853,-0.038427,0.000000
145.139999,63.446320,-552.764771,-0.002169,-0.001475,-0.037464,282.223328,14.377141,-0.374642,-552.764771,-0.038444,0.000000
145.150009,63.433655,-552.720276,-0.002160,-0.001475,-0.037464,282.166992,14.374271,-0.374642,-552.720276,-0.038461,0.000000
145.160004,63.411682,-552.631348,-0.002143,-0.001475,-0.037464,282.069244,14.369292,-0.374642,-552.631348,-0.038479,0.000000
145.170013,63.412796,-552.764771,-0.002130,-0.001475,-0.037473,282.074219,14.369545,-0.374728,-552.764771,-0.038496,0.000000
145.180008,63.420258,-552.631348,-0.002134,-0.001475,-0.037473,282.107391,14.371236,-0.374728,-552.631348,-0.038513,0.000000
145.190002,63.400513,-552.720276,-0.002104,-0.001475,-0.037473,282.019562,14.366762,-0.374728,-552.720276,-0.038531,0.000000
145.200012,63.400513,-552.675842,-0.002108,-0.001477,-0.037516,282.019562,14.366762,-0.375162,-552.675842,-0.038548,0.000000
145.210007,63.396423,-552.675842,-0.002104,-0.001479,-0.037560,282.001373,14.365835,-0.375595,-552.675842,-0.038566,0.000000
145.220001,63.334976,-552.675842,-0.002026,-0.001480,-0.037594,281.728058,14.351911,-0.375942,-552.675842,-0.038583,0.000000
145.230011,63.267578,-552.675842,-0.002035,-0.001481,-0.037629,281.428253,14.336637,-0.376289,-552.675842,-0.038600,0.000000
145.240005,63.189011,-552.764771,-0.002082,-0.001483,-0.037664,281.078766,14.318834,-0.376636,-552.764771,-0.038618,0.000000
145.250000,63.105225,-552.586853,-0.002100,-0.001483,-0.037672,280.706055,14.299849,-0.376723,-552.586853,-0.038635,0.000000
145.260010,63.065384,-552.631348,-0.002104,-0.001483,-0.037672,280.528839,14.290820,-0.376723,-552.631348,-0.038644,0.000000
145.270004,63.028519,-552.764771,-0.002156,-0.001483,-0.037672,280.364868,14.282466,-0.376723,-552.764771,-0.038661,0.000000
145.280014,63.008041,-552.586853,-0.002173,-0.001483,-0.037672,280.273773,14.277826,-0.376723,-552.586853,-0.038678,0.000000
145.290009,62.983826,-552.720276,-0.002130,-0.001483,-0.037672,280.166046,14.272339,-0.376723,-552.720276,-0.038696,0.000000
145.300003,62.982346,-552.631348,-0.002095,-0.001483,-0.037672,280.159454,14.272003,-0.376723,-552.631348,-0.038713,0.000000
145.310013,62.965210,-552.675842,-0.002026,-0.001484,-0.037681,280.083252,14.268121,-0.376810,-552.675842,-0.038730,0.000000
145.320007,62.952545,-552.764771,-0.002061,-0.001485,-0.037716,280.026917,14.265251,-0.377156,-552.764771,-0.038748,0.000000
145.330002,62.939148,-552.586853,-0.002044,-0.001487,-0.037768,279.967316,14.262215,-0.377677,-552.586853,-0.038765,0.000000
145.340012,62.891861,-552.675842,-0.002039,-0.001488,-0.037785,279.756958,14.251499,-0.377850,-552.675842,-0.038782,0.000000
145.350006,62.835999,-552.586853,-0.002048,-0.001489,-0.037820,279.508484,14.238841,-0.378197,-552.586853,-0.038800,0.000000
145.360001,62.760040,-552.675842,-0.002061,-0.001490,-0.037837,279.170593,14.221628,-0.378371,-552.675842,-0.038817,0.000000
145.370010,62.703064,-552.720276,-0.002078,-0.001490,-0.037837,278.917145,14.208717,-0.378371,-552.720276,-0.038834,0.000000
145.380005,62.677002,-552.675842,-0.002169,-0.001490,-0.037837,278.801239,14.202812,-0.378371,-552.675842,-0.038843,0.000000
145.389999,62.643112,-552.764771,-0.002160,-0.001490,-0.037837,278.650482,14.195131,-0.378371,-552.764771,-0.038860,0.000000
145.400009,62.621506,-552.675842,-0.002139,-0.001490,-0.037837,278.554382,14.190236,-0.378371,-552.675842,-0.038878,0.000000
145.410004,62.626358,-552.675842,-0.002039,-0.001490,-0.037837,278.575958,14.191335,-0.378371,-552.675842,-0.038895,0.000000
145.420013,62.618912,-552.720276,-0.002061,-0.001490,-0.037837,278.542816,14.189649,-0.378371,-552.720276,-0.038912,0.000000
145.430008,62.617416,-552.631348,-0.002031,-0.001490,-0.037837,278.536194,14.189310,-0.378371,-552.631348,-0.038930,0.000000
145.440002,62.614807,-552.764771,-0.002091,-0.001490,-0.037846,278.524567,14.188718,-0.378457,-552.764771,-0.038947,0.000000
145.450012,62.607361,-552.675842,-0.002113,-0.001490,-0.037846,278.491455,14.187031,-0.378457,-552.675842,-0.038964,0.000000
145.460007,62.602142,-552.675842,-0.002143,-0.001490,-0.037846,278.468231,14.185848,-0.378457,-552.675842,-0.038982,0.000000
145.470001,62.602142,-552.675842,-0.002126,-0.001490,-0.037846,278.468231,14.185848,-0.378457,-552.675842,-0.038999,0.000000
145.480011,62.590973,-552.631348,-0.002156,-0.001492,-0.037898,278.418549,14.183317,-0.378978,-552.631348,-0.039016,0.000000
145.490005,62.569382,-552.764771,-0.002143,-0.001496,-0.037993,278.322510,14.178425,-0.379932,-552.764771,-0.039034,0.000000
145.500000,62.459152,-552.720276,-0.002177,-0.001500,-0.038089,277.832184,14.153446,-0.380886,-552.720276,-0.039051,0.000000
145.510010,62.220474,-552.675842,-0.002147,-0.001502,-0.038158,276.770477,14.099360,-0.381579,-552.675842,-0.039060,0.000000
145.520004,61.983643,-552.853760,-0.002169,-0.001504,-0.038201,275.717010,14.045693,-0.382013,-552.853760,-0.039077,0.000000
145.530014,61.829102,-552.675842,-0.002126,-0.001505,-0.038227,275.029572,14.010674,-0.382273,-552.675842,-0.039095,0.000000
145.540009,61.727448,-552.720276,-0.002121,-0.001506,-0.038253,274.577393,13.987639,-0.382533,-552.720276,-0.039112,0.000000
145.550003,61.659302,-552.631348,-0.002130,-0.001507,-0.038279,274.274261,13.972198,-0.382793,-552.631348,-0.039129,0.000000
145.560013,61.607162,-552.720276,-0.002134,-0.001508,-0.038297,274.042358,13.960382,-0.382967,-552.720276,-0.039147,0.000000
145.570007,61.529343,-552.764771,-0.002095,-0.001509,-0.038323,273.696198,13.942748,-0.383227,-552.764771,-0.039164,0.000000
145.580002,61.466782,-552.631348,-0.002061,-0.001510,-0.038349,273.417908,13.928572,-0.383487,-552.631348,-0.039181,0.000000
145.590012,61.417999,-552.675842,-0.002048,-0.001510,-0.038366,273.200897,13.917518,-0.383661,-552.675842,-0.039199,0.000000
145.600006,61.354324,-552.675842,-0.002095,-0.001510,-0.038366,272.917664,13.903089,-0.383661,-552.675842,-0.039216,0.000000
145.610001,61.317841,-552.720276,-0.002121,-0.001510,-0.038366,272.755371,13.894821,-0.383661,-552.720276,-0.039233,0.000000
145.620010,61.302200,-552.764771,-0.002173,-0.001510,-0.038366,272.685791,13.891277,-0.383661,-552.764771,-0.039251,0.000000
145.630005,61.291763,-552.631348,-0.002126,-0.001510,-0.038366,272.639374,13.888911,-0.383661,-552.631348,-0.039268,0.000000
145.639999,61.285446,-552.720276,-0.002052,-0.001510,-0.038366,272.611267,13.887481,-0.383661,-552.720276,-0.039277,0.000000
145.650009,61.267944,-552.631348,-0.002057,-0.001510,-0.038366,272.533417,13.883514,-0.383661,-552.631348,-0.039294,0.000000
145.660004,61.259003,-552.631348,-0.002061,-0.001510,-0.038366,272.493652,13.881488,-0.383661,-552.631348,-0.039311,0.000000
145.670013,61.251175,-552.764771,-0.002130,-0.001510,-0.038366,272.458832,13.879714,-0.383661,-552.764771,-0.039329,0.000000
145.680008,61.250809,-552.586853,-0.002182,-0.001511,-0.038375,272.457214,13.879632,-0.383747,-552.586853,-0.039346,0.000000
145.690002,61.237030,-552.764771,-0.002147,-0.001511,-0.038375,272.395905,13.876510,-0.383747,-552.764771,-0.039363,0.000000
145.700012,61.231445,-552.720276,-0.002078,-0.001511,-0.038375,272.371063,13.875244,-0.383747,-552.720276,-0.039381,0.000000
145.710007,61.220642,-552.675842,-0.002048,-0.001511,-0.038383,272.323029,13.872796,-0.383834,-552.675842,-0.039398,0.000000
145.720001,61.210968,-552.764771,-0.002039,-0.001511,-0.038383,272.279999,13.870604,-0.383834,-552.764771,-0.039415,0.000000
145.730011,61.199417,-552.631348,-0.002091,-0.001511,-0.038383,272.228607,13.867986,-0.383834,-552.631348,-0.039433,0.000000
145.740005,61.198669,-552.764771,-0.002113,-0.001511,-0.038383,272.225281,13.867817,-0.383834,-552.764771,-0.039450,0.000000
145.750000,61.196808,-552.675842,-0.002156,-0.001513,-0.038435,272.217010,13.867394,-0.384354,-552.675842,-0.039467,0.000000
145.760010,61.172241,-552.675842,-0.002151,-0.001515,-0.038479,272.107727,13.861828,-0.384788,-552.675842,-0.039485,0.000000
145.770004,61.105591,-552.764771,-0.002156,-0.001516,-0.038513,271.811249,13.846725,-0.385135,-552.764771,-0.039493,0.000000
145.780014,61.015839,-552.675842,-0.002143,-0.001517,-0.038522,271.412018,13.826386,-0.385222,-552.675842,-0.039511,0.000000
145.790009,60.947693,-552.720276,-0.002074,-0.001517,-0.038522,271.108887,13.810945,-0.385222,-552.720276,-0.039528,0.000000
145.800003,60.903763,-552.720276,-0.002057,-0.001517,-0.038522,270.913483,13.800990,-0.385222,-552.720276,-0.039545,0.000000
145.810013,60.874710,-552.720276,-0.002039,-0.001517,-0.038522,270.784241,13.794406,-0.385222,-552.720276,-0.039563,0.000000
145.820007,60.863541,-552.720276,-0.002026,-0.001517,-0.038540,270.734558,13.791875,-0.385395,-552.720276,-0.039580,0.000000
145.830002,60.840820,-552.631348,-0.002035,-0.001519,-0.038574,270.633484,13.786727,-0.385742,-552.631348,-0.039598,0.000000
145.840012,60.799866,-552.675842,-0.002117,-0.001522,-0.038652,270.451324,13.777447,-0.386523,-552.675842,-0.039615,0.000000
145.850006,60.682190,-552.675842,-0.002177,-0.001524,-0.038704,269.927856,13.750781,-0.387043,-552.675842,-0.039632,0.000000
145.860001,60.507187,-552.675842,-0.002173,-0.001524,-0.038713,269.149414,13.711124,-0.387130,-552.675842,-0.039650,0.000000
145.870010,60.391739,-552.720276,-0.002173,-0.001524,-0.038722,268.635864,13.684963,-0.387216,-552.720276,-0.039667,0.000000
145.880005,60.331787,-552.675842,-0.002143,-0.001524,-0.038722,268.369202,13.671378,-0.387216,-552.675842,-0.039684,0.000000
145.889999,60.304977,-552.764771,-0.002164,-0.001524,-0.038722,268.249939,13.665303,-0.387216,-552.764771,-0.039702,0.000000
145.900009,60.271469,-552.675842,-0.002104,-0.001524,-0.038722,268.100891,13.657710,-0.387216,-552.675842,-0.039710,0.000000
145.910004,60.242050,-552.675842,-0.002061,-0.001524,-0.038722,267.970032,13.651044,-0.387216,-552.675842,-0.039728,0.000000
145.920013,60.229767,-552.809265,-0.002078,-0.001525,-0.038739,267.915375,13.648260,-0.387390,-552.809265,-0.039745,0.000000
145.930008,60.220825,-552.631348,-0.002091,-0.001525,-0.038739,267.875610,13.646234,-0.387390,-552.631348,-0.039762,0.000000
145.940002,60.216736,-552.764771,-0.002182,-0.001525,-0.038739,267.857422,13.645308,-0.387390,-552.764771,-0.039780,0.000000
145.950012,60.208542,-552.675842,-0.002147,-0.001525,-0.038739,267.820984,13.643450,-0.387390,-552.675842,-0.039797,0.000000
145.960007,60.189545,-552.720276,-0.002160,-0.001525,-0.038739,267.736481,13.639145,-0.387390,-552.720276,-0.039814,0.000000
145.970001,60.192154,-552.764771,-0.002117,-0.001525,-0.038739,267.748077,13.639737,-0.387390,-552.764771,-0.039832,0.000000
145.980011,60.175766,-552.631348,-0.002057,-0.001525,-0.038739,267.675171,13.636024,-0.387390,-552.631348,-0.039849,0.000000
145.990005,60.164230,-552.720276,-0.002087,-0.001526,-0.038756,267.623871,13.633410,-0.387563,-552.720276,-0.039866,0.000000
146.000000,60.154922,-552.675842,-0.002139,-0.001528,-0.038800,267.582458,13.631301,-0.387997,-552.675842,-0.039884,0.000000
146.010010,60.131088,-552.764771,-0.002143,-0.001530,-0.038852,267.476440,13.625899,-0.388517,-552.764771,-0.039901,0.000000
146.020004,60.033524,-552.809265,-0.002164,-0.001531,-0.038886,267.042450,13.603791,-0.388864,-552.809265,-0.039910,0.000000
146.030014,59.929260,-552.675842,-0.002156,-0.001532,-0.038904,266.578674,13.580165,-0.389037,-552.675842,-0.039927,0.000000
146.040009,59.838028,-552.720276,-0.002121,-0.001533,-0.038938,266.172852,13.559491,-0.389384,-552.720276,-0.039944,0.000000
146.050003,59.750885,-552.675842,-0.002082,-0.001533,-0.038947,265.785217,13.539744,-0.389471,-552.675842,-0.039962,0.000000
146.060013,59.685730,-552.675842,-0.002048,-0.001533,-0.038947,265.495392,13.524980,-0.389471,-552.675842,-0.039979,0.000000
146.070007,59.635834,-552.720276,-0.002100,-0.001533,-0.038947,265.273437,13.513674,-0.389471,-552.720276,-0.039996,0.000000
146.080002,59.615723,-552.675842,-0.002143,-0.001533,-0.038947,265.183990,13.509116,-0.389471,-552.675842,-0.040014,0.000000
146.090012,59.604172,-552.720276,-0.002147,-0.001533,-0.038947,265.132599,13.506498,-0.389471,-552.720276,-0.040031,0.000000
146.100006,59.591522,-552.720276,-0.002151,-0.001533,-0.038947,265.076324,13.503632,-0.389471,-552.720276,-0.040048,0.000000
146.110001,59.587051,-552.675842,-0.002113,-0.001533,-0.038947,265.056458,13.502619,-0.389471,-552.675842,-0.040066,0.000000
146.120010,59.577362,-552.764771,-0.002078,-0.001533,-0.038947,265.013336,13.500423,-0.389471,-552.764771,-0.040083,0.000000
146.130005,59.572159,-552.720276,-0.002039,-0.001533,-0.038947,264.990204,13.499244,-0.389471,-552.720276,-0.040101,0.000000
146.139999,59.564713,-552.764771,-0.002057,-0.001535,-0.038982,264.957062,13.497557,-0.389818,-552.764771,-0.040118,0.000000
146.150009,59.533798,-552.764771,-0.002052,-0.001537,-0.039051,264.819550,13.490552,-0.390512,-552.764771,-0.040127,0.000000
146.160004,59.458954,-552.675842,-0.002052,-0.001540,-0.039112,264.486633,13.473592,-0.391119,-552.675842,-0.040144,0.000000
146.170013,59.282822,-552.764771,-0.002091,-0.001542,-0.039164,263.703156,13.433679,-0.391639,-552.764771,-0.040161,0.000000
146.180008,59.107803,-552.675842,-0.002039,-0.001544,-0.039207,262.924652,13.394020,-0.392073,-552.675842,-0.040179,0.000000
146.190002,58.955505,-552.764771,-0.002070,-0.001545,-0.039233,262.247192,13.359509,-0.392333,-552.764771,-0.040196,0.000000
146.200012,58.848633,-552.720276,-0.002039,-0.001545,-0.039233,261.771790,13.335291,-0.392333,-552.720276,-0.040213,0.000000
146.210007,58.767822,-552.675842,-0.002039,-0.001545,-0.039233,261.412323,13.316978,-0.392333,-552.675842,-0.040231,0.000000
146.220001,58.730957,-552.764771,-0.002052,-0.001545,-0.039233,261.248352,13.308625,-0.392333,-552.764771,-0.040248,0.000000
146.230011,58.711975,-552.631348,-0.002061,-0.001545,-0.039233,261.163910,13.304323,-0.392333,-552.631348,-0.040265,0.000000
146.240005,58.699310,-552.809265,-0.002100,-0.001545,-0.039233,261.107574,13.301454,-0.392333,-552.809265,-0.040283,0.000000
146.250000,58.690369,-552.675842,-0.002091,-0.001545,-0.039233,261.067810,13.299428,-0.392333,-552.675842,-0.040300,0.000000
146.260010,58.682556,-552.720276,-0.002078,-0.001545,-0.039233,261.033051,13.297657,-0.392333,-552.720276,-0.040317,0.000000
146.270004,58.674362,-552.764771,-0.002143,-0.001545,-0.039242,260.996613,13.295801,-0.392420,-552.764771,-0.040335,0.000000
146.280014,58.662827,-552.631348,-0.002169,-0.001546,-0.039277,260.945282,13.293187,-0.392767,-552.631348,-0.040343,0.000000
146.290009,58.633408,-552.764771,-0.002164,-0.001548,-0.039311,260.814423,13.286520,-0.393113,-552.764771,-0.040361,0.000000
146.300003,58.583878,-552.675842,-0.002147,-0.001549,-0.039337,260.594116,13.275296,-0.393374,-552.675842,-0.040378,0.000000
146.310013,58.507919,-552.675842,-0.002164,-0.001550,-0.039372,260.256226,13.258084,-0.393720,-552.675842,-0.040395,0.000000
146.320007,58.419662,-552.764771,-0.002160,-0.001551,-0.039389,259.863647,13.238085,-0.393894,-552.764771,-0.040413,0.000000
146.330002,58.340347,-552.675842,-0.002100,-0.001551,-0.039407,259.510834,13.220112,-0.394067,-552.675842,-0.040430,0.000000
146.340012,58.262512,-552.764771,-0.002108,-0.001552,-0.039424,259.164612,13.202474,-0.394241,-552.764771,-0.040447,0.000000
146.350006,58.217834,-552.675842,-0.002095,-0.001553,-0.039441,258.965851,13.192349,-0.394414,-552.675842,-0.040465,0.000000
146.360001,58.158997,-552.720276,-0.002143,-0.001553,-0.039441,258.704132,13.179017,-0.394414,-552.720276,-0.040482,0.000000
146.370010,58.112457,-552.720276,-0.002117,-0.001553,-0.039450,258.497131,13.168471,-0.394501,-552.720276,-0.040499,0.000000
146.380005,58.094574,-552.631348,-0.002104,-0.001554,-0.039467,258.417572,13.164419,-0.394674,-552.631348,-0.040517,0.000000
146.389999,58.057343,-552.809265,-0.002117,-0.001555,-0.039485,258.251953,13.155982,-0.394848,-552.809265,-0.040534,0.000000
146.400009,58.017502,-552.675842,-0.002061,-0.001555,-0.039502,258.074738,13.146954,-0.395021,-552.675842,-0.040551,0.000000
146.410004,57.968719,-552.720276,-0.002009,-0.001556,-0.039528,257.857758,13.135900,-0.395281,-552.720276,-0.040560,0.000000
146.420013,57.908768,-552.764771,-0.002065,-0.001558,-0.039563,257.591064,13.122314,-0.395628,-552.764771,-0.040577,0.000000
146.430008,57.832062,-552.720276,-0.002048,-0.001559,-0.039598,257.249847,13.104933,-0.395975,-552.720276,-0.040595,0.000000
146.440002,57.737854,-552.764771,-0.002052,-0.001561,-0.039641,256.830811,13.083585,-0.396409,-552.764771,-0.040612,0.000000
146.450012,57.635437,-552.675842,-0.002074,-0.001562,-0.039684,256.375214,13.060377,-0.396842,-552.675842,-0.040630,0.000000
146.460007,57.524857,-552.675842,-0.002057,-0.001564,-0.039719,255.883347,13.035319,-0.397189,-552.675842,-0.040647,0.000000
146.470001,57.404953,-552.809265,-0.002104,-0.001565,-0.039745,255.349991,13.008148,-0.397450,-552.809265,-0.040664,0.000000
146.480011,57.288773,-552.675842,-0.002134,-0.001565,-0.039762,254.833191,12.981822,-0.397623,-552.675842,-0.040682,0.000000
146.490005,57.207962,-552.809265,-0.002143,-0.001566,-0.039780,254.473724,12.963510,-0.397796,-552.809265,-0.040699,0.000000
146.500000,57.132004,-552.675842,-0.002143,-0.001567,-0.039797,254.135849,12.946297,-0.397970,-552.675842,-0.040716,0.000000
146.510010,57.084702,-552.720276,-0.002143,-0.001567,-0.039806,253.925430,12.935578,-0.398057,-552.720276,-0.040734,0.000000
146.520004,57.050079,-552.764771,-0.002108,-0.001567,-0.039814,253.771423,12.927732,-0.398143,-552.764771,-0.040751,0.000000
146.530014,56.998688,-552.675842,-0.002070,-0.001567,-0.039814,253.542831,12.916087,-0.398143,-552.675842,-0.040768,0.000000
146.540009,56.958099,-552.809265,-0.002048,-0.001568,-0.039823,253.362274,12.906890,-0.398230,-552.809265,-0.040777,0.000000
146.550003,56.939102,-552.675842,-0.002065,-0.001568,-0.039823,253.277771,12.902585,-0.398230,-552.675842,-0.040794,0.000000
146.560013,56.915649,-552.720276,-0.002070,-0.001568,-0.039832,253.173447,12.897270,-0.398317,-552.720276,-0.040812,0.000000
146.570007,56.891068,-552.809265,-0.002031,-0.001569,-0.039840,253.064102,12.891700,-0.398403,-552.809265,-0.040829,0.000000
146.580002,56.857925,-552.675842,-0.002074,-0.001569,-0.039849,252.916687,12.884190,-0.398490,-552.675842,-0.040846,0.000000
146.590012,56.831497,-552.764771,-0.002057,-0.001570,-0.039866,252.799118,12.878201,-0.398664,-552.764771,-0.040864,0.000000
146.600006,56.806549,-552.675842,-0.002095,-0.001570,-0.039875,252.688156,12.872548,-0.398750,-552.675842,-0.040881,0.000000
146.610001,56.782333,-552.720276,-0.002126,-0.001570,-0.039884,252.580429,12.867061,-0.398837,-552.720276,-0.040898,0.000000
146.620010,56.741013,-552.764771,-0.002139,-0.001571,-0.039901,252.396637,12.857697,-0.399011,-552.764771,-0.040916,0.000000
146.630005,56.722382,-552.675842,-0.002156,-0.001571,-0.039910,252.313751,12.853475,-0.399097,-552.675842,-0.040933,0.000000
146.639999,56.668762,-552.809265,-0.002160,-0.001572,-0.039927,252.075241,12.841326,-0.399271,-552.809265,-0.040950,0.000000
146.650009,56.623337,-552.720276,-0.002156,-0.001572,-0.039936,251.873184,12.831032,-0.399357,-552.720276,-0.040968,0.000000
146.660004,56.594666,-552.764771,-0.002151,-0.001573,-0.039953,251.745651,12.824534,-0.399531,-552.764771,-0.040976,0.000000
146.670013,56.538803,-552.764771,-0.002143,-0.001573,-0.039953,251.497162,12.811876,-0.399531,-552.764771,-0.040994,0.000000
146.680008,56.506042,-552.675842,-0.002082,-0.001573,-0.039953,251.351425,12.804453,-0.399531,-552.675842,-0.041011,0.000000
146.690002,56.478851,-552.764771,-0.002031,-0.001573,-0.039953,251.230484,12.798291,-0.399531,-552.764771,-0.041028,0.000000
146.700012,56.479599,-552.720276,-0.002026,-0.001573,-0.039962,251.233810,12.798460,-0.399618,-552.720276,-0.041046,0.000000
146.710007,56.458740,-552.720276,-0.002057,-0.001573,-0.039962,251.141022,12.793734,-0.399618,-552.720276,-0.041063,0.000000
146.720001,56.447952,-552.764771,-0.002061,-0.001574,-0.039970,251.093033,12.791288,-0.399704,-552.764771,-0.041080,0.000000
146.730011,56.445709,-552.631348,-0.002052,-0.001574,-0.039988,251.083054,12.790780,-0.399878,-552.631348,-0.041098,0.000000
146.740005,56.413315,-552.675842,-0.002061,-0.001575,-0.039996,250.938950,12.783440,-0.399964,-552.675842,-0.041115,0.000000
146.750000,56.388000,-552.675842,-0.002031,-0.001575,-0.040005,250.826355,12.777704,-0.400051,-552.675842,-0.041133,0.000000
146.760010,56.359695,-552.720276,-0.002052,-0.001575,-0.040014,250.700439,12.771290,-0.400138,-552.720276,-0.041150,0.000000
146.770004,56.327667,-552.675842,-0.002057,-0.001576,-0.040031,250.557983,12.764031,-0.400311,-552.675842,-0.041167,0.000000
146.780014,56.299744,-552.675842,-0.002082,-0.001577,-0.040048,250.433762,12.757704,-0.400485,-552.675842,-0.041185,0.000000
146.790009,56.245377,-552.809265,-0.002095,-0.001577,-0.040066,250.191925,12.745385,-0.400658,-552.809265,-0.041193,0.000000
146.800003,56.192505,-552.720276,-0.002108,-0.001578,-0.040083,249.956741,12.733404,-0.400832,-552.720276,-0.041211,0.000000
146.810013,56.130692,-552.764771,-0.002134,-0.001580,-0.040127,249.681793,12.719397,-0.401265,-552.764771,-0.041228,0.000000
146.820007,56.042068,-552.764771,-0.002147,-0.001581,-0.040161,249.287567,12.699314,-0.401612,-552.764771,-0.041245,0.000000
146.830002,55.928482,-552.675842,-0.002160,-0.001582,-0.040179,248.782318,12.673575,-0.401786,-552.675842,-0.041263,0.000000
146.840012,55.846191,-552.809265,-0.002173,-0.001582,-0.040187,248.416260,12.654927,-0.401872,-552.809265,-0.041280,0.000000
146.850006,55.785492,-552.764771,-0.002156,-0.001582,-0.040187,248.146255,12.641172,-0.401872,-552.764771,-0.041297,0.000000
146.860001,55.750122,-552.720276,-0.002130,-0.001582,-0.040187,247.988922,12.633159,-0.401872,-552.720276,-0.041315,0.000000
146.870010,55.725174,-552.764771,-0.002091,-0.001583,-0.040205,247.877960,12.627505,-0.402046,-552.764771,-0.041332,0.000000
146.880005,55.695755,-552.720276,-0.002078,-0.001583,-0.040213,247.747086,12.620839,-0.402133,-552.720276,-0.041349,0.000000
146.889999,55.659637,-552.764771,-0.002044,-0.001584,-0.040222,247.586426,12.612654,-0.402219,-552.764771,-0.041367,0.000000
146.900009,55.610489,-552.764771,-0.002052,-0.001584,-0.040222,247.367813,12.601517,-0.402219,-552.764771,-0.041384,0.000000
146.910004,55.589996,-552.764771,-0.002061,-0.001584,-0.040222,247.276657,12.596873,-0.402219,-552.764771,-0.041401,0.000000
146.920013,55.580322,-552.720276,-0.002100,-0.001584,-0.040222,247.233627,12.594681,-0.402219,-552.720276,-0.041410,0.000000
146.930008,55.569519,-552.720276,-0.002065,-0.001584,-0.040222,247.185562,12.592233,-0.402219,-552.720276,-0.041427,0.000000
146.940002,55.545319,-552.809265,-0.002104,-0.001584,-0.040231,247.077911,12.586749,-0.402306,-552.809265,-0.041445,0.000000
146.950012,55.520737,-552.675842,-0.002095,-0.001585,-0.040248,246.968567,12.581179,-0.402479,-552.675842,-0.041462,0.000000
146.960007,55.502502,-552.720276,-0.002113,-0.001587,-0.040309,246.887466,12.577047,-0.403087,-552.720276,-0.041479,0.000000
146.970001,55.435471,-552.809265,-0.002078,-0.001591,-0.040404,246.589294,12.561857,-0.404040,-552.809265,-0.041497,0.000000
146.980011,55.238861,-552.675842,-0.002074,-0.001593,-0.040456,245.714722,12.517305,-0.404561,-552.675842,-0.041514,0.000000
146.990005,54.993088,-552.853760,-0.002052,-0.001594,-0.040499,244.621475,12.461612,-0.404994,-552.853760,-0.041531,0.000000
147.000000,54.828506,-552.720276,-0.002130,-0.001596,-0.040543,243.889374,12.424317,-0.405428,-552.720276,-0.041549,0.000000
147.010010,54.688858,-552.764771,-0.002147,-0.001598,-0.040577,243.268188,12.392673,-0.405775,-552.764771,-0.041566,0.000000
147.020004,54.557785,-552.764771,-0.002151,-0.001599,-0.040604,242.685150,12.362971,-0.406035,-552.764771,-0.041583,0.000000
147.030014,54.424484,-552.631348,-0.002143,-0.001600,-0.040638,242.092194,12.332765,-0.406382,-552.631348,-0.041601,0.000000
147.040009,54.331757,-552.764771,-0.002160,-0.001600,-0.040638,241.679718,12.311751,-0.406382,-552.764771,-0.041618,0.000000
147.050003,54.269943,-552.675842,-0.002151,-0.001600,-0.040638,241.404770,12.297745,-0.406382,-552.675842,-0.041627,0.000000
147.060013,54.231964,-552.720276,-0.002177,-0.001600,-0.040630,241.235825,12.289139,-0.406295,-552.720276,-0.041644,0.000000
147.070007,54.212967,-552.809265,-0.002143,-0.001600,-0.040630,241.151321,12.284834,-0.406295,-552.809265,-0.041662,0.000000
147.080002,54.184296,-552.675842,-0.002126,-0.001600,-0.040630,241.023788,12.278337,-0.406295,-552.675842,-0.041679,0.000000
147.090012,54.163071,-552.809265,-0.002082,-0.001600,-0.040630,240.929367,12.273527,-0.406295,-552.809265,-0.041696,0.000000
147.100006,54.157486,-552.675842,-0.002052,-0.001600,-0.040630,240.904526,12.272262,-0.406295,-552.675842,-0.041714,0.000000
147.110001,54.143341,-552.675842,-0.002052,-0.001600,-0.040630,240.841614,12.269056,-0.406295,-552.675842,-0.041731,0.000000
147.120010,54.123978,-552.764771,-0.002065,-0.001600,-0.040638,240.755478,12.264669,-0.406382,-552.764771,-0.041748,0.000000
147.130005,54.117264,-552.631348,-0.002078,-0.001600,-0.040638,240.725616,12.263147,-0.406382,-552.631348,-0.041766,0.000000
147.139999,54.112427,-552.809265,-0.002130,-0.001601,-0.040656,240.704102,12.262051,-0.406555,-552.809265,-0.041783,0.000000
147.150009,54.094177,-552.720276,-0.002134,-0.001603,-0.040716,240.622925,12.257915,-0.407162,-552.720276,-0.041800,0.000000
147.160004,54.017105,-552.720276,-0.002143,-0.001604,-0.040742,240.280090,12.240451,-0.407423,-552.720276,-0.041818,0.000000
147.170013,53.908371,-552.853760,-0.002074,-0.001604,-0.040742,239.796417,12.215812,-0.407423,-552.853760,-0.041835,0.000000
147.180008,53.850281,-552.720276,-0.002082,-0.001604,-0.040742,239.538010,12.202648,-0.407423,-552.720276,-0.041844,0.000000
147.190002,53.820114,-552.809265,-0.002087,-0.001604,-0.040742,239.403824,12.195812,-0.407423,-552.809265,-0.041861,0.000000
147.200012,53.794418,-552.720276,-0.002048,-0.001604,-0.040742,239.289520,12.189989,-0.407423,-552.720276,-0.041878,0.000000
147.210007,53.771332,-552.720276,-0.002057,-0.001604,-0.040742,239.186829,12.184758,-0.407423,-552.720276,-0.041896,0.000000
147.220001,53.755692,-552.809265,-0.002108,-0.001604,-0.040742,239.117264,12.181214,-0.407423,-552.809265,-0.041913,0.000000
147.230011,53.738937,-552.675842,-0.002082,-0.001604,-0.040742,239.042725,12.177418,-0.407423,-552.675842,-0.041930,0.000000
147.240005,53.734848,-552.809265,-0.002082,-0.001604,-0.040742,239.024536,12.176491,-0.407423,-552.809265,-0.041948,0.000000
147.250000,53.716599,-552.764771,-0.002091,-0.001604,-0.040742,238.943359,12.172356,-0.407423,-552.764771,-0.041965,0.000000
147.260010,53.704681,-552.720276,-0.002074,-0.001604,-0.040742,238.890350,12.169655,-0.407423,-552.720276,-0.041982,0.000000
147.270004,53.677124,-552.764771,-0.002074,-0.001604,-0.040751,238.767776,12.163410,-0.407509,-552.764771,-0.042000,0.000000
147.280014,53.667816,-552.720276,-0.002057,-0.001604,-0.040751,238.726364,12.161302,-0.407509,-552.720276,-0.042017,0.000000
147.290009,53.664459,-552.809265,-0.002052,-0.001604,-0.040751,238.711441,12.160540,-0.407509,-552.809265,-0.042034,0.000000
147.300003,53.655533,-552.675842,-0.002026,-0.001605,-0.040768,238.671738,12.158518,-0.407683,-552.675842,-0.042052,0.000000
147.310013,53.630203,-552.720276,-0.002087,-0.001608,-0.040855,238.559052,12.152778,-0.408550,-552.720276,-0.042060,0.000000
147.320007,53.568024,-552.764771,-0.002078,-0.001609,-0.040881,238.282471,12.138688,-0.408810,-552.764771,-0.042078,0.000000
147.330002,53.420563,-552.720276,-0.002121,-0.001609,-0.040881,237.626526,12.105272,-0.408810,-552.720276,-0.042095,0.000000
147.340012,53.339005,-552.853760,-0.002108,-0.001609,-0.040881,237.263748,12.086791,-0.408810,-552.853760,-0.042112,0.000000
147.350006,53.294693,-552.675842,-0.002143,-0.001609,-0.040881,237.066635,12.076750,-0.408810,-552.675842,-0.042130,0.000000
147.360001,53.253372,-552.675842,-0.002121,-0.001609,-0.040881,236.882828,12.067387,-0.408810,-552.675842,-0.042147,0.000000
147.370010,53.232513,-552.809265,-0.002186,-0.001611,-0.040907,236.790039,12.062660,-0.409070,-552.809265,-0.042165,0.000000
147.380005,53.210922,-552.675842,-0.002160,-0.001611,-0.040924,236.694000,12.057768,-0.409244,-552.675842,-0.042182,0.000000
147.389999,53.168091,-552.809265,-0.002156,-0.001612,-0.040942,236.503479,12.048062,-0.409417,-552.809265,-0.042199,0.000000
147.400009,53.108139,-552.720276,-0.002160,-0.001612,-0.040942,236.236801,12.034476,-0.409417,-552.720276,-0.042217,0.000000
147.410004,53.067917,-552.720276,-0.002143,-0.001612,-0.040942,236.057877,12.025361,-0.409417,-552.720276,-0.042234,0.000000
147.420013,53.031799,-552.809265,-0.002160,-0.001612,-0.040942,235.897232,12.017178,-0.409417,-552.809265,-0.042251,0.000000
147.430008,53.008713,-552.631348,-0.002130,-0.001612,-0.040942,235.794525,12.011946,-0.409417,-552.631348,-0.042260,0.000000
147.440002,52.993454,-552.809265,-0.002147,-0.001612,-0.040942,235.726654,12.008488,-0.409417,-552.809265,-0.042277,0.000000
147.450012,52.989731,-552.720276,-0.002139,-0.001612,-0.040942,235.710098,12.007645,-0.409417,-552.720276,-0.042295,0.000000
147.460007,52.977432,-552.720276,-0.002121,-0.001612,-0.040942,235.655396,12.004858,-0.409417,-552.720276,-0.042312,0.000000
147.470001,52.966644,-552.764771,-0.002095,-0.001612,-0.040950,235.607407,12.002413,-0.409504,-552.764771,-0.042329,0.000000
147.480011,52.959930,-552.764771,-0.002065,-0.001612,-0.040950,235.577530,12.000892,-0.409504,-552.764771,-0.042347,0.000000
147.490005,52.942429,-552.853760,-0.002070,-0.001612,-0.040950,235.499680,11.996926,-0.409504,-552.853760,-0.042364,0.000000
147.500000,52.917480,-552.675842,-0.002048,-0.001612,-0.040950,235.388702,11.991273,-0.409504,-552.675842,-0.042381,0.000000
147.510010,52.899979,-552.675842,-0.002082,-0.001613,-0.040959,235.310852,11.987307,-0.409591,-552.675842,-0.042399,0.000000
147.520004,52.901840,-552.809265,-0.002057,-0.001613,-0.040959,235.319138,11.987729,-0.409591,-552.809265,-0.042416,0.000000
147.530014,52.888062,-552.675842,-0.002052,-0.001615,-0.041020,235.257843,11.984606,-0.410198,-552.675842,-0.042433,0.000000
147.540009,52.849716,-552.809265,-0.002070,-0.001617,-0.041063,235.087280,11.975917,-0.410631,-552.809265,-0.042451,0.000000
147.550003,52.733154,-552.809265,-0.002087,-0.001619,-0.041124,234.568787,11.949504,-0.411238,-552.809265,-0.042468,0.000000
147.560013,52.569321,-552.764771,-0.002074,-0.001623,-0.041228,233.840012,11.912378,-0.412279,-552.764771,-0.042477,0.000000
147.570007,52.304184,-552.853760,-0.002164,-0.001627,-0.041323,232.660629,11.852298,-0.413233,-552.853760,-0.042494,0.000000
147.580002,51.996231,-552.720276,-0.002100,-0.001629,-0.041375,231.290787,11.782515,-0.413753,-552.720276,-0.042511,0.000000
147.590012,51.735580,-552.809265,-0.002121,-0.001631,-0.041419,230.131363,11.723451,-0.414187,-552.809265,-0.042529,0.000000
147.600006,51.542313,-552.631348,-0.002139,-0.001632,-0.041462,229.271652,11.679655,-0.414621,-552.631348,-0.042546,0.000000
147.610001,51.382568,-552.764771,-0.002173,-0.001634,-0.041505,228.561081,11.643456,-0.415054,-552.764771,-0.042563,0.000000
147.620010,51.229889,-552.809265,-0.002173,-0.001634,-0.041505,227.881927,11.608858,-0.415054,-552.809265,-0.042581,0.000000
147.630005,51.124878,-552.675842,-0.002195,-0.001634,-0.041505,227.414810,11.585063,-0.415054,-552.675842,-0.042598,0.000000
147.639999,51.075363,-552.853760,-0.002147,-0.001634,-0.041505,227.194565,11.573843,-0.415054,-552.853760,-0.042615,0.000000
147.650009,51.038116,-552.720276,-0.002182,-0.001634,-0.041505,227.028885,11.565403,-0.415054,-552.720276,-0.042633,0.000000
147.660004,51.016159,-552.764771,-0.002147,-0.001634,-0.041505,226.931213,11.560427,-0.415054,-552.764771,-0.042650,0.000000
147.670013,51.007217,-552.809265,-0.002151,-0.001634,-0.041505,226.891434,11.558400,-0.415054,-552.809265,-0.042668,0.000000
147.680008,50.982269,-552.675842,-0.002164,-0.001634,-0.041505,226.780457,11.552747,-0.415054,-552.675842,-0.042685,0.000000
147.690002,50.966629,-552.809265,-0.002169,-0.001634,-0.041505,226.710892,11.549203,-0.415054,-552.809265,-0.042694,0.000000
147.700012,50.935349,-552.720276,-0.002095,-0.001634,-0.041505,226.571747,11.542114,-0.415054,-552.720276,-0.042711,0.000000
147.710007,50.923065,-552.809265,-0.002117,-0.001634,-0.041505,226.517105,11.539331,-0.415054,-552.809265,-0.042728,0.000000
147.720001,50.907043,-552.809265,-0.002048,-0.001634,-0.041505,226.445831,11.535701,-0.415054,-552.809265,-0.042746,0.000000
147.730011,50.885071,-552.675842,-0.002100,-0.001634,-0.041505,226.348099,11.530723,-0.415054,-552.675842,-0.042763,0.000000
147.740005,50.874283,-552.764771,-0.002070,-0.001634,-0.041505,226.300110,11.528277,-0.415054,-552.764771,-0.042780,0.000000
147.750000,50.865341,-552.675842,-0.002065,-0.001635,-0.041540,226.260345,11.526251,-0.415401,-552.675842,-0.042798,0.000000
147.760010,50.839645,-552.764771,-0.002082,-0.001637,-0.041592,226.146042,11.520428,-0.415921,-552.764771,-0.042815,0.000000
147.770004,50.757355,-552.809265,-0.002039,-0.001640,-0.041644,225.779984,11.501781,-0.416442,-552.809265,-0.042832,0.000000
147.780014,50.633728,-552.764771,-0.002074,-0.001643,-0.041722,225.230072,11.473767,-0.417222,-552.764771,-0.042850,0.000000
147.790009,50.425934,-552.809265,-0.002061,-0.001644,-0.041766,224.305756,11.426680,-0.417656,-552.809265,-0.042867,0.000000
147.800003,50.191711,-552.720276,-0.002087,-0.001644,-0.041766,223.263885,11.373604,-0.417656,-552.720276,-0.042884,0.000000
147.810013,50.085220,-552.720276,-0.002082,-0.001644,-0.041766,222.790192,11.349474,-0.417656,-552.720276,-0.042902,0.000000
147.820007,50.042404,-552.764771,-0.002061,-0.001644,-0.041766,222.599731,11.339771,-0.417656,-552.764771,-0.042910,0.000000
147.830002,50.017822,-552.720276,-0.002078,-0.001644,-0.041766,222.490387,11.334201,-0.417656,-552.720276,-0.042928,0.000000
147.840012,49.989151,-552.853760,-0.002147,-0.001644,-0.041766,222.362854,11.327703,-0.417656,-552.853760,-0.042945,0.000000
147.850006,49.955627,-552.675842,-0.002134,-0.001644,-0.041766,222.213730,11.320107,-0.417656,-552.675842,-0.042962,0.000000
147.860001,49.928818,-552.809265,-0.002104,-0.001644,-0.041766,222.094467,11.314032,-0.417656,-552.809265,-0.042980,0.000000
147.870010,49.900146,-552.853760,-0.002134,-0.001644,-0.041766,221.966934,11.307535,-0.417656,-552.853760,-0.042997,0.000000
147.880005,49.892334,-552.720276,-0.002143,-0.001644,-0.041766,221.932190,11.305764,-0.417656,-552.720276,-0.043014,0.000000
147.890015,49.874451,-552.809265,-0.002160,-0.001644,-0.041766,221.852631,11.301712,-0.417656,-552.809265,-0.043032,0.000000
147.900009,49.856583,-552.720276,-0.002113,-0.001644,-0.041766,221.773163,11.297663,-0.417656,-552.720276,-0.043049,0.000000
147.910004,49.842056,-552.764771,-0.002044,-0.001644,-0.041766,221.708542,11.294372,-0.417656,-552.764771,-0.043066,0.000000
147.920013,49.832001,-552.809265,-0.002070,-0.001644,-0.041766,221.663803,11.292092,-0.417656,-552.809265,-0.043084,0.000000
147.930008,49.822693,-552.764771,-0.002082,-0.001644,-0.041766,221.622406,11.289984,-0.417656,-552.764771,-0.043101,0.000000
147.940002,49.811905,-552.809265,-0.002061,-0.001645,-0.041774,221.574417,11.287539,-0.417743,-552.809265,-0.043118,0.000000
147.950012,49.798492,-552.720276,-0.002082,-0.001647,-0.041835,221.514755,11.284499,-0.418350,-552.720276,-0.043127,0.000000
147.960007,49.734070,-552.764771,-0.002100,-0.001651,-0.041930,221.228195,11.269901,-0.419304,-552.764771,-0.043144,0.000000
147.970001,49.544159,-552.764771,-0.002113,-0.001653,-0.041991,220.383423,11.226867,-0.419911,-552.764771,-0.043162,0.000000
147.980011,49.311066,-552.675842,-0.002126,-0.001656,-0.042060,219.346573,11.174047,-0.420604,-552.675842,-0.043179,0.000000
147.990005,49.082047,-552.853760,-0.002078,-0.001657,-0.042078,218.327850,11.122151,-0.420778,-552.853760,-0.043197,0.000000
148.000000,48.916336,-552.720276,-0.002108,-0.001657,-0.042078,217.590729,11.084600,-0.420778,-552.720276,-0.043214,0.000000
148.010010,48.832932,-552.764771,-0.002074,-0.001657,-0.042078,217.219727,11.065701,-0.420778,-552.764771,-0.043231,0.000000
148.020004,48.797180,-552.809265,-0.002095,-0.001657,-0.042078,217.060699,11.057599,-0.420778,-552.809265,-0.043249,0.000000
148.030014,48.756973,-552.720276,-0.002173,-0.001657,-0.042078,216.881851,11.048488,-0.420778,-552.720276,-0.043266,0.000000
148.040009,48.732391,-552.853760,-0.002182,-0.001657,-0.042078,216.772507,11.042918,-0.420778,-552.853760,-0.043283,0.000000
148.050003,48.703720,-552.764771,-0.002156,-0.001657,-0.042078,216.644974,11.036421,-0.420778,-552.764771,-0.043301,0.000000
148.060013,48.681747,-552.809265,-0.002169,-0.001657,-0.042078,216.547226,11.031442,-0.420778,-552.809265,-0.043318,0.000000
148.070007,48.666855,-552.809265,-0.002151,-0.001657,-0.042078,216.480988,11.028067,-0.420778,-552.809265,-0.043327,0.000000
148.080002,48.640045,-552.675842,-0.002190,-0.001657,-0.042078,216.361725,11.021992,-0.420778,-552.675842,-0.043344,0.000000
148.090012,48.618073,-552.853760,-0.002173,-0.001657,-0.042078,216.263992,11.017013,-0.420778,-552.853760,-0.043361,0.000000
148.100006,48.605789,-552.720276,-0.002147,-0.001657,-0.042078,216.209351,11.014230,-0.420778,-552.720276,-0.043379,0.000000
148.110001,48.585678,-552.809265,-0.002134,-0.001657,-0.042078,216.119888,11.009672,-0.420778,-552.809265,-0.043396,0.000000
148.120010,48.586792,-552.853760,-0.002130,-0.001657,-0.042095,216.124847,11.009925,-0.420951,-552.853760,-0.043413,0.000000
148.130005,48.566315,-552.720276,-0.002139,-0.001659,-0.042147,216.033752,11.005284,-0.421472,-552.720276,-0.043431,0.000000
148.140015,48.492950,-552.853760,-0.002065,-0.001662,-0.042208,215.707413,10.988659,-0.422079,-552.853760,-0.043448,0.000000
148.150009,48.352203,-552.720276,-0.002057,-0.001662,-0.042217,215.081345,10.956766,-0.422165,-552.720276,-0.043465,0.000000
148.160004,48.222244,-552.764771,-0.002078,-0.001662,-0.042217,214.503250,10.927317,-0.422165,-552.764771,-0.043483,0.000000
148.170013,48.152603,-552.809265,-0.002113,-0.001662,-0.042225,214.193481,10.911535,-0.422252,-552.809265,-0.043500,0.000000
148.180008,48.117233,-552.764771,-0.002113,-0.001662,-0.042225,214.036148,10.903521,-0.422252,-552.764771,-0.043517,0.000000
148.190002,48.088928,-552.853760,-0.002108,-0.001662,-0.042225,213.910233,10.897107,-0.422252,-552.853760,-0.043535,0.000000
148.200012,48.068085,-552.720276,-0.002057,-0.001662,-0.042225,213.817520,10.892384,-0.422252,-552.720276,-0.043543,0.000000
148.210007,48.044617,-552.809265,-0.002061,-0.001662,-0.042225,213.713135,10.887066,-0.422252,-552.809265,-0.043561,0.000000
148.220001,48.030838,-552.809265,-0.002100,-0.001662,-0.042225,213.651840,10.883944,-0.422252,-552.809265,-0.043578,0.000000
148.230011,48.013336,-552.720276,-0.002078,-0.001663,-0.042234,213.573990,10.879977,-0.422339,-552.720276,-0.043595,0.000000
148.240005,47.995087,-552.853760,-0.002151,-0.001663,-0.042251,213.492813,10.875842,-0.422512,-552.853760,-0.043613,0.000000
148.250000,47.964554,-552.720276,-0.002108,-0.001665,-0.042303,213.356995,10.868923,-0.423033,-552.720276,-0.043630,0.000000
148.260010,47.891205,-552.764771,-0.002091,-0.001667,-0.042338,213.030716,10.852303,-0.423380,-552.764771,-0.043647,0.000000
148.270004,47.763474,-552.853760,-0.002095,-0.001668,-0.042373,212.462540,10.823358,-0.423726,-552.853760,-0.043665,0.000000
148.280014,47.646561,-552.675842,-0.002074,-0.001670,-0.042425,211.942490,10.796865,-0.424247,-552.675842,-0.043682,0.000000
148.290009,47.509888,-552.809265,-0.002147,-0.001673,-0.042485,211.334534,10.765894,-0.424854,-552.809265,-0.043700,0.000000
148.300003,47.326691,-552.720276,-0.002169,-0.001674,-0.042529,210.519638,10.724381,-0.425287,-552.720276,-0.043717,0.000000
148.310013,47.152039,-552.764771,-0.002186,-0.001675,-0.042537,209.742737,10.684805,-0.425374,-552.764771,-0.043734,0.000000
148.320007,47.022079,-552.809265,-0.002173,-0.001675,-0.042537,209.164658,10.655355,-0.425374,-552.809265,-0.043752,0.000000
148.330002,46.959900,-552.720276,-0.002160,-0.001675,-0.042537,208.888062,10.641266,-0.425374,-552.720276,-0.043760,0.000000
148.340012,46.911484,-552.853760,-0.002134,-0.001675,-0.042546,208.672699,10.630295,-0.425461,-552.853760,-0.043778,0.000000
148.350006,46.865311,-552.720276,-0.002100,-0.001676,-0.042581,208.467316,10.619832,-0.425808,-552.720276,-0.043795,0.000000
148.360001,46.812805,-552.809265,-0.002065,-0.001678,-0.042633,208.233765,10.607933,-0.426328,-552.809265,-0.043812,0.000000
148.370010,46.700348,-552.809265,-0.002117,-0.001680,-0.042668,207.733521,10.582450,-0.426675,-552.809265,-0.043830,0.000000
148.380005,46.557358,-552.720276,-0.002078,-0.001681,-0.042694,207.097473,10.550048,-0.426935,-552.720276,-0.043847,0.000000
148.390015,46.436340,-552.898193,-0.002082,-0.001682,-0.042720,206.559158,10.522625,-0.427195,-552.898193,-0.043864,0.000000
148.400009,46.338409,-552.720276,-0.002065,-0.001682,-0.042728,206.123535,10.500434,-0.427282,-552.720276,-0.043882,0.000000
148.410004,46.241959,-552.720276,-0.002070,-0.001683,-0.042737,205.694504,10.478578,-0.427369,-552.720276,-0.043899,0.000000
148.420013,46.168228,-552.853760,-0.002074,-0.001683,-0.042746,205.366531,10.461870,-0.427456,-552.853760,-0.043916,0.000000
148.430008,46.129501,-552.720276,-0.002100,-0.001684,-0.042772,205.194275,10.453094,-0.427716,-552.720276,-0.043934,0.000000
148.440002,46.059128,-552.853760,-0.002074,-0.001685,-0.042806,204.881226,10.437147,-0.428063,-552.853760,-0.043951,0.000000
148.450012,45.972366,-552.675842,-0.002087,-0.001687,-0.042841,204.495300,10.417487,-0.428410,-552.675842,-0.043968,0.000000
148.460007,45.833466,-552.809265,-0.002078,-0.001688,-0.042876,203.877441,10.386012,-0.428756,-552.809265,-0.043977,0.000000
148.470001,45.711700,-552.853760,-0.002117,-0.001689,-0.042910,203.335800,10.358419,-0.429103,-552.853760,-0.043994,0.000000
148.480011,45.584732,-552.675842,-0.002156,-0.001690,-0.042936,202.771011,10.329648,-0.429363,-552.675842,-0.044012,0.000000
148.490005,45.448807,-552.853760,-0.002139,-0.001691,-0.042962,202.166382,10.298847,-0.429624,-552.853760,-0.044029,0.000000
148.500000,45.346405,-552.764771,-0.002108,-0.001692,-0.042988,201.710876,10.275642,-0.429884,-552.764771,-0.044046,0.000000
148.510010,45.236938,-552.809265,-0.002126,-0.001693,-0.043006,201.223953,10.250836,-0.430057,-552.809265,-0.044064,0.000000
148.520004,45.153519,-552.809265,-0.002126,-0.001693,-0.043014,200.852890,10.231934,-0.430144,-552.809265,-0.044081,0.000000
148.530014,45.073090,-552.720276,-0.002074,-0.001694,-0.043023,200.495117,10.213708,-0.430231,-552.720276,-0.044098,0.000000
148.540009,45.019089,-552.809265,-0.002070,-0.001694,-0.043032,200.254913,10.201471,-0.430317,-552.809265,-0.044116,0.000000
148.550003,44.971436,-552.720276,-0.002065,-0.001695,-0.043040,200.042938,10.190673,-0.430404,-552.720276,-0.044133,0.000000
148.560013,44.908875,-552.764771,-0.002065,-0.001695,-0.043049,199.764648,10.176497,-0.430491,-552.764771,-0.044150,0.000000
148.570007,44.866043,-552.809265,-0.002035,-0.001696,-0.043066,199.574127,10.166791,-0.430664,-552.809265,-0.044168,0.000000
148.580002,44.820618,-552.720276,-0.002052,-0.001696,-0.043084,199.372070,10.156497,-0.430838,-552.720276,-0.044185,0.000000
148.590012,44.753967,-552.809265,-0.002104,-0.001697,-0.043101,199.075592,10.141394,-0.431011,-552.809265,-0.044194,0.000000
148.600006,44.701462,-552.764771,-0.002108,-0.001698,-0.043118,198.842026,10.129497,-0.431185,-552.764771,-0.044211,0.000000
148.610001,44.616562,-552.720276,-0.002087,-0.001699,-0.043144,198.464386,10.110257,-0.431445,-552.720276,-0.044229,0.000000
148.620010,44.526077,-552.853760,-0.002057,-0.001700,-0.043170,198.061890,10.089754,-0.431705,-552.853760,-0.044246,0.000000
148.630005,44.448990,-552.720276,-0.002082,-0.001701,-0.043197,197.718979,10.072286,-0.431965,-552.720276,-0.044263,0.000000
148.640015,44.351425,-552.809265,-0.002104,-0.001701,-0.043205,197.284988,10.050177,-0.432052,-552.809265,-0.044281,0.000000
148.650009,44.270996,-552.809265,-0.002091,-0.001701,-0.043214,196.927231,10.031951,-0.432139,-552.809265,-0.044298,0.000000
148.660004,44.200241,-552.809265,-0.002057,-0.001701,-0.043214,196.612488,10.015918,-0.432139,-552.809265,-0.044315,0.000000
148.670013,44.165237,-552.764771,-0.002039,-0.001702,-0.043223,196.456787,10.007985,-0.432225,-552.764771,-0.044333,0.000000
148.680008,44.148865,-552.720276,-0.002082,-0.001702,-0.043223,196.383957,10.004276,-0.432225,-552.720276,-0.044350,0.000000
148.690002,44.110870,-552.898193,-0.002070,-0.001702,-0.043231,196.214951,9.995667,-0.432312,-552.898193,-0.044367,0.000000
148.700012,44.084808,-552.809265,-0.002070,-0.001702,-0.043231,196.099014,9.989760,-0.432312,-552.809265,-0.044385,0.000000
148.710007,44.057251,-552.809265,-0.002065,-0.001702,-0.043240,195.976440,9.983516,-0.432399,-552.809265,-0.044402,0.000000
148.720001,44.022247,-552.898193,-0.002070,-0.001703,-0.043249,195.820740,9.975584,-0.432485,-552.898193,-0.044411,0.000000
148.730011,43.985382,-552.720276,-0.002061,-0.001703,-0.043266,195.656754,9.967230,-0.432659,-552.720276,-0.044428,0.000000
148.740005,43.953735,-552.809265,-0.002108,-0.001704,-0.043292,195.515976,9.960059,-0.432919,-552.809265,-0.044445,0.000000
148.750000,43.893784,-552.809265,-0.002126,-0.001705,-0.043318,195.249298,9.946474,-0.433179,-552.809265,-0.044463,0.000000
148.760010,43.806274,-552.853760,-0.002091,-0.001707,-0.043370,194.860046,9.926644,-0.433700,-552.853760,-0.044480,0.000000
148.770004,43.659195,-552.809265,-0.002070,-0.001710,-0.043422,194.205795,9.893315,-0.434220,-552.809265,-0.044497,0.000000
148.780014,43.467041,-552.720276,-0.002095,-0.001712,-0.043474,193.351059,9.849772,-0.434740,-552.720276,-0.044515,0.000000
148.790009,43.277878,-552.853760,-0.002151,-0.001714,-0.043526,192.509613,9.806907,-0.435261,-552.853760,-0.044532,0.000000
148.800003,43.093552,-552.809265,-0.002160,-0.001716,-0.043578,191.689697,9.765138,-0.435781,-552.809265,-0.044549,0.000000
148.810013,42.905502,-552.853760,-0.002151,-0.001717,-0.043621,190.853210,9.722526,-0.436215,-552.853760,-0.044567,0.000000
148.820007,42.721558,-552.809265,-0.002186,-0.001718,-0.043647,190.034973,9.680843,-0.436475,-552.809265,-0.044584,0.000000
148.830002,42.580795,-552.720276,-0.002147,-0.001719,-0.043665,189.408844,9.648946,-0.436648,-552.720276,-0.044601,0.000000
148.840012,42.485092,-552.898193,-0.002078,-0.001720,-0.043682,188.983124,9.627259,-0.436822,-552.898193,-0.044610,0.000000
148.850006,42.380463,-552.720276,-0.002057,-0.001720,-0.043700,188.517715,9.603550,-0.436995,-552.720276,-0.044627,0.000000
148.860001,42.313431,-552.809265,-0.002113,-0.001720,-0.043700,188.219543,9.588361,-0.436995,-552.809265,-0.044645,0.000000
148.870010,42.240829,-552.764771,-0.002186,-0.001721,-0.043708,187.896591,9.571908,-0.437082,-552.764771,-0.044662,0.000000
148.880005,42.192780,-552.720276,-0.002134,-0.001721,-0.043717,187.682861,9.561021,-0.437168,-552.720276,-0.044679,0.000000
148.890015,42.127243,-552.853760,-0.002151,-0.001723,-0.043760,187.391342,9.546169,-0.437602,-552.853760,-0.044697,0.000000
148.900009,42.068420,-552.764771,-0.002169,-0.001724,-0.043786,187.129684,9.532841,-0.437862,-552.764771,-0.044714,0.000000
148.910004,41.962662,-552.853760,-0.002169,-0.001724,-0.043795,186.659241,9.508875,-0.437949,-552.853760,-0.044732,0.000000
148.920013,41.869202,-552.898193,-0.002156,-0.001724,-0.043795,186.243515,9.487697,-0.437949,-552.898193,-0.044749,0.000000
148.930008,41.825623,-552.675842,-0.002108,-0.001724,-0.043795,186.049667,9.477821,-0.437949,-552.675842,-0.044766,0.000000
148.940002,41.777969,-552.853760,-0.002104,-0.001724,-0.043795,185.837692,9.467023,-0.437949,-552.853760,-0.044784,0.000000
148.950012,41.741470,-552.720276,-0.002147,-0.001724,-0.043795,185.675339,9.458753,-0.437949,-552.720276,-0.044801,0.000000
148.960007,41.712799,-552.809265,-0.002130,-0.001724,-0.043795,185.547791,9.452255,-0.437949,-552.809265,-0.044818,0.000000
148.970001,41.688217,-552.809265,-0.002134,-0.001724,-0.043795,185.438446,9.446686,-0.437949,-552.809265,-0.044827,0.000000
148.980011,41.684494,-552.675842,-0.002022,-0.001724,-0.043795,185.421890,9.445841,-0.437949,-552.675842,-0.044844,0.000000
148.990005,41.659927,-552.853760,-0.002044,-0.001724,-0.043795,185.312607,9.440274,-0.437949,-552.853760,-0.044862,0.000000
149.000000,41.653595,-552.809265,-0.002044,-0.001724,-0.043795,185.284439,9.438840,-0.437949,-552.809265,-0.044879,0.000000
149.010010,41.642792,-552.809265,-0.002057,-0.001724,-0.043795,185.236389,9.436392,-0.437949,-552.809265,-0.044896,0.000000
149.020004,41.640564,-552.853760,-0.002039,-0.001724,-0.043795,185.226486,9.435886,-0.437949,-552.853760,-0.044914,0.000000
149.030014,41.637573,-552.720276,-0.002070,-0.001724,-0.043795,185.213181,9.435208,-0.437949,-552.720276,-0.044931,0.000000
149.040009,41.620453,-552.853760,-0.002082,-0.001724,-0.043795,185.137024,9.431329,-0.437949,-552.853760,-0.044948,0.000000
149.050003,41.604065,-552.764771,-0.002134,-0.001724,-0.043795,185.064117,9.427616,-0.437949,-552.764771,-0.044966,0.000000
149.060013,41.595871,-552.853760,-0.002177,-0.001724,-0.043795,185.027679,9.425758,-0.437949,-552.853760,-0.044983,0.000000
149.070007,41.581345,-552.809265,-0.002173,-0.001724,-0.043795,184.963058,9.422467,-0.437949,-552.809265,-0.045000,0.000000
149.080002,41.573166,-552.764771,-0.002160,-0.001724,-0.043795,184.926682,9.420614,-0.437949,-552.764771,-0.045018,0.000000
149.090012,41.561249,-552.853760,-0.002121,-0.001724,-0.043795,184.873672,9.417914,-0.437949,-552.853760,-0.045035,0.000000
149.100006,41.541504,-552.809265,-0.002134,-0.001724,-0.043795,184.785843,9.413440,-0.437949,-552.809265,-0.045044,0.000000
149.110001,41.530334,-552.809265,-0.002113,-0.001724,-0.043795,184.736160,9.410909,-0.437949,-552.809265,-0.045061,0.000000
149.120010,41.513199,-552.942688,-0.002061,-0.001726,-0.043838,184.659927,9.407025,-0.438383,-552.942688,-0.045078,0.000000
149.130005,41.501297,-552.720276,-0.002026,-0.001729,-0.043916,184.606995,9.404328,-0.439163,-552.720276,-0.045096,0.000000
149.140015,41.380264,-552.853760,-0.002035,-0.001732,-0.043986,184.068604,9.376902,-0.439857,-552.853760,-0.045113,0.000000
149.150009,41.143448,-552.809265,-0.002052,-0.001733,-0.044020,183.015198,9.323239,-0.440204,-552.809265,-0.045130,0.000000
149.160004,40.954651,-552.809265,-0.002052,-0.001735,-0.044064,182.175385,9.280457,-0.440637,-552.809265,-0.045148,0.000000
149.170013,40.791550,-552.809265,-0.002082,-0.001735,-0.044072,181.449875,9.243497,-0.440724,-552.809265,-0.045165,0.000000
149.180008,40.669785,-552.809265,-0.002095,-0.001736,-0.044090,180.908234,9.215905,-0.440898,-552.809265,-0.045182,0.000000
149.190002,40.598663,-552.853760,-0.002082,-0.001736,-0.044098,180.591873,9.199789,-0.440984,-552.853760,-0.045200,0.000000
149.200012,40.527542,-552.764771,-0.002061,-0.001736,-0.044098,180.275513,9.183672,-0.440984,-552.764771,-0.045217,0.000000
149.210007,40.487686,-552.809265,-0.002044,-0.001736,-0.044098,180.098221,9.174641,-0.440984,-552.809265,-0.045234,0.000000
149.220001,40.464600,-552.809265,-0.002061,-0.001736,-0.044098,179.995529,9.169409,-0.440984,-552.809265,-0.045252,0.000000
149.230011,40.438171,-552.764771,-0.002070,-0.001736,-0.044098,179.877975,9.163421,-0.440984,-552.764771,-0.045261,0.000000
149.240005,40.418808,-552.898193,-0.002078,-0.001736,-0.044098,179.791840,9.159033,-0.440984,-552.898193,-0.045278,0.000000
149.250000,40.394226,-552.764771,-0.002182,-0.001736,-0.044107,179.682495,9.153462,-0.441071,-552.764771,-0.045295,0.000000
149.260010,40.366669,-552.809265,-0.002169,-0.001738,-0.044142,179.559906,9.147218,-0.441418,-552.809265,-0.045313,0.000000
149.270004,40.325714,-552.853760,-0.002186,-0.001741,-0.044211,179.377731,9.137938,-0.442112,-552.853760,-0.045330,0.000000
149.280014,40.208420,-552.764771,-0.002139,-0.001743,-0.044272,178.855988,9.111358,-0.442719,-552.764771,-0.045347,0.000000
149.290009,40.006958,-552.853760,-0.002074,-0.001744,-0.044307,177.959839,9.065706,-0.443066,-552.853760,-0.045365,0.000000
149.300003,39.824493,-552.764771,-0.002044,-0.001745,-0.044333,177.148193,9.024360,-0.443326,-552.764771,-0.045382,0.000000
149.310013,39.700119,-552.853760,-0.002074,-0.001745,-0.044333,176.594955,8.996176,-0.443326,-552.853760,-0.045399,0.000000
149.320007,39.612244,-552.853760,-0.002052,-0.001745,-0.044333,176.204056,8.976263,-0.443326,-552.853760,-0.045417,0.000000
149.330002,39.566818,-552.764771,-0.002078,-0.001745,-0.044333,176.001999,8.965969,-0.443326,-552.764771,-0.045434,0.000000
149.340012,39.530701,-552.853760,-0.002057,-0.001745,-0.044333,175.841339,8.957785,-0.443326,-552.853760,-0.045451,0.000000
149.350006,39.512451,-552.764771,-0.002065,-0.001745,-0.044333,175.760162,8.953650,-0.443326,-552.764771,-0.045469,0.000000
149.360001,39.497925,-552.853760,-0.002026,-0.001745,-0.044333,175.695541,8.950357,-0.443326,-552.853760,-0.045477,0.000000
149.370010,39.472610,-552.853760,-0.002031,-0.001745,-0.044333,175.582947,8.944621,-0.443326,-552.853760,-0.045495,0.000000
149.380005,39.458832,-552.809265,-0.002035,-0.001745,-0.044333,175.521652,8.941499,-0.443326,-552.809265,-0.045512,0.000000
149.390015,39.444672,-552.898193,-0.002057,-0.001745,-0.044333,175.458664,8.938291,-0.443326,-552.898193,-0.045529,0.000000
149.400009,39.427551,-552.809265,-0.002061,-0.001745,-0.044333,175.382507,8.934410,-0.443326,-552.809265,-0.045547,0.000000
149.410004,39.405945,-552.764771,-0.002044,-0.001745,-0.044333,175.286392,8.929515,-0.443326,-552.764771,-0.045564,0.000000
149.420013,39.389572,-552.898193,-0.002070,-0.001745,-0.044333,175.213562,8.925805,-0.443326,-552.898193,-0.045581,0.000000
149.430008,39.362015,-552.764771,-0.002065,-0.001745,-0.044333,175.090988,8.919560,-0.443326,-552.764771,-0.045599,0.000000
149.440002,39.359039,-552.853760,-0.002108,-0.001745,-0.044333,175.077744,8.918885,-0.443326,-552.853760,-0.045616,0.000000
149.450012,39.344879,-552.764771,-0.002126,-0.001745,-0.044333,175.014771,8.915677,-0.443326,-552.764771,-0.045633,0.000000
149.460007,39.334824,-552.853760,-0.002147,-0.001745,-0.044333,174.970032,8.913399,-0.443326,-552.853760,-0.045651,0.000000
149.470001,39.339676,-552.809265,-0.002143,-0.001745,-0.044333,174.991623,8.914497,-0.443326,-552.809265,-0.045668,0.000000
149.480011,39.324036,-552.764771,-0.002147,-0.001745,-0.044333,174.922043,8.910954,-0.443326,-552.764771,-0.045677,0.000000
149.490005,39.313980,-552.898193,-0.002156,-0.001745,-0.044333,174.877319,8.908675,-0.443326,-552.898193,-0.045694,0.000000
149.500000,39.310989,-552.764771,-0.002156,-0.001745,-0.044333,174.864014,8.907998,-0.443326,-552.764771,-0.045711,0.000000
149.510010,39.309128,-552.764771,-0.002130,-0.001745,-0.044333,174.855728,8.907576,-0.443326,-552.764771,-0.045729,0.000000
149.520004,39.301682,-552.853760,-0.002151,-0.001745,-0.044333,174.822617,8.905889,-0.443326,-552.853760,-0.045746,0.000000
149.530014,39.286423,-552.720276,-0.002156,-0.001748,-0.044411,174.754730,8.902431,-0.444106,-552.720276,-0.045764,0.000000
149.540009,39.232422,-552.898193,-0.002164,-0.001753,-0.044532,174.514526,8.890194,-0.445320,-552.898193,-0.045781,0.000000
149.550003,38.952026,-552.764771,-0.002147,-0.001758,-0.044662,173.267273,8.826655,-0.446621,-552.764771,-0.045798,0.000000
149.560013,38.533112,-552.853760,-0.002173,-0.001762,-0.044749,171.403839,8.731728,-0.447488,-552.853760,-0.045816,0.000000
149.570007,38.138016,-552.853760,-0.002160,-0.001764,-0.044818,169.646362,8.642198,-0.448182,-552.853760,-0.045833,0.000000
149.580002,37.836395,-552.720276,-0.002117,-0.001765,-0.044836,168.304687,8.573850,-0.448356,-552.720276,-0.045850,0.000000
149.590012,37.647980,-552.853760,-0.002087,-0.001765,-0.044836,167.466583,8.531154,-0.448356,-552.853760,-0.045868,0.000000
149.600006,37.567169,-552.809265,-0.002044,-0.001765,-0.044836,167.107117,8.512842,-0.448356,-552.809265,-0.045885,0.000000
149.610001,37.518402,-552.809265,-0.002039,-0.001765,-0.044836,166.890182,8.501791,-0.448356,-552.809265,-0.045894,0.000000
149.620010,37.479675,-552.853760,-0.002082,-0.001765,-0.044836,166.717926,8.493016,-0.448356,-552.853760,-0.045911,0.000000
149.630005,37.459564,-552.764771,-0.002139,-0.001765,-0.044836,166.628464,8.488459,-0.448356,-552.764771,-0.045928,0.000000
149.640015,37.420837,-552.853760,-0.002164,-0.001765,-0.044836,166.456192,8.479683,-0.448356,-552.853760,-0.045946,0.000000
149.650009,37.404816,-552.809265,-0.002164,-0.001765,-0.044836,166.384933,8.476052,-0.448356,-552.809265,-0.045963,0.000000
149.660004,37.387695,-552.853760,-0.002190,-0.001765,-0.044836,166.308777,8.472173,-0.448356,-552.853760,-0.045980,0.000000
149.670013,37.372421,-552.853760,-0.002182,-0.001765,-0.044836,166.240829,8.468712,-0.448356,-552.853760,-0.045998,0.000000
149.680008,37.348221,-552.764771,-0.002164,-0.001765,-0.044836,166.133179,8.463228,-0.448356,-552.764771,-0.046015,0.000000
149.690002,37.331085,-552.853760,-0.002143,-0.001765,-0.044836,166.056961,8.459345,-0.448356,-552.853760,-0.046032,0.000000
149.700012,37.313217,-552.809265,-0.002087,-0.001765,-0.044836,165.977478,8.455296,-0.448356,-552.809265,-0.046050,0.000000
149.710007,37.304276,-552.853760,-0.002108,-0.001766,-0.044844,165.937698,8.453269,-0.448442,-552.853760,-0.046067,0.000000
149.720001,37.284912,-552.853760,-0.002130,-0.001766,-0.044844,165.851578,8.448882,-0.448442,-552.853760,-0.046084,0.000000
149.730011,37.276718,-552.720276,-0.002104,-0.001766,-0.044844,165.815125,8.447025,-0.448442,-552.720276,-0.046102,0.000000
149.740005,37.263687,-552.898193,-0.002151,-0.001766,-0.044844,165.757156,8.444072,-0.448442,-552.898193,-0.046110,0.000000
149.750000,37.244705,-552.853760,-0.002143,-0.001766,-0.044844,165.672729,8.439771,-0.448442,-552.853760,-0.046128,0.000000
149.760010,37.233154,-552.898193,-0.002108,-0.001766,-0.044844,165.621338,8.437153,-0.448442,-552.898193,-0.046145,0.000000
149.770004,37.216034,-552.853760,-0.002091,-0.001766,-0.044844,165.545181,8.433274,-0.448442,-552.853760,-0.046162,0.000000
149.780014,37.201508,-552.764771,-0.002082,-0.001766,-0.044844,165.480576,8.429982,-0.448442,-552.764771,-0.046180,0.000000
149.790009,37.196289,-552.898193,-0.002057,-0.001766,-0.044844,165.457352,8.428800,-0.448442,-552.898193,-0.046197,0.000000
149.800003,37.188095,-552.809265,-0.002070,-0.001766,-0.044853,165.420914,8.426943,-0.448529,-552.809265,-0.046214,0.000000
149.810013,37.174698,-552.853760,-0.002074,-0.001769,-0.044931,165.361313,8.423907,-0.449310,-552.853760,-0.046232,0.000000
149.820007,37.103195,-552.898193,-0.002082,-0.001774,-0.045052,165.043259,8.407703,-0.450524,-552.898193,-0.046249,0.000000
149.830002,36.805298,-552.809265,-0.002061,-0.001776,-0.045113,163.718140,8.340199,-0.451131,-552.809265,-0.046266,0.000000
149.840012,36.492874,-552.853760,-0.002100,-0.001777,-0.045139,162.328415,8.269403,-0.451391,-552.853760,-0.046284,0.000000
149.850006,36.310425,-552.809265,-0.002130,-0.001777,-0.045139,161.516830,8.228060,-0.451391,-552.809265,-0.046301,0.000000
149.860001,36.226639,-552.809265,-0.002147,-0.001777,-0.045139,161.144135,8.209074,-0.451391,-552.809265,-0.046319,0.000000
149.870010,36.160721,-552.853760,-0.002143,-0.001777,-0.045139,160.850922,8.194137,-0.451391,-552.853760,-0.046327,0.000000
149.880005,36.119766,-552.809265,-0.002164,-0.001777,-0.045139,160.668747,8.184856,-0.451391,-552.809265,-0.046345,0.000000
149.890015,36.101151,-552.853760,-0.002139,-0.001777,-0.045139,160.585937,8.180638,-0.451391,-552.853760,-0.046362,0.000000
149.900009,36.074341,-552.764771,-0.002121,-0.001777,-0.045139,160.466675,8.174562,-0.451391,-552.764771,-0.046379,0.000000
149.910004,36.045654,-552.853760,-0.002130,-0.001777,-0.045148,160.339081,8.168062,-0.451478,-552.853760,-0.046397,0.000000
149.920013,36.018845,-552.853760,-0.002121,-0.001777,-0.045148,160.219818,8.161987,-0.451478,-552.853760,-0.046414,0.000000
149.930008,35.999481,-552.764771,-0.002130,-0.001777,-0.045148,160.133698,8.157598,-0.451478,-552.764771,-0.046431,0.000000
149.940002,35.987564,-552.853760,-0.002113,-0.001777,-0.045148,160.080673,8.154899,-0.451478,-552.853760,-0.046449,0.000000
149.950012,35.979752,-552.809265,-0.002104,-0.001777,-0.045148,160.045929,8.153128,-0.451478,-552.809265,-0.046466,0.000000
149.960007,35.970810,-552.853760,-0.002091,-0.001777,-0.045148,160.006149,8.151102,-0.451478,-552.853760,-0.046483,0.000000
149.970001,35.962616,-552.853760,-0.002052,-0.001779,-0.045191,159.969711,8.149245,-0.451911,-552.853760,-0.046501,0.000000
149.980011,35.922409,-552.764771,-0.002026,-0.001781,-0.045243,159.790863,8.140134,-0.452432,-552.764771,-0.046518,0.000000
149.990005,35.813675,-552.853760,-0.002061,-0.001783,-0.045295,159.307190,8.115495,-0.452952,-552.853760,-0.046535,0.000000
150.000000,35.630463,-552.809265,-0.002052,-0.001785,-0.045330,158.492218,8.073978,-0.453299,-552.809265,-0.046544,0.000000
150.010010,35.483383,-552.853760,-0.002035,-0.001785,-0.045330,157.837967,8.040649,-0.453299,-552.853760,-0.046561,0.000000
150.020004,35.388428,-552.898193,-0.002061,-0.001785,-0.045330,157.415588,8.019133,-0.453299,-552.898193,-0.046579,0.000000
150.030014,35.347092,-552.764771,-0.002035,-0.001785,-0.045330,157.231720,8.009766,-0.453299,-552.764771,-0.046596,0.000000
150.040009,35.323257,-552.853760,-0.002078,-0.001785,-0.045330,157.125702,8.004365,-0.453299,-552.853760,-0.046613,0.000000
150.050003,35.290863,-552.809265,-0.002061,-0.001785,-0.045330,156.981598,7.997024,-0.453299,-552.809265,-0.046631,0.000000
150.060013,35.256226,-552.853760,-0.002065,-0.001785,-0.045330,156.827530,7.989175,-0.453299,-552.853760,-0.046648,0.000000
150.070007,35.241333,-552.898193,-0.002070,-0.001785,-0.045330,156.761276,7.985800,-0.453299,-552.898193,-0.046665,0.000000
150.080002,35.228683,-552.764771,-0.002104,-0.001785,-0.045330,156.705017,7.982934,-0.453299,-552.764771,-0.046683,0.000000
150.090012,35.223465,-552.898193,-0.002100,-0.001785,-0.045339,156.681793,7.981751,-0.453386,-552.898193,-0.046700,0.000000
150.100006,35.188828,-552.809265,-0.002070,-0.001786,-0.045365,156.527725,7.973902,-0.453646,-552.809265,-0.046717,0.000000
150.110001,35.144897,-552.853760,-0.002061,-0.001787,-0.045382,156.332306,7.963948,-0.453819,-552.853760,-0.046735,0.000000
150.120010,35.098724,-552.853760,-0.002061,-0.001788,-0.045408,156.126923,7.953485,-0.454079,-552.853760,-0.046752,0.000000
150.130005,35.038391,-552.764771,-0.002070,-0.001789,-0.045434,155.858551,7.939813,-0.454340,-552.764771,-0.046761,0.000000
150.140015,34.949402,-552.853760,-0.002074,-0.001789,-0.045451,155.462708,7.919648,-0.454513,-552.853760,-0.046778,0.000000
150.150009,34.867844,-552.764771,-0.002057,-0.001790,-0.045469,155.099915,7.901166,-0.454686,-552.764771,-0.046795,0.000000
150.160004,34.798584,-552.853760,-0.002070,-0.001790,-0.045469,154.791840,7.885472,-0.454686,-552.853760,-0.046813,0.000000
150.170013,34.748322,-552.853760,-0.002065,-0.001790,-0.045469,154.568253,7.874082,-0.454686,-552.853760,-0.046830,0.000000
150.180008,34.693954,-552.764771,-0.002065,-0.001792,-0.045521,154.326416,7.861763,-0.455207,-552.764771,-0.046848,0.000000
150.190002,34.622452,-552.898193,-0.002048,-0.001795,-0.045581,154.008362,7.845560,-0.455814,-552.898193,-0.046865,0.000000
150.200012,34.470154,-552.720276,-0.002074,-0.001796,-0.045616,153.330902,7.811049,-0.456161,-552.720276,-0.046882,0.000000
150.210007,34.287689,-552.809265,-0.002139,-0.001797,-0.045633,152.519257,7.769701,-0.456334,-552.809265,-0.046900,0.000000
150.220001,34.185654,-552.853760,-0.002134,-0.001797,-0.045633,152.065384,7.746580,-0.456334,-552.853760,-0.046917,0.000000
150.230011,34.108582,-552.809265,-0.002173,-0.001797,-0.045642,151.722549,7.729115,-0.456421,-552.809265,-0.046934,0.000000
150.240005,34.055710,-552.853760,-0.002164,-0.001798,-0.045659,151.487366,7.717134,-0.456594,-552.853760,-0.046952,0.000000
150.250000,33.995010,-552.853760,-0.002182,-0.001798,-0.045668,151.217361,7.703380,-0.456681,-552.853760,-0.046960,0.000000
150.260010,33.938034,-552.764771,-0.002190,-0.001798,-0.045668,150.963913,7.690468,-0.456681,-552.764771,-0.046978,0.000000
150.270004,33.900055,-552.853760,-0.002164,-0.001798,-0.045677,150.794983,7.681862,-0.456768,-552.853760,-0.046995,0.000000
150.280014,33.877335,-552.764771,-0.002156,-0.001799,-0.045685,150.693909,7.676713,-0.456854,-552.764771,-0.047012,0.000000
150.290009,33.847168,-552.853760,-0.002117,-0.001799,-0.045703,150.559723,7.669878,-0.457028,-552.853760,-0.047030,0.000000
150.300003,33.802490,-552.853760,-0.002048,-0.001800,-0.045720,150.360992,7.659754,-0.457201,-552.853760,-0.047047,0.000000
150.310013,33.749985,-552.853760,-0.002057,-0.001800,-0.045729,150.127426,7.647856,-0.457288,-552.853760,-0.047064,0.000000
150.320007,33.686676,-552.853760,-0.002082,-0.001801,-0.045746,149.845825,7.633510,-0.457462,-552.853760,-0.047082,0.000000
150.330002,33.630081,-552.764771,-0.002104,-0.001801,-0.045755,149.594070,7.620685,-0.457548,-552.764771,-0.047099,0.000000
150.340012,33.576462,-552.898193,-0.002182,-0.001802,-0.045781,149.355560,7.608535,-0.457808,-552.898193,-0.047116,0.000000
150.350006,33.522095,-552.853760,-0.002143,-0.001804,-0.045824,149.113724,7.596215,-0.458242,-552.853760,-0.047134,0.000000
150.360001,33.414108,-552.809265,-0.002117,-0.001806,-0.045885,148.633377,7.571745,-0.458849,-552.809265,-0.047151,0.000000
150.370010,33.243927,-552.853760,-0.002082,-0.001809,-0.045954,147.876373,7.533182,-0.459543,-552.853760,-0.047168,0.000000
150.380005,33.018646,-552.764771,-0.002074,-0.001812,-0.046024,146.874268,7.482132,-0.460237,-552.764771,-0.047177,0.000000
150.390015,32.776978,-552.898193,-0.002074,-0.001814,-0.046084,145.799271,7.427369,-0.460844,-552.898193,-0.047194,0.000000
150.400009,32.518173,-552.853760,-0.002126,-0.001817,-0.046145,144.648056,7.368723,-0.461451,-552.853760,-0.047212,0.000000
150.410004,32.247086,-552.853760,-0.002139,-0.001818,-0.046188,143.442200,7.307294,-0.461884,-552.853760,-0.047229,0.000000
150.420013,32.027023,-552.809265,-0.002156,-0.001819,-0.046214,142.463318,7.257427,-0.462145,-552.809265,-0.047246,0.000000
150.430008,31.873230,-552.853760,-0.002104,-0.001820,-0.046232,141.779205,7.222578,-0.462318,-552.853760,-0.047264,0.000000
150.440002,31.755936,-552.942688,-0.002078,-0.001821,-0.046249,141.257462,7.195998,-0.462491,-552.942688,-0.047281,0.000000
150.450012,31.678101,-552.764771,-0.002082,-0.001821,-0.046258,140.911224,7.178360,-0.462578,-552.764771,-0.047298,0.000000
150.460007,31.595810,-552.853760,-0.002044,-0.001822,-0.046275,140.545181,7.159713,-0.462752,-552.853760,-0.047316,0.000000
150.470001,31.514633,-552.853760,-0.002100,-0.001822,-0.046275,140.184097,7.141318,-0.462752,-552.853760,-0.047333,0.000000
150.480011,31.464737,-552.764771,-0.002065,-0.001822,-0.046284,139.962143,7.130011,-0.462838,-552.764771,-0.047351,0.000000
150.490005,31.418182,-552.898193,-0.002061,-0.001823,-0.046301,139.755051,7.119462,-0.463012,-552.898193,-0.047368,0.000000
150.500000,31.354141,-552.764771,-0.002070,-0.001824,-0.046319,139.470184,7.104950,-0.463185,-552.764771,-0.047385,0.000000
150.510010,31.296799,-552.898193,-0.002100,-0.001824,-0.046327,139.215118,7.091956,-0.463272,-552.898193,-0.047394,0.000000
150.520004,31.243546,-552.898193,-0.002160,-0.001825,-0.046345,138.978226,7.079889,-0.463445,-552.898193,-0.047411,0.000000
150.530014,31.183594,-552.764771,-0.002186,-0.001825,-0.046353,138.711548,7.066303,-0.463532,-552.764771,-0.047429,0.000000
150.540009,31.120285,-552.942688,-0.002160,-0.001826,-0.046371,138.429947,7.051957,-0.463706,-552.942688,-0.047446,0.000000
150.550003,31.056992,-552.853760,-0.002160,-0.001826,-0.046388,138.148392,7.037615,-0.463879,-552.853760,-0.047463,0.000000
150.560013,30.985870,-552.853760,-0.002134,-0.001827,-0.046414,137.832031,7.021499,-0.464139,-552.853760,-0.047481,0.000000
150.570007,30.913620,-552.853760,-0.002091,-0.001828,-0.046431,137.510651,7.005126,-0.464313,-552.853760,-0.047498,0.000000
150.580002,30.836548,-552.764771,-0.002048,-0.001828,-0.046431,137.167816,6.987661,-0.464313,-552.764771,-0.047515,0.000000
150.590012,30.781067,-552.853760,-0.002070,-0.001828,-0.046431,136.921021,6.975089,-0.464313,-552.853760,-0.047533,0.000000
150.600006,30.741592,-552.764771,-0.002078,-0.001828,-0.046431,136.745438,6.966145,-0.464313,-552.764771,-0.047550,0.000000
150.610001,30.712921,-552.853760,-0.002100,-0.001828,-0.046440,136.617889,6.959647,-0.464399,-552.853760,-0.047567,0.000000
150.620010,30.676788,-552.853760,-0.002078,-0.001828,-0.046440,136.457169,6.951460,-0.464399,-552.853760,-0.047585,0.000000
150.630005,30.638809,-552.809265,-0.002091,-0.001829,-0.046449,136.288223,6.942853,-0.464486,-552.809265,-0.047602,0.000000
150.640015,30.628387,-552.898193,-0.002078,-0.001829,-0.046466,136.241867,6.940492,-0.464660,-552.898193,-0.047611,0.000000
150.650009,30.597473,-552.809265,-0.002082,-0.001830,-0.046483,136.104355,6.933486,-0.464833,-552.809265,-0.047628,0.000000
150.660004,30.543854,-552.853760,-0.002113,-0.001831,-0.046518,135.865845,6.921336,-0.465180,-552.853760,-0.047645,0.000000
150.670013,30.459335,-552.898193,-0.002108,-0.001832,-0.046544,135.489883,6.902184,-0.465440,-552.898193,-0.047663,0.000000
150.680008,30.346497,-552.809265,-0.002026,-0.001833,-0.046570,134.987961,6.876615,-0.465700,-552.809265,-0.047680,0.000000
150.690002,30.216919,-552.942688,-0.002078,-0.001834,-0.046596,134.411575,6.847252,-0.465960,-552.942688,-0.047697,0.000000
150.700012,30.114517,-552.764771,-0.002039,-0.001835,-0.046613,133.956070,6.824047,-0.466134,-552.764771,-0.047715,0.000000
150.710007,30.039291,-552.898193,-0.002147,-0.001836,-0.046631,133.621445,6.807001,-0.466307,-552.898193,-0.047732,0.000000
150.720001,29.958862,-552.853760,-0.002156,-0.001836,-0.046639,133.263672,6.788775,-0.466394,-552.853760,-0.047749,0.000000
150.730011,29.888489,-552.764771,-0.002143,-0.001836,-0.046639,132.950638,6.772828,-0.466394,-552.764771,-0.047767,0.000000
150.740005,29.846039,-552.898193,-0.002130,-0.001837,-0.046648,132.761810,6.763209,-0.466481,-552.898193,-0.047784,0.000000
150.750000,29.801727,-552.764771,-0.002117,-0.001837,-0.046657,132.564697,6.753168,-0.466567,-552.764771,-0.047801,0.000000
150.760010,29.767456,-552.853760,-0.002143,-0.001837,-0.046665,132.412262,6.745402,-0.466654,-552.853760,-0.047819,0.000000
150.770004,29.728363,-552.853760,-0.002151,-0.001838,-0.046683,132.238358,6.736543,-0.466828,-552.853760,-0.047827,0.000000
150.780014,29.678833,-552.809265,-0.002082,-0.001838,-0.046691,132.018036,6.725320,-0.466914,-552.809265,-0.047845,0.000000
150.790009,29.616272,-552.942688,-0.002091,-0.001839,-0.046700,131.739761,6.711143,-0.467001,-552.942688,-0.047862,0.000000
150.800003,29.579041,-552.809265,-0.002070,-0.001839,-0.046717,131.574142,6.702706,-0.467175,-552.809265,-0.047880,0.000000
150.810013,29.538818,-552.853760,-0.002065,-0.001840,-0.046726,131.395233,6.693592,-0.467261,-552.853760,-0.047897,0.000000
150.820007,29.490051,-552.853760,-0.002057,-0.001840,-0.046726,131.178299,6.682541,-0.467261,-552.853760,-0.047914,0.000000
150.830002,29.445724,-552.764771,-0.002070,-0.001840,-0.046735,130.981125,6.672496,-0.467348,-552.764771,-0.047932,0.000000
150.840012,29.417435,-552.898193,-0.002070,-0.001840,-0.046743,130.855286,6.666086,-0.467435,-552.898193,-0.047949,0.000000
150.850006,29.380569,-552.853760,-0.002070,-0.001840,-0.046743,130.691299,6.657732,-0.467435,-552.853760,-0.047966,0.000000
150.860001,29.337372,-552.809265,-0.002091,-0.001841,-0.046769,130.499146,6.647943,-0.467695,-552.809265,-0.047984,0.000000
150.870010,29.294556,-552.853760,-0.002130,-0.001843,-0.046804,130.308685,6.638241,-0.468042,-552.853760,-0.048001,0.000000
150.880005,29.234970,-552.809265,-0.002143,-0.001843,-0.046813,130.043640,6.624739,-0.468128,-552.809265,-0.048018,0.000000
150.890015,29.143738,-552.853760,-0.002169,-0.001843,-0.046813,129.637817,6.604065,-0.468128,-552.853760,-0.048027,0.000000
150.900009,29.107986,-552.898193,-0.002147,-0.001843,-0.046813,129.478790,6.595964,-0.468128,-552.898193,-0.048044,0.000000
150.910004,29.075592,-552.853760,-0.002195,-0.001843,-0.046813,129.334686,6.588623,-0.468128,-552.853760,-0.048062,0.000000
150.920013,29.039108,-552.898193,-0.002173,-0.001843,-0.046813,129.172409,6.580356,-0.468128,-552.898193,-0.048079,0.000000
150.930008,29.007080,-552.809265,-0.002139,-0.001843,-0.046813,129.029938,6.573098,-0.468128,-552.809265,-0.048096,0.000000
150.940002,29.000000,-552.987183,-0.002147,-0.001843,-0.046813,128.998444,6.571494,-0.468128,-552.987183,-0.048114,0.000000
150.950012,28.987335,-552.853760,-0.002169,-0.001843,-0.046813,128.942108,6.568624,-0.468128,-552.853760,-0.048131,0.000000
150.960007,28.972076,-552.898193,-0.002156,-0.001843,-0.046813,128.874237,6.565166,-0.468128,-552.898193,-0.048148,0.000000
150.970001,28.952713,-552.898193,-0.002177,-0.001843,-0.046813,128.788101,6.560778,-0.468128,-552.898193,-0.048166,0.000000
150.980011,28.949356,-552.809265,-0.002156,-0.001844,-0.046848,128.773163,6.560018,-0.468475,-552.809265,-0.048183,0.000000
150.990005,28.930374,-552.942688,-0.002160,-0.001847,-0.046908,128.688736,6.555717,-0.469082,-552.942688,-0.048200,0.000000
151.000000,28.827972,-552.764771,-0.002126,-0.001850,-0.046995,128.233231,6.532512,-0.469950,-552.764771,-0.048218,0.000000
151.010010,28.603790,-552.853760,-0.002139,-0.001854,-0.047082,127.236015,6.481711,-0.470817,-552.853760,-0.048235,0.000000
151.020004,28.293243,-552.942688,-0.002151,-0.001857,-0.047160,125.854630,6.411340,-0.471597,-552.942688,-0.048244,0.000000
151.030014,27.996460,-552.853760,-0.002143,-0.001858,-0.047186,124.534477,6.344089,-0.471857,-552.853760,-0.048261,0.000000
151.040009,27.762985,-552.898193,-0.002074,-0.001858,-0.047186,123.495926,6.291183,-0.471857,-552.898193,-0.048278,0.000000
151.050003,27.687759,-552.809265,-0.002065,-0.001858,-0.047186,123.161308,6.274136,-0.471857,-552.809265,-0.048296,0.000000
151.060013,27.635254,-552.853760,-0.002108,-0.001858,-0.047186,122.927750,6.262238,-0.471857,-552.853760,-0.048313,0.000000
151.070007,27.611420,-552.853760,-0.002061,-0.001858,-0.047186,122.821732,6.256837,-0.471857,-552.853760,-0.048330,0.000000
151.080002,27.595047,-552.809265,-0.002070,-0.001858,-0.047186,122.748901,6.253127,-0.471857,-552.809265,-0.048348,0.000000
151.090012,27.561523,-552.987183,-0.002070,-0.001858,-0.047186,122.599777,6.245531,-0.471857,-552.987183,-0.048365,0.000000
151.100006,27.535828,-552.809265,-0.002070,-0.001858,-0.047186,122.485481,6.239708,-0.471857,-552.809265,-0.048383,0.000000
151.110001,27.506409,-552.898193,-0.002074,-0.001858,-0.047186,122.354614,6.233041,-0.471857,-552.898193,-0.048400,0.000000
151.120010,27.483322,-552.853760,-0.002070,-0.001858,-0.047186,122.251923,6.227810,-0.471857,-552.853760,-0.048417,0.000000
151.130005,27.466568,-552.853760,-0.002065,-0.001858,-0.047186,122.177399,6.224013,-0.471857,-552.853760,-0.048435,0.000000
151.140015,27.456894,-552.898193,-0.002087,-0.001858,-0.047186,122.134361,6.221821,-0.471857,-552.898193,-0.048452,0.000000
151.150009,27.450562,-552.809265,-0.002087,-0.001858,-0.047186,122.106194,6.220386,-0.471857,-552.809265,-0.048461,0.000000
151.160004,27.433426,-552.898193,-0.002108,-0.001858,-0.047186,122.029976,6.216503,-0.471857,-552.898193,-0.048478,0.000000
151.170013,27.408112,-552.942688,-0.002082,-0.001858,-0.047186,121.917366,6.210767,-0.471857,-552.942688,-0.048495,0.000000
151.180008,27.408112,-552.809265,-0.002108,-0.001859,-0.047212,121.917366,6.210767,-0.472118,-552.809265,-0.048513,0.000000
151.190002,27.383163,-552.942688,-0.002104,-0.001862,-0.047290,121.806396,6.205113,-0.472898,-552.942688,-0.048530,0.000000
151.200012,27.256561,-552.764771,-0.002113,-0.001865,-0.047359,121.243240,6.176425,-0.473592,-552.764771,-0.048547,0.000000
151.210007,27.046158,-552.809265,-0.002126,-0.001867,-0.047420,120.307320,6.128747,-0.474199,-552.809265,-0.048565,0.000000
151.220001,26.840240,-552.942688,-0.002160,-0.001869,-0.047463,119.391350,6.082086,-0.474633,-552.942688,-0.048582,0.000000
151.230011,26.655167,-552.853760,-0.002139,-0.001869,-0.047472,118.568100,6.040147,-0.474719,-552.853760,-0.048599,0.000000
151.240005,26.537125,-552.898193,-0.002156,-0.001869,-0.047472,118.043022,6.013398,-0.474719,-552.898193,-0.048617,0.000000
151.250000,26.482391,-552.853760,-0.002151,-0.001869,-0.047472,117.799561,6.000996,-0.474719,-552.853760,-0.048634,0.000000
151.260010,26.439941,-552.853760,-0.002186,-0.001869,-0.047472,117.610733,5.991376,-0.474719,-552.853760,-0.048651,0.000000
151.270004,26.410156,-552.898193,-0.002164,-0.001869,-0.047472,117.478241,5.984627,-0.474719,-552.898193,-0.048669,0.000000
151.280014,26.399719,-552.853760,-0.002169,-0.001869,-0.047472,117.431816,5.982262,-0.474719,-552.853760,-0.048677,0.000000
151.290009,26.370682,-553.076172,-0.002143,-0.001869,-0.047472,117.302650,5.975682,-0.474719,-553.076172,-0.048695,0.000000
151.300003,26.342010,-552.809265,-0.002160,-0.001869,-0.047472,117.175117,5.969185,-0.474719,-552.809265,-0.048712,0.000000
151.310013,26.316681,-552.853760,-0.002139,-0.001869,-0.047472,117.062447,5.963445,-0.474719,-552.853760,-0.048729,0.000000
151.320007,26.296585,-552.898193,-0.002151,-0.001869,-0.047472,116.973053,5.958891,-0.474719,-552.898193,-0.048747,0.000000
151.330002,26.276840,-552.809265,-0.002091,-0.001869,-0.047472,116.885223,5.954417,-0.474719,-552.809265,-0.048764,0.000000
151.340012,26.270508,-552.942688,-0.002160,-0.001869,-0.047472,116.857056,5.952982,-0.474719,-552.942688,-0.048781,0.000000
151.350006,26.264557,-552.853760,-0.002100,-0.001869,-0.047472,116.830582,5.951633,-0.474719,-552.853760,-0.048799,0.000000
151.360001,26.248535,-552.853760,-0.002039,-0.001869,-0.047472,116.759315,5.948003,-0.474719,-552.853760,-0.048816,0.000000
151.370010,26.240356,-552.898193,-0.002070,-0.001869,-0.047472,116.722939,5.946150,-0.474719,-552.898193,-0.048833,0.000000
151.380005,26.233276,-552.809265,-0.002065,-0.001869,-0.047472,116.691444,5.944545,-0.474719,-552.809265,-0.048851,0.000000
151.390015,26.217636,-552.987183,-0.002082,-0.001869,-0.047472,116.621872,5.941001,-0.474719,-552.987183,-0.048868,0.000000
151.400009,26.206833,-552.853760,-0.002156,-0.001870,-0.047498,116.573814,5.938553,-0.474980,-552.853760,-0.048886,0.000000
151.410004,26.200134,-552.853760,-0.002117,-0.001872,-0.047550,116.544022,5.937035,-0.475500,-552.853760,-0.048894,0.000000
151.420013,26.115234,-552.898193,-0.002169,-0.001875,-0.047637,116.166367,5.917797,-0.476367,-552.898193,-0.048912,0.000000
151.430008,25.908188,-552.853760,-0.002169,-0.001880,-0.047749,115.245377,5.870880,-0.477494,-552.853760,-0.048929,0.000000
151.440002,25.583862,-552.942688,-0.002164,-0.001883,-0.047836,113.802704,5.797386,-0.478362,-552.942688,-0.048946,0.000000
151.450012,25.256546,-552.853760,-0.002078,-0.001885,-0.047880,112.346725,5.723215,-0.478795,-552.853760,-0.048964,0.000000
151.460007,25.008545,-552.853760,-0.002078,-0.001886,-0.047906,111.243561,5.667017,-0.479055,-552.853760,-0.048981,0.000000
151.470001,24.867035,-552.853760,-0.002100,-0.001888,-0.047949,110.614098,5.634951,-0.479489,-552.853760,-0.048998,0.000000
151.480011,24.711395,-552.853760,-0.002082,-0.001889,-0.047992,109.921776,5.599682,-0.479923,-552.853760,-0.049016,0.000000
151.490005,24.547165,-552.898193,-0.002091,-0.001890,-0.048018,109.191246,5.562467,-0.480183,-552.898193,-0.049033,0.000000
151.500000,24.403442,-552.898193,-0.002070,-0.001890,-0.048018,108.551933,5.529899,-0.480183,-552.898193,-0.049050,0.000000
151.510010,24.317413,-552.942688,-0.002078,-0.001890,-0.048018,108.169258,5.510405,-0.480183,-552.942688,-0.049068,0.000000
151.520004,24.273849,-552.898193,-0.002126,-0.001890,-0.048018,107.975471,5.500533,-0.480183,-552.898193,-0.049085,0.000000
151.530014,24.254852,-552.809265,-0.002100,-0.001890,-0.048018,107.890968,5.496228,-0.480183,-552.809265,-0.049094,0.000000
151.540009,24.228790,-552.898193,-0.002108,-0.001890,-0.048018,107.775040,5.490323,-0.480183,-552.898193,-0.049111,0.000000
151.550003,24.197891,-552.853760,-0.002143,-0.001890,-0.048018,107.637596,5.483321,-0.480183,-552.853760,-0.049128,0.000000
151.560013,24.183365,-552.853760,-0.002147,-0.001890,-0.048018,107.572983,5.480029,-0.480183,-552.853760,-0.049146,0.000000
151.570007,24.165863,-552.898193,-0.002186,-0.001890,-0.048018,107.495125,5.476063,-0.480183,-552.898193,-0.049163,0.000000
151.580002,24.150589,-552.853760,-0.002160,-0.001890,-0.048018,107.427185,5.472602,-0.480183,-552.853760,-0.049180,0.000000
151.590012,24.130859,-552.942688,-0.002130,-0.001890,-0.048018,107.339424,5.468131,-0.480183,-552.942688,-0.049198,0.000000
151.600006,24.118576,-552.853760,-0.002130,-0.001890,-0.048018,107.284782,5.465348,-0.480183,-552.853760,-0.049215,0.000000
151.610001,24.105911,-552.853760,-0.002104,-0.001890,-0.048018,107.228447,5.462478,-0.480183,-552.853760,-0.049232,0.000000
151.620010,24.087662,-552.898193,-0.002108,-0.001891,-0.048027,107.147270,5.458343,-0.480270,-552.898193,-0.049250,0.000000
151.630005,24.071655,-552.809265,-0.002074,-0.001893,-0.048079,107.076073,5.454715,-0.480790,-552.809265,-0.049267,0.000000
151.640015,24.025482,-552.987183,-0.002070,-0.001896,-0.048157,106.870682,5.444252,-0.481570,-552.987183,-0.049284,0.000000
151.650009,23.844513,-552.898193,-0.002100,-0.001898,-0.048200,106.065689,5.403244,-0.482004,-552.898193,-0.049302,0.000000
151.660004,23.645279,-552.853760,-0.002199,-0.001898,-0.048218,105.179451,5.358097,-0.482177,-552.853760,-0.049310,0.000000
151.670013,23.492615,-552.942688,-0.002182,-0.001900,-0.048261,104.500366,5.323503,-0.482611,-552.942688,-0.049328,0.000000
151.680008,23.374939,-552.809265,-0.002091,-0.001903,-0.048330,103.976921,5.296837,-0.483305,-552.809265,-0.049345,0.000000
151.690002,23.174240,-552.942688,-0.002048,-0.001903,-0.048348,103.084167,5.251358,-0.483478,-552.942688,-0.049362,0.000000
151.700012,23.004059,-552.853760,-0.002052,-0.001904,-0.048374,102.327164,5.212794,-0.483738,-552.853760,-0.049380,0.000000
151.710007,22.893463,-552.853760,-0.002095,-0.001905,-0.048391,101.835213,5.187733,-0.483912,-552.853760,-0.049397,0.000000
151.720001,22.806702,-552.898193,-0.002151,-0.001905,-0.048391,101.449272,5.168072,-0.483912,-552.898193,-0.049415,0.000000
151.730011,22.759415,-552.853760,-0.002134,-0.001905,-0.048391,101.238930,5.157357,-0.483912,-552.853760,-0.049432,0.000000
151.740005,22.716965,-552.898193,-0.002139,-0.001905,-0.048391,101.050102,5.147738,-0.483912,-552.898193,-0.049449,0.000000
151.750000,22.687546,-552.853760,-0.002156,-0.001905,-0.048391,100.919243,5.141071,-0.483912,-552.853760,-0.049467,0.000000
151.760010,22.674133,-552.898193,-0.002177,-0.001905,-0.048391,100.859581,5.138032,-0.483912,-552.898193,-0.049484,0.000000
151.770004,22.659988,-552.898193,-0.002199,-0.001905,-0.048391,100.796661,5.134827,-0.483912,-552.898193,-0.049501,0.000000
151.780014,22.648819,-552.764771,-0.002182,-0.001905,-0.048391,100.746979,5.132296,-0.483912,-552.764771,-0.049519,0.000000
151.790009,22.617905,-552.942688,-0.002173,-0.001905,-0.048391,100.609467,5.125290,-0.483912,-552.942688,-0.049527,0.000000
151.800003,22.604126,-552.809265,-0.002147,-0.001905,-0.048391,100.548172,5.122169,-0.483912,-552.809265,-0.049545,0.000000
151.810013,22.592590,-552.898193,-0.002095,-0.001905,-0.048391,100.496864,5.119554,-0.483912,-552.898193,-0.049562,0.000000
151.820007,22.587006,-552.942688,-0.002108,-0.001905,-0.048391,100.472015,5.118289,-0.483912,-552.942688,-0.049579,0.000000
151.830002,22.574722,-552.764771,-0.002087,-0.001905,-0.048391,100.417381,5.115505,-0.483912,-552.764771,-0.049597,0.000000
151.840012,22.548279,-552.987183,-0.002078,-0.001905,-0.048391,100.299751,5.109513,-0.483912,-552.987183,-0.049614,0.000000
151.850006,22.538223,-552.764771,-0.002082,-0.001905,-0.048391,100.255028,5.107234,-0.483912,-552.764771,-0.049631,0.000000
151.860001,22.524445,-552.898193,-0.002082,-0.001905,-0.048391,100.193733,5.104112,-0.483912,-552.898193,-0.049649,0.000000
151.870010,22.503220,-552.898193,-0.002074,-0.001906,-0.048400,100.099319,5.099302,-0.483999,-552.898193,-0.049666,0.000000
151.880005,22.497635,-552.853760,-0.002100,-0.001907,-0.048435,100.074478,5.098037,-0.484346,-552.853760,-0.049683,0.000000
151.890015,22.462997,-552.898193,-0.002091,-0.001910,-0.048504,99.920403,5.090188,-0.485039,-552.898193,-0.049701,0.000000
151.900009,22.356140,-552.809265,-0.002117,-0.001912,-0.048565,99.445076,5.065974,-0.485646,-552.809265,-0.049718,0.000000
151.910004,22.159515,-552.898193,-0.002113,-0.001914,-0.048608,98.570450,5.021418,-0.486080,-552.898193,-0.049735,0.000000
151.920013,21.980408,-552.898193,-0.002108,-0.001915,-0.048643,97.773735,4.980832,-0.486427,-552.898193,-0.049744,0.000000
151.930008,21.819916,-552.809265,-0.002177,-0.001916,-0.048660,97.059830,4.944464,-0.486600,-552.809265,-0.049761,0.000000
151.940002,21.697037,-552.898193,-0.002195,-0.001916,-0.048669,96.513237,4.916619,-0.486687,-552.898193,-0.049779,0.000000
151.950012,21.640060,-552.764771,-0.002203,-0.001916,-0.048669,96.259796,4.903708,-0.486687,-552.764771,-0.049796,0.000000
151.960007,21.592026,-552.898193,-0.002199,-0.001916,-0.048669,96.046127,4.892823,-0.486687,-552.898193,-0.049813,0.000000
151.970001,21.566696,-552.987183,-0.002169,-0.001916,-0.048669,95.933456,4.887083,-0.486687,-552.987183,-0.049831,0.000000
151.980011,21.539886,-552.809265,-0.002095,-0.001916,-0.048669,95.814201,4.881008,-0.486687,-552.809265,-0.049848,0.000000
151.990005,21.509735,-552.942688,-0.002117,-0.001916,-0.048669,95.680077,4.874176,-0.486687,-552.942688,-0.049865,0.000000
152.000000,21.492233,-552.898193,-0.002134,-0.001916,-0.048669,95.602226,4.870210,-0.486687,-552.898193,-0.049883,0.000000
152.010010,21.476959,-552.898193,-0.002143,-0.001916,-0.048677,95.534286,4.866748,-0.486774,-552.898193,-0.049900,0.000000
152.020004,21.442703,-552.942688,-0.002164,-0.001918,-0.048729,95.381905,4.858986,-0.487294,-552.942688,-0.049918,0.000000
152.030014,21.387222,-552.853760,-0.002104,-0.001922,-0.048816,95.135117,4.846414,-0.488161,-552.853760,-0.049935,0.000000
152.040009,21.199539,-552.942688,-0.002108,-0.001924,-0.048877,94.300262,4.803884,-0.488768,-552.942688,-0.049952,0.000000
152.050003,20.960114,-552.809265,-0.002074,-0.001926,-0.048920,93.235245,4.749629,-0.489202,-552.809265,-0.049961,0.000000
152.060013,20.773544,-552.898193,-0.002065,-0.001926,-0.048920,92.405342,4.707353,-0.489202,-552.898193,-0.049978,0.000000
152.070007,20.659973,-552.942688,-0.002104,-0.001926,-0.048920,91.900154,4.681617,-0.489202,-552.942688,-0.049996,0.000000
152.080002,20.595184,-552.809265,-0.002091,-0.001926,-0.048929,91.611954,4.666935,-0.489289,-552.809265,-0.050013,0.000000
152.090012,20.556458,-552.942688,-0.002143,-0.001927,-0.048938,91.439690,4.658160,-0.489375,-552.942688,-0.050030,0.000000
152.100006,20.522949,-552.809265,-0.002190,-0.001927,-0.048946,91.290634,4.650567,-0.489462,-552.809265,-0.050048,0.000000
152.110001,20.490921,-552.942688,-0.002186,-0.001927,-0.048955,91.148170,4.643309,-0.489549,-552.942688,-0.050065,0.000000
152.120010,20.465591,-552.942688,-0.002203,-0.001928,-0.048972,91.035500,4.637569,-0.489722,-552.942688,-0.050082,0.000000
152.130005,20.413086,-552.809265,-0.002169,-0.001928,-0.048981,90.801941,4.625671,-0.489809,-552.809265,-0.050100,0.000000
152.140015,20.363571,-552.942688,-0.002160,-0.001928,-0.048981,90.581688,4.614451,-0.489809,-552.942688,-0.050117,0.000000
152.150009,20.322983,-552.942688,-0.002182,-0.001929,-0.048990,90.401146,4.605254,-0.489896,-552.942688,-0.050134,0.000000
152.160004,20.290207,-552.942688,-0.002182,-0.001929,-0.048998,90.255348,4.597826,-0.489983,-552.942688,-0.050152,0.000000
152.170013,20.258179,-552.898193,-0.002199,-0.001929,-0.048998,90.112877,4.590569,-0.489983,-552.898193,-0.050169,0.000000
152.180008,20.228394,-552.809265,-0.002164,-0.001930,-0.049016,89.980385,4.583819,-0.490156,-552.809265,-0.050178,0.000000
152.190002,20.194885,-552.987183,-0.002173,-0.001931,-0.049050,89.831337,4.576227,-0.490503,-552.987183,-0.050195,0.000000
152.200012,20.138657,-552.809265,-0.002156,-0.001933,-0.049094,89.581215,4.563485,-0.490936,-552.809265,-0.050212,0.000000
152.210007,20.016891,-552.853760,-0.002151,-0.001934,-0.049120,89.039581,4.535892,-0.491197,-552.853760,-0.050230,0.000000
152.220001,19.880234,-552.942688,-0.002130,-0.001935,-0.049146,88.431694,4.504925,-0.491457,-552.942688,-0.050247,0.000000
152.230011,19.772980,-552.764771,-0.002104,-0.001936,-0.049180,87.954605,4.480621,-0.491804,-552.764771,-0.050264,0.000000
152.240005,19.661270,-552.898193,-0.002078,-0.001938,-0.049215,87.457695,4.455307,-0.492151,-552.898193,-0.050282,0.000000
152.250000,19.545090,-552.942688,-0.002082,-0.001939,-0.049250,86.940903,4.428981,-0.492497,-552.942688,-0.050299,0.000000
152.260010,19.408066,-552.942688,-0.002121,-0.001939,-0.049258,86.331390,4.397931,-0.492584,-552.942688,-0.050316,0.000000
152.270004,19.307892,-552.942688,-0.002169,-0.001940,-0.049267,85.885796,4.375231,-0.492671,-552.942688,-0.050334,0.000000
152.280014,19.257996,-552.809265,-0.002173,-0.001940,-0.049276,85.663841,4.363924,-0.492758,-552.809265,-0.050351,0.000000
152.290009,19.215546,-552.987183,-0.002182,-0.001941,-0.049293,85.475014,4.354305,-0.492931,-552.987183,-0.050368,0.000000
152.300003,19.139206,-552.898193,-0.002091,-0.001941,-0.049310,85.135437,4.337006,-0.493105,-552.898193,-0.050377,0.000000
152.310013,19.080002,-552.898193,-0.002082,-0.001942,-0.049336,84.872086,4.323590,-0.493365,-552.898193,-0.050394,0.000000
152.320007,19.011108,-552.942688,-0.002130,-0.001944,-0.049371,84.565636,4.307979,-0.493712,-552.942688,-0.050412,0.000000
152.330002,18.906845,-552.853760,-0.002169,-0.001945,-0.049397,84.101845,4.284352,-0.493972,-552.853760,-0.050429,0.000000
152.340012,18.794388,-552.942688,-0.002207,-0.001946,-0.049423,83.601616,4.258869,-0.494232,-552.942688,-0.050447,0.000000
152.350006,18.681564,-552.898193,-0.002212,-0.001947,-0.049458,83.099747,4.233303,-0.494579,-552.898193,-0.050464,0.000000
152.360001,18.576920,-552.942688,-0.002160,-0.001949,-0.049493,82.634262,4.209590,-0.494926,-552.942688,-0.050481,0.000000
152.370010,18.451431,-552.942688,-0.002134,-0.001949,-0.049501,82.076065,4.181154,-0.495012,-552.942688,-0.050499,0.000000
152.380005,18.355362,-552.809265,-0.002074,-0.001949,-0.049510,81.648727,4.159384,-0.495099,-552.809265,-0.050516,0.000000
152.390015,18.297272,-552.942688,-0.002095,-0.001949,-0.049510,81.390327,4.146221,-0.495099,-552.942688,-0.050533,0.000000
152.400009,18.253326,-552.898193,-0.002143,-0.001950,-0.049527,81.194855,4.136263,-0.495273,-552.898193,-0.050551,0.000000
152.410004,18.198959,-552.898193,-0.002190,-0.001950,-0.049536,80.953011,4.123943,-0.495359,-552.898193,-0.050568,0.000000
152.420013,18.137527,-552.942688,-0.002195,-0.001951,-0.049562,80.679749,4.110022,-0.495619,-552.942688,-0.050585,0.000000
152.430008,18.094330,-552.853760,-0.002203,-0.001952,-0.049579,80.487602,4.100234,-0.495793,-552.853760,-0.050594,0.000000
152.440002,18.017990,-552.987183,-0.002195,-0.001953,-0.049597,80.148026,4.082935,-0.495966,-552.987183,-0.050611,0.000000
152.450012,17.948730,-552.853760,-0.002203,-0.001953,-0.049614,79.839943,4.067240,-0.496140,-552.853760,-0.050629,0.000000
152.460007,17.892502,-552.987183,-0.002139,-0.001954,-0.049623,79.589821,4.054499,-0.496227,-552.987183,-0.050646,0.000000
152.470001,17.828461,-552.942688,-0.002147,-0.001954,-0.049623,79.304955,4.039987,-0.496227,-552.942688,-0.050663,0.000000
152.480011,17.781540,-552.853760,-0.002078,-0.001954,-0.049631,79.096237,4.029355,-0.496313,-552.853760,-0.050681,0.000000
152.490005,17.745422,-552.942688,-0.002070,-0.001954,-0.049631,78.935577,4.021170,-0.496313,-552.942688,-0.050698,0.000000
152.500000,17.719345,-552.898193,-0.002091,-0.001954,-0.049631,78.819580,4.015261,-0.496313,-552.898193,-0.050715,0.000000
152.510010,17.688812,-552.942688,-0.002160,-0.001954,-0.049640,78.683769,4.008342,-0.496400,-552.942688,-0.050733,0.000000
152.520004,17.679504,-552.942688,-0.002199,-0.001955,-0.049649,78.642365,4.006233,-0.496487,-552.942688,-0.050750,0.000000
152.530014,17.668701,-552.809265,-0.002220,-0.001955,-0.049666,78.594307,4.003785,-0.496660,-552.809265,-0.050767,0.000000
152.540009,17.622528,-552.942688,-0.002203,-0.001956,-0.049675,78.388924,3.993322,-0.496747,-552.942688,-0.050785,0.000000
152.550003,17.583069,-552.853760,-0.002186,-0.001956,-0.049675,78.213394,3.984380,-0.496747,-552.853760,-0.050802,0.000000
152.560013,17.547684,-552.942688,-0.002164,-0.001956,-0.049683,78.055992,3.976362,-0.496834,-552.942688,-0.050811,0.000000
152.570007,17.517532,-552.987183,-0.002164,-0.001957,-0.049701,77.921875,3.969529,-0.497007,-552.987183,-0.050828,0.000000
152.580002,17.483643,-552.853760,-0.002121,-0.001957,-0.049718,77.771126,3.961850,-0.497180,-552.853760,-0.050845,0.000000
152.590012,17.432999,-552.942688,-0.002117,-0.001959,-0.049753,77.545853,3.950374,-0.497527,-552.942688,-0.050863,0.000000
152.600006,17.335068,-552.853760,-0.002078,-0.001961,-0.049805,77.110229,3.928183,-0.498048,-552.853760,-0.050880,0.000000
152.610001,17.190216,-552.898193,-0.002087,-0.001963,-0.049848,76.465897,3.895359,-0.498481,-552.898193,-0.050897,0.000000
152.620010,17.033066,-552.898193,-0.002100,-0.001964,-0.049891,75.766861,3.859748,-0.498915,-552.898193,-0.050915,0.000000
152.630005,16.880020,-552.853760,-0.002143,-0.001965,-0.049900,75.086082,3.825067,-0.499002,-552.853760,-0.050932,0.000000
152.640015,16.770920,-552.942688,-0.002169,-0.001965,-0.049900,74.600777,3.800345,-0.499002,-552.942688,-0.050950,0.000000
152.650009,16.705750,-552.898193,-0.002182,-0.001965,-0.049900,74.310883,3.785577,-0.499002,-552.898193,-0.050967,0.000000
152.660004,16.669632,-552.942688,-0.002139,-0.001965,-0.049909,74.150223,3.777392,-0.499088,-552.942688,-0.050984,0.000000
152.670013,16.650269,-552.942688,-0.002139,-0.001965,-0.049909,74.064095,3.773005,-0.499088,-552.942688,-0.051002,0.000000
152.680008,16.624954,-552.853760,-0.002173,-0.001965,-0.049918,73.951492,3.767268,-0.499175,-552.853760,-0.051019,0.000000
152.690002,16.600372,-552.987183,-0.002190,-0.001966,-0.049926,73.842140,3.761698,-0.499262,-552.987183,-0.051028,0.000000
152.700012,16.570206,-552.853760,-0.002169,-0.001966,-0.049926,73.707954,3.754862,-0.499262,-552.853760,-0.051045,0.000000
152.710007,16.556427,-552.942688,-0.002173,-0.001966,-0.049935,73.646667,3.751740,-0.499349,-552.942688,-0.051062,0.000000
152.720001,16.527756,-552.942688,-0.002177,-0.001966,-0.049935,73.519127,3.745243,-0.499349,-552.942688,-0.051080,0.000000
152.730011,16.502808,-552.853760,-0.002169,-0.001966,-0.049935,73.408157,3.739589,-0.499349,-552.853760,-0.051097,0.000000
152.740005,16.489029,-553.031677,-0.002160,-0.001966,-0.049944,73.346863,3.736467,-0.499435,-553.031677,-0.051114,0.000000
152.750000,16.453659,-552.898193,-0.002164,-0.001968,-0.049987,73.189529,3.728452,-0.499869,-552.898193,-0.051132,0.000000
152.760010,16.402267,-552.942688,-0.002143,-0.001970,-0.050030,72.960930,3.716807,-0.500302,-552.942688,-0.051149,0.000000
152.770004,16.300980,-552.942688,-0.002095,-0.001970,-0.050039,72.510376,3.693855,-0.500389,-552.942688,-0.051166,0.000000
152.780014,16.194107,-552.898193,-0.002061,-0.001971,-0.050074,72.034988,3.669637,-0.500736,-552.898193,-0.051184,0.000000
152.790009,16.118149,-552.898193,-0.002095,-0.001973,-0.050117,71.697105,3.652425,-0.501170,-552.898193,-0.051201,0.000000
152.800003,16.019470,-552.898193,-0.002100,-0.001973,-0.050117,71.258163,3.630064,-0.501170,-552.898193,-0.051218,0.000000
152.810013,15.915573,-552.942688,-0.002104,-0.001973,-0.050117,70.796005,3.606520,-0.501170,-552.942688,-0.051236,0.000000
152.820007,15.876846,-552.942688,-0.002104,-0.001973,-0.050117,70.623741,3.597745,-0.501170,-552.942688,-0.051244,0.000000
152.830002,15.848175,-552.853760,-0.002117,-0.001973,-0.050126,70.496201,3.591248,-0.501256,-552.853760,-0.051262,0.000000
152.840012,15.812439,-552.898193,-0.002108,-0.001974,-0.050152,70.337242,3.583150,-0.501517,-552.898193,-0.051279,0.000000
152.850006,15.765884,-552.898193,-0.002100,-0.001975,-0.050169,70.130157,3.572601,-0.501690,-552.898193,-0.051296,0.000000
152.860001,15.713379,-552.942688,-0.002095,-0.001975,-0.050169,69.896599,3.560703,-0.501690,-552.942688,-0.051314,0.000000
152.870010,15.670563,-552.987183,-0.002100,-0.001975,-0.050169,69.706146,3.551000,-0.501690,-552.987183,-0.051331,0.000000
152.880005,15.652679,-552.898193,-0.002121,-0.001975,-0.050169,69.626595,3.546948,-0.501690,-552.898193,-0.051348,0.000000
152.890015,15.624390,-552.987183,-0.002156,-0.001975,-0.050169,69.500755,3.540537,-0.501690,-552.987183,-0.051366,0.000000
152.900009,15.598312,-552.853760,-0.002156,-0.001975,-0.050169,69.384758,3.534628,-0.501690,-552.853760,-0.051383,0.000000
152.910004,15.569275,-552.898193,-0.002177,-0.001975,-0.050169,69.255592,3.528048,-0.501690,-552.898193,-0.051400,0.000000
152.920013,15.557358,-552.898193,-0.002220,-0.001975,-0.050169,69.202583,3.525348,-0.501690,-552.898193,-0.051418,0.000000
152.930008,15.539856,-552.853760,-0.002182,-0.001975,-0.050169,69.124733,3.521382,-0.501690,-552.853760,-0.051435,0.000000
152.940002,15.531662,-553.031677,-0.002147,-0.001975,-0.050169,69.088280,3.519525,-0.501690,-553.031677,-0.051444,0.000000
152.950012,15.518631,-552.898193,-0.002095,-0.001976,-0.050186,69.030319,3.516572,-0.501864,-552.898193,-0.051461,0.000000
152.960007,15.492569,-552.942688,-0.002087,-0.001979,-0.050264,68.914391,3.510666,-0.502644,-552.942688,-0.051479,0.000000
152.970001,15.420319,-552.942688,-0.002065,-0.001982,-0.050334,68.593002,3.494294,-0.503338,-552.942688,-0.051496,0.000000
152.980011,15.219238,-552.809265,-0.002117,-0.001984,-0.050386,67.698555,3.448729,-0.503858,-552.809265,-0.051513,0.000000
152.990005,15.014069,-553.031677,-0.002164,-0.001986,-0.050455,66.785912,3.402236,-0.504552,-553.031677,-0.051531,0.000000
153.000000,14.789520,-552.853760,-0.002169,-0.001988,-0.050490,65.787071,3.351353,-0.504899,-552.853760,-0.051548,0.000000
153.010010,14.622696,-552.898193,-0.002225,-0.001987,-0.050481,65.044998,3.313550,-0.504812,-552.898193,-0.051565,0.000000
153.020004,14.563126,-552.942688,-0.002212,-0.001987,-0.050481,64.780022,3.300051,-0.504812,-552.942688,-0.051583,0.000000
153.030014,14.532211,-552.853760,-0.002151,-0.001987,-0.050481,64.642502,3.293046,-0.504812,-552.853760,-0.051600,0.000000
153.040009,14.497955,-552.987183,-0.002130,-0.001987,-0.050481,64.490128,3.285284,-0.504812,-552.987183,-0.051617,0.000000
153.050003,14.474503,-552.942688,-0.002100,-0.001987,-0.050481,64.385803,3.279969,-0.504812,-552.942688,-0.051635,0.000000
153.060013,14.458481,-552.898193,-0.002134,-0.001987,-0.050481,64.314537,3.276339,-0.504812,-552.898193,-0.051652,0.000000
153.070007,14.438751,-552.987183,-0.002143,-0.001987,-0.050481,64.226776,3.271868,-0.504812,-552.987183,-0.051661,0.000000
153.080002,14.423477,-552.853760,-0.002108,-0.001987,-0.050481,64.158829,3.268407,-0.504812,-552.853760,-0.051678,0.000000
153.090012,14.396667,-552.987183,-0.002100,-0.001987,-0.050481,64.039574,3.262331,-0.504812,-552.987183,-0.051695,0.000000
153.100006,14.375824,-552.898193,-0.002117,-0.001987,-0.050481,63.946857,3.257608,-0.504812,-552.898193,-0.051713,0.000000
153.110001,14.354218,-552.898193,-0.002130,-0.001987,-0.050481,63.850750,3.252712,-0.504812,-552.898193,-0.051730,0.000000
153.120010,14.347153,-552.898193,-0.002147,-0.001987,-0.050481,63.819324,3.251111,-0.504812,-552.898193,-0.051747,0.000000
153.130005,14.328156,-552.898193,-0.002220,-0.001987,-0.050481,63.734818,3.246806,-0.504812,-552.898193,-0.051765,0.000000
153.140015,14.318100,-552.942688,-0.002173,-0.001987,-0.050481,63.690090,3.244528,-0.504812,-552.942688,-0.051782,0.000000
153.150009,14.310654,-552.942688,-0.002177,-0.001988,-0.050490,63.656967,3.242841,-0.504899,-552.942688,-0.051799,0.000000
153.160004,14.295761,-552.942688,-0.002195,-0.001991,-0.050568,63.590721,3.239466,-0.505679,-552.942688,-0.051817,0.000000
153.170013,14.223145,-552.987183,-0.002207,-0.001996,-0.050698,63.267708,3.223011,-0.506980,-552.987183,-0.051834,0.000000
153.180008,13.966202,-552.853760,-0.002207,-0.001999,-0.050785,62.124767,3.164787,-0.507847,-552.853760,-0.051851,0.000000
153.190002,13.636658,-552.987183,-0.002216,-0.002001,-0.050837,60.658882,3.090111,-0.508368,-552.987183,-0.051869,0.000000
153.200012,13.392761,-552.898193,-0.002203,-0.002001,-0.050837,59.573978,3.034843,-0.508368,-552.898193,-0.051877,0.000000
153.210007,13.288498,-552.898193,-0.002186,-0.002001,-0.050837,59.110191,3.011217,-0.508368,-552.898193,-0.051895,0.000000
153.220001,13.241943,-553.031677,-0.002169,-0.002001,-0.050837,58.903107,3.000667,-0.508368,-553.031677,-0.051912,0.000000
153.230011,13.204330,-552.898193,-0.002130,-0.002001,-0.050837,58.735794,2.992144,-0.508368,-552.898193,-0.051929,0.000000
153.240005,13.181992,-552.987183,-0.002130,-0.002001,-0.050837,58.636429,2.987082,-0.508368,-552.987183,-0.051947,0.000000
153.250000,13.161880,-552.853760,-0.002108,-0.002001,-0.050837,58.546970,2.982525,-0.508368,-552.853760,-0.051964,0.000000
153.260010,13.142151,-552.942688,-0.002130,-0.002001,-0.050837,58.459206,2.978054,-0.508368,-552.942688,-0.051982,0.000000
153.270004,13.122787,-552.942688,-0.002091,-0.002001,-0.050837,58.373074,2.973666,-0.508368,-552.942688,-0.051999,0.000000
153.280014,13.121674,-552.898193,-0.002074,-0.002001,-0.050837,58.368118,2.973414,-0.508368,-552.898193,-0.052016,0.000000
153.290009,13.097092,-552.987183,-0.002108,-0.002001,-0.050837,58.258774,2.967844,-0.508368,-552.987183,-0.052034,0.000000
153.300003,13.084808,-552.853760,-0.002095,-0.002001,-0.050837,58.204136,2.965060,-0.508368,-552.853760,-0.052051,0.000000
153.310013,13.068039,-552.987183,-0.002095,-0.002001,-0.050837,58.129539,2.961260,-0.508368,-552.987183,-0.052068,0.000000
153.320007,13.052032,-552.942688,-0.002164,-0.002001,-0.050837,58.058342,2.957633,-0.508368,-552.942688,-0.052086,0.000000
153.330002,13.046082,-552.898193,-0.002151,-0.002001,-0.050837,58.031868,2.956284,-0.508368,-552.898193,-0.052094,0.000000
153.340012,13.036774,-552.987183,-0.002130,-0.002001,-0.050837,57.990467,2.954175,-0.508368,-552.987183,-0.052112,0.000000
153.350006,13.026718,-552.898193,-0.002160,-0.002001,-0.050837,57.945736,2.951896,-0.508368,-552.898193,-0.052129,0.000000
153.360001,13.017029,-552.942688,-0.002195,-0.002001,-0.050837,57.902637,2.949701,-0.508368,-552.942688,-0.052146,0.000000
153.370010,13.009216,-552.987183,-0.002212,-0.002001,-0.050837,57.867886,2.947931,-0.508368,-552.987183,-0.052164,0.000000
153.380005,13.005112,-552.898193,-0.002151,-0.002001,-0.050837,57.849625,2.947000,-0.508368,-552.898193,-0.052181,0.000000
153.390015,13.002502,-552.987183,-0.002104,-0.002001,-0.050837,57.838020,2.946409,-0.508368,-552.987183,-0.052198,0.000000
153.400009,13.000641,-552.898193,-0.002151,-0.002001,-0.050837,57.829739,2.945987,-0.508368,-552.898193,-0.052216,0.000000
153.410004,12.997665,-552.942688,-0.002095,-0.002001,-0.050837,57.816502,2.945313,-0.508368,-552.942688,-0.052233,0.000000
153.420013,12.988358,-552.942688,-0.002095,-0.002001,-0.050837,57.775101,2.943204,-0.508368,-552.942688,-0.052250,0.000000
153.430008,12.981659,-552.853760,-0.002117,-0.002001,-0.050837,57.745304,2.941686,-0.508368,-552.853760,-0.052268,0.000000
153.440002,12.970108,-552.942688,-0.002108,-0.002001,-0.050837,57.693920,2.939069,-0.508368,-552.942688,-0.052285,0.000000
153.450012,12.964523,-552.942688,-0.002117,-0.002003,-0.050871,57.669079,2.937803,-0.508715,-552.942688,-0.052302,0.000000
153.460007,12.947021,-552.898193,-0.002126,-0.002008,-0.051002,57.591228,2.933837,-0.510015,-552.898193,-0.052311,0.000000
153.470001,12.754135,-552.987183,-0.002173,-0.002014,-0.051149,56.733227,2.890128,-0.511490,-552.987183,-0.052328,0.000000
153.480011,12.348618,-552.942688,-0.002195,-0.002019,-0.051288,54.929394,2.798237,-0.512877,-552.942688,-0.052346,0.000000
153.490005,11.899918,-553.031677,-0.002203,-0.002024,-0.051400,52.933475,2.696560,-0.514005,-553.031677,-0.052363,0.000000
153.500000,11.497757,-552.898193,-0.002190,-0.002026,-0.051452,51.144577,2.605429,-0.514525,-552.898193,-0.052380,0.000000
153.510010,11.217361,-552.987183,-0.002143,-0.002026,-0.051461,49.897316,2.541890,-0.514612,-552.987183,-0.052398,0.000000
153.520004,11.060211,-552.987183,-0.002160,-0.002026,-0.051461,49.198277,2.506280,-0.514612,-552.987183,-0.052415,0.000000
153.530014,10.998398,-552.853760,-0.002130,-0.002026,-0.051461,48.923317,2.492273,-0.514612,-552.853760,-0.052432,0.000000
153.540009,10.957809,-552.987183,-0.002134,-0.002026,-0.051461,48.742771,2.483075,-0.514612,-552.987183,-0.052450,0.000000
153.550003,10.919830,-552.987183,-0.002151,-0.002026,-0.051461,48.573830,2.474469,-0.514612,-552.987183,-0.052467,0.000000
153.560013,10.884079,-552.987183,-0.002126,-0.002026,-0.051461,48.414803,2.466368,-0.514612,-552.987183,-0.052484,0.000000
153.570007,10.862106,-552.942688,-0.002095,-0.002026,-0.051461,48.317062,2.461388,-0.514612,-552.942688,-0.052502,0.000000
153.580002,10.841629,-552.898193,-0.002130,-0.002026,-0.051461,48.225975,2.456748,-0.514612,-552.898193,-0.052519,0.000000
153.590012,10.830093,-553.031677,-0.002216,-0.002026,-0.051461,48.174660,2.454134,-0.514612,-553.031677,-0.052528,0.000000
153.600006,10.818542,-552.942688,-0.002212,-0.002026,-0.051461,48.123280,2.451517,-0.514612,-552.942688,-0.052545,0.000000
153.610001,10.809601,-552.987183,-0.002195,-0.002026,-0.051461,48.083508,2.449491,-0.514612,-552.987183,-0.052563,0.000000
153.620010,10.802536,-552.942688,-0.002207,-0.002026,-0.051461,48.052078,2.447890,-0.514612,-552.942688,-0.052580,0.000000
153.630005,10.791733,-552.853760,-0.002134,-0.002026,-0.051461,48.004025,2.445442,-0.514612,-552.853760,-0.052597,0.000000
153.640015,10.787643,-552.942688,-0.002113,-0.002026,-0.051461,47.985836,2.444515,-0.514612,-552.942688,-0.052615,0.000000
153.650009,10.773865,-552.898193,-0.002134,-0.002026,-0.051461,47.924545,2.441393,-0.514612,-552.898193,-0.052632,0.000000
153.660004,10.769760,-552.853760,-0.002100,-0.002026,-0.051461,47.906284,2.440463,-0.514612,-552.853760,-0.052649,0.000000
153.670013,10.751892,-552.987183,-0.002117,-0.002026,-0.051461,47.826805,2.436414,-0.514612,-552.987183,-0.052667,0.000000
153.680008,10.742950,-552.898193,-0.002207,-0.002027,-0.051487,47.787029,2.434387,-0.514872,-552.898193,-0.052684,0.000000
153.690002,10.721359,-553.031677,-0.002195,-0.002028,-0.051522,47.690987,2.429495,-0.515219,-553.031677,-0.052701,0.000000
153.700012,10.677780,-552.853760,-0.002229,-0.002031,-0.051583,47.497139,2.419620,-0.515826,-552.853760,-0.052719,0.000000
153.710007,10.555649,-552.987183,-0.002212,-0.002032,-0.051617,46.953873,2.391944,-0.516173,-552.987183,-0.052727,0.000000
153.720001,10.416748,-552.987183,-0.002238,-0.002034,-0.051661,46.336010,2.360469,-0.516606,-552.987183,-0.052745,0.000000
153.730011,10.286789,-552.898193,-0.002177,-0.002036,-0.051704,45.757923,2.331020,-0.517040,-552.898193,-0.052762,0.000000
153.740005,10.143066,-553.031677,-0.002143,-0.002036,-0.051713,45.118614,2.298452,-0.517127,-553.031677,-0.052779,0.000000
153.750000,10.058167,-552.942688,-0.002104,-0.002036,-0.051713,44.740959,2.279213,-0.517127,-552.942688,-0.052797,0.000000
153.760010,10.012726,-552.942688,-0.002117,-0.002036,-0.051713,44.538830,2.268916,-0.517127,-552.942688,-0.052814,0.000000
153.770004,9.990387,-552.942688,-0.002173,-0.002036,-0.051713,44.439461,2.263854,-0.517127,-552.942688,-0.052831,0.000000
153.780014,9.964325,-552.898193,-0.002203,-0.002036,-0.051713,44.323532,2.257948,-0.517127,-552.898193,-0.052849,0.000000
153.790009,9.947189,-552.987183,-0.002220,-0.002036,-0.051713,44.247307,2.254065,-0.517127,-552.987183,-0.052866,0.000000
153.800003,9.934525,-552.942688,-0.002199,-0.002036,-0.051713,44.190971,2.251195,-0.517127,-552.942688,-0.052883,0.000000
153.810013,9.917770,-552.942688,-0.002199,-0.002036,-0.051713,44.116447,2.247399,-0.517127,-552.942688,-0.052901,0.000000
153.820007,9.895813,-553.031677,-0.002233,-0.002036,-0.051713,44.018776,2.242423,-0.517127,-553.031677,-0.052918,0.000000
153.830002,9.887238,-552.898193,-0.002203,-0.002036,-0.051713,43.980629,2.240480,-0.517127,-552.898193,-0.052935,0.000000
153.840012,9.883148,-553.031677,-0.002173,-0.002036,-0.051713,43.962440,2.239553,-0.517127,-553.031677,-0.052944,0.000000
153.850006,9.860428,-552.942688,-0.002143,-0.002036,-0.051713,43.861374,2.234405,-0.517127,-552.942688,-0.052961,0.000000
153.860001,9.845901,-552.987183,-0.002100,-0.002036,-0.051713,43.796757,2.231113,-0.517127,-552.987183,-0.052979,0.000000
153.870010,9.838089,-552.987183,-0.002091,-0.002036,-0.051713,43.762005,2.229343,-0.517127,-552.987183,-0.052996,0.000000
153.880005,9.830261,-552.853760,-0.002078,-0.002036,-0.051713,43.727184,2.227569,-0.517127,-552.853760,-0.053014,0.000000
153.890015,9.826172,-553.031677,-0.002117,-0.002036,-0.051713,43.708996,2.226642,-0.517127,-553.031677,-0.053031,0.000000
153.900009,9.812759,-552.942688,-0.002121,-0.002036,-0.051713,43.649334,2.223603,-0.517127,-552.942688,-0.053048,0.000000
153.910004,9.816864,-552.942688,-0.002113,-0.002036,-0.051713,43.667591,2.224533,-0.517127,-552.942688,-0.053066,0.000000
153.920013,9.807175,-552.898193,-0.002126,-0.002036,-0.051713,43.624493,2.222337,-0.517127,-552.898193,-0.053083,0.000000
153.930008,9.815750,-552.898193,-0.002126,-0.002036,-0.051713,43.662636,2.224281,-0.517127,-552.898193,-0.053100,0.000000
153.940002,9.811646,-553.031677,-0.002212,-0.002036,-0.051713,43.644379,2.223351,-0.517127,-553.031677,-0.053118,0.000000
153.950012,9.792664,-552.942688,-0.002229,-0.002039,-0.051782,43.559944,2.219049,-0.517820,-552.942688,-0.053135,0.000000
153.960007,9.756912,-552.942688,-0.002220,-0.002043,-0.051903,43.400913,2.210948,-0.519035,-552.942688,-0.053152,0.000000
153.970001,9.531250,-553.031677,-0.002113,-0.002047,-0.051999,42.397118,2.159812,-0.519988,-553.031677,-0.053161,0.000000
153.980011,9.216965,-552.898193,-0.002113,-0.002050,-0.052060,40.999107,2.088594,-0.520596,-552.898193,-0.053178,0.000000
153.990005,8.965622,-553.031677,-0.002156,-0.002051,-0.052086,39.881077,2.031639,-0.520856,-553.031677,-0.053196,0.000000
154.000000,8.824112,-552.898193,-0.002156,-0.002051,-0.052086,39.251610,1.999572,-0.520856,-552.898193,-0.053213,0.000000
154.010010,8.755966,-552.898193,-0.002190,-0.002051,-0.052086,38.948483,1.984130,-0.520856,-552.898193,-0.053230,0.000000
154.020004,8.703842,-552.987183,-0.002203,-0.002052,-0.052129,38.716625,1.972319,-0.521289,-552.987183,-0.053248,0.000000
154.030014,8.653946,-552.898193,-0.002216,-0.002053,-0.052155,38.494675,1.961012,-0.521550,-552.898193,-0.053265,0.000000
154.040009,8.560104,-553.031677,-0.002216,-0.002054,-0.052172,38.077248,1.939747,-0.521723,-553.031677,-0.053282,0.000000
154.050003,8.477432,-552.898193,-0.002255,-0.002054,-0.052172,37.709503,1.921014,-0.521723,-552.898193,-0.053300,0.000000
154.060013,8.424561,-552.987183,-0.002220,-0.002054,-0.052181,37.474316,1.909033,-0.521810,-552.987183,-0.053317,0.000000
154.070007,8.403336,-552.987183,-0.002203,-0.002054,-0.052181,37.379902,1.904223,-0.521810,-552.987183,-0.053334,0.000000
154.080002,8.367966,-552.898193,-0.002190,-0.002054,-0.052181,37.222572,1.896208,-0.521810,-552.898193,-0.053352,0.000000
154.090012,8.335937,-553.031677,-0.002121,-0.002055,-0.052190,37.080101,1.888950,-0.521896,-553.031677,-0.053369,0.000000
154.100006,8.313217,-552.898193,-0.002104,-0.002055,-0.052190,36.979038,1.883802,-0.521896,-552.898193,-0.053378,0.000000
154.110001,8.280457,-553.031677,-0.002151,-0.002056,-0.052216,36.833309,1.876378,-0.522157,-553.031677,-0.053395,0.000000
154.120010,8.250671,-552.987183,-0.002190,-0.002057,-0.052259,36.700821,1.869629,-0.522590,-552.987183,-0.053412,0.000000
154.130005,8.198898,-552.942688,-0.002229,-0.002059,-0.052294,36.470520,1.857897,-0.522937,-552.942688,-0.053430,0.000000
154.140015,8.088303,-552.987183,-0.002173,-0.002059,-0.052311,35.978565,1.832836,-0.523111,-552.987183,-0.053447,0.000000
154.150009,7.993729,-552.942688,-0.002186,-0.002061,-0.052337,35.557880,1.811405,-0.523371,-552.942688,-0.053464,0.000000
154.160004,7.908829,-552.942688,-0.002139,-0.002061,-0.052354,35.180225,1.792166,-0.523544,-552.942688,-0.053482,0.000000
154.170013,7.841431,-552.987183,-0.002104,-0.002062,-0.052372,34.880424,1.776893,-0.523718,-552.987183,-0.053499,0.000000
154.180008,7.781479,-552.898193,-0.002117,-0.002063,-0.052389,34.613747,1.763308,-0.523891,-552.898193,-0.053516,0.000000
154.190002,7.727112,-553.031677,-0.002130,-0.002063,-0.052398,34.371910,1.750988,-0.523978,-553.031677,-0.053534,0.000000
154.200012,7.668274,-552.898193,-0.002177,-0.002064,-0.052424,34.110188,1.737656,-0.524238,-552.898193,-0.053551,0.000000
154.210007,7.612045,-552.987183,-0.002190,-0.002066,-0.052467,33.860069,1.724914,-0.524672,-552.987183,-0.053569,0.000000
154.220001,7.527512,-552.942688,-0.002225,-0.002067,-0.052493,33.484043,1.705759,-0.524932,-552.942688,-0.053586,0.000000
154.230011,7.421021,-552.898193,-0.002220,-0.002068,-0.052528,33.010349,1.681627,-0.525279,-552.898193,-0.053595,0.000000
154.240005,7.320480,-553.031677,-0.002151,-0.002069,-0.052545,32.563122,1.658845,-0.525452,-553.031677,-0.053612,0.000000
154.250000,7.221054,-552.987183,-0.002117,-0.002069,-0.052563,32.120853,1.636314,-0.525626,-552.987183,-0.053629,0.000000
154.260010,7.159607,-552.942688,-0.002139,-0.002070,-0.052580,31.847523,1.622390,-0.525799,-552.942688,-0.053647,0.000000
154.270004,7.097061,-552.942688,-0.002134,-0.002070,-0.052589,31.569305,1.608217,-0.525886,-552.942688,-0.053664,0.000000
154.280014,7.050140,-552.898193,-0.002169,-0.002071,-0.052597,31.360590,1.597585,-0.525972,-552.898193,-0.053681,0.000000
154.290009,7.017746,-552.987183,-0.002207,-0.002071,-0.052606,31.216494,1.590244,-0.526059,-552.987183,-0.053699,0.000000
154.300003,6.984222,-552.942688,-0.002216,-0.002071,-0.052615,31.067373,1.582647,-0.526146,-552.942688,-0.053716,0.000000
154.310013,6.933960,-553.031677,-0.002216,-0.002072,-0.052641,30.843794,1.571258,-0.526406,-553.031677,-0.053733,0.000000
154.320007,6.902298,-552.987183,-0.002225,-0.002074,-0.052675,30.702955,1.564083,-0.526753,-552.987183,-0.053751,0.000000
154.330002,6.831177,-552.898193,-0.002225,-0.002075,-0.052710,30.386591,1.547967,-0.527100,-552.898193,-0.053768,0.000000
154.340012,6.718719,-552.987183,-0.002195,-0.002076,-0.052736,29.886356,1.522484,-0.527360,-552.987183,-0.053785,0.000000
154.350006,6.629730,-552.898193,-0.002160,-0.002077,-0.052745,29.490513,1.502318,-0.527447,-552.898193,-0.053794,0.000000
154.360001,6.573120,-552.987183,-0.002134,-0.002077,-0.052753,29.238699,1.489490,-0.527533,-552.987183,-0.053811,0.000000
154.370010,6.528809,-553.031677,-0.002121,-0.002077,-0.052762,29.041592,1.479449,-0.527620,-553.031677,-0.053829,0.000000
154.380005,6.481522,-552.942688,-0.002164,-0.002078,-0.052771,28.831247,1.468734,-0.527707,-552.942688,-0.053846,0.000000
154.390015,6.458435,-553.076172,-0.002169,-0.002078,-0.052779,28.728554,1.463502,-0.527794,-553.076172,-0.053863,0.000000
154.400009,6.423798,-552.942688,-0.002169,-0.002078,-0.052788,28.574478,1.455653,-0.527880,-552.942688,-0.053881,0.000000
154.410004,6.381348,-553.031677,-0.002203,-0.002079,-0.052805,28.385653,1.446034,-0.528054,-553.031677,-0.053898,0.000000
154.420013,6.349335,-553.031677,-0.002216,-0.002079,-0.052814,28.243252,1.438780,-0.528140,-553.031677,-0.053915,0.000000
154.430008,6.323257,-552.898193,-0.002233,-0.002080,-0.052823,28.127254,1.432871,-0.528227,-552.898193,-0.053933,0.000000
154.440002,6.269638,-552.987183,-0.002233,-0.002080,-0.052823,27.888742,1.420720,-0.528227,-552.987183,-0.053950,0.000000
154.450012,6.244690,-552.942688,-0.002246,-0.002080,-0.052823,27.777769,1.415067,-0.528227,-552.942688,-0.053967,0.000000
154.460007,6.239105,-552.987183,-0.002242,-0.002080,-0.052831,27.752926,1.413801,-0.528314,-552.987183,-0.053985,0.000000
154.470001,6.232407,-553.031677,-0.002238,-0.002080,-0.052831,27.723129,1.412284,-0.528314,-553.031677,-0.054002,0.000000
154.480011,6.206345,-552.898193,-0.002220,-0.002080,-0.052831,27.607199,1.406378,-0.528314,-552.898193,-0.054011,0.000000
154.490005,6.200760,-553.120605,-0.002177,-0.002081,-0.052857,27.582357,1.405112,-0.528574,-553.120605,-0.054028,0.000000
154.500000,6.178040,-552.898193,-0.002182,-0.002082,-0.052883,27.481293,1.399964,-0.528834,-552.898193,-0.054046,0.000000
154.510010,6.133347,-552.942688,-0.002195,-0.002083,-0.052909,27.282488,1.389836,-0.529094,-552.942688,-0.054063,0.000000
154.520004,6.066696,-552.987183,-0.002143,-0.002084,-0.052935,26.986012,1.374733,-0.529355,-552.987183,-0.054080,0.000000
154.530014,5.991486,-552.898193,-0.002134,-0.002084,-0.052944,26.651459,1.357690,-0.529441,-552.898193,-0.054098,0.000000
154.540009,5.945312,-552.987183,-0.002126,-0.002085,-0.052970,26.446072,1.347227,-0.529701,-552.987183,-0.054115,0.000000
154.550003,5.880508,-552.987183,-0.002143,-0.002087,-0.053005,26.157808,1.332542,-0.530048,-552.987183,-0.054132,0.000000
154.560013,5.796722,-552.987183,-0.002139,-0.002088,-0.053031,25.785109,1.313556,-0.530308,-552.987183,-0.054150,0.000000
154.570007,5.730453,-553.031677,-0.002216,-0.002088,-0.053040,25.490330,1.298539,-0.530395,-553.031677,-0.054167,0.000000
154.580002,5.670502,-552.898193,-0.002251,-0.002089,-0.053048,25.223652,1.284954,-0.530482,-552.898193,-0.054184,0.000000
154.590012,5.615005,-553.076172,-0.002238,-0.002089,-0.053057,24.976791,1.272378,-0.530569,-553.076172,-0.054202,0.000000
154.600006,5.595642,-552.987183,-0.002255,-0.002089,-0.053066,24.890659,1.267991,-0.530655,-552.987183,-0.054219,0.000000
154.610001,5.563248,-552.987183,-0.002182,-0.002090,-0.053074,24.746561,1.260650,-0.530742,-552.987183,-0.054228,0.000000
154.620010,5.540161,-553.031677,-0.002143,-0.002090,-0.053083,24.643867,1.255418,-0.530829,-553.031677,-0.054245,0.000000
154.630005,5.516327,-552.898193,-0.002130,-0.002091,-0.053100,24.537848,1.250018,-0.531002,-552.898193,-0.054262,0.000000
154.640015,5.483932,-553.031677,-0.002139,-0.002091,-0.053109,24.393749,1.242677,-0.531089,-553.031677,-0.054280,0.000000
154.650009,5.451172,-552.853760,-0.002173,-0.002091,-0.053118,24.248024,1.235253,-0.531176,-552.853760,-0.054297,0.000000
154.660004,5.413559,-552.987183,-0.002259,-0.002092,-0.053126,24.080713,1.226730,-0.531262,-552.987183,-0.054314,0.000000
154.670013,5.381165,-552.942688,-0.002225,-0.002092,-0.053144,23.936615,1.219389,-0.531436,-552.942688,-0.054332,0.000000
154.680008,5.347641,-552.942688,-0.002182,-0.002093,-0.053152,23.787495,1.211793,-0.531523,-552.942688,-0.054349,0.000000
154.690002,5.307053,-553.076172,-0.002113,-0.002093,-0.053152,23.606949,1.202595,-0.531523,-553.076172,-0.054366,0.000000
154.700012,5.279510,-552.853760,-0.002134,-0.002093,-0.053161,23.484436,1.196354,-0.531609,-552.853760,-0.054384,0.000000
154.710007,5.259766,-553.031677,-0.002199,-0.002093,-0.053161,23.396606,1.191880,-0.531609,-553.031677,-0.054401,0.000000
154.720001,5.245621,-552.942688,-0.002203,-0.002094,-0.053187,23.333687,1.188675,-0.531870,-552.942688,-0.054418,0.000000
154.730011,5.211731,-552.898193,-0.002195,-0.002095,-0.053204,23.182938,1.180995,-0.532043,-552.898193,-0.054436,0.000000
154.740005,5.183426,-552.987183,-0.002207,-0.002095,-0.053204,23.057030,1.174581,-0.532043,-552.987183,-0.054444,0.000000
154.750000,5.140976,-552.987183,-0.002238,-0.002095,-0.053204,22.868202,1.164962,-0.532043,-552.987183,-0.054462,0.000000
154.760010,5.120499,-552.987183,-0.002255,-0.002095,-0.053204,22.777115,1.160322,-0.532043,-552.987183,-0.054479,0.000000
154.770004,5.101135,-553.076172,-0.002203,-0.002095,-0.053204,22.690983,1.155934,-0.532043,-553.076172,-0.054496,0.000000
154.780014,5.091827,-552.898193,-0.002242,-0.002095,-0.053204,22.649580,1.153825,-0.532043,-552.898193,-0.054514,0.000000
154.790009,5.084747,-553.076172,-0.002251,-0.002095,-0.053204,22.618086,1.152220,-0.532043,-553.076172,-0.054531,0.000000
154.800003,5.079910,-552.853760,-0.002242,-0.002095,-0.053204,22.596569,1.151124,-0.532043,-552.853760,-0.054548,0.000000
154.810013,5.062790,-553.031677,-0.002246,-0.002095,-0.053213,22.520414,1.147245,-0.532130,-553.031677,-0.054566,0.000000
154.820007,5.050125,-552.987183,-0.002242,-0.002095,-0.053222,22.464079,1.144375,-0.532216,-552.987183,-0.054583,0.000000
154.830002,5.041565,-552.942688,-0.002173,-0.002096,-0.053230,22.426001,1.142435,-0.532303,-552.942688,-0.054601,0.000000
154.840012,5.028900,-553.031677,-0.002186,-0.002096,-0.053230,22.369665,1.139565,-0.532303,-553.031677,-0.054618,0.000000
154.850006,5.014740,-552.987183,-0.002151,-0.002096,-0.053230,22.306677,1.136356,-0.532303,-552.987183,-0.054635,0.000000
154.860001,5.003571,-552.942688,-0.002182,-0.002096,-0.053239,22.256994,1.133825,-0.532390,-552.942688,-0.054653,0.000000
154.870010,4.987930,-553.120605,-0.002147,-0.002098,-0.053300,22.187422,1.130281,-0.532997,-553.120605,-0.054661,0.000000
154.880005,4.936920,-552.942688,-0.002212,-0.002102,-0.053395,21.960518,1.118722,-0.533951,-552.942688,-0.054679,0.000000
154.890015,4.761154,-552.987183,-0.002259,-0.002105,-0.053456,21.178671,1.078893,-0.534558,-552.987183,-0.054696,0.000000
154.900009,4.582794,-552.942688,-0.002264,-0.002106,-0.053490,20.385286,1.038476,-0.534905,-552.942688,-0.054713,0.000000
154.910004,4.451721,-552.987183,-0.002242,-0.002109,-0.053569,19.802244,1.008775,-0.535685,-552.987183,-0.054731,0.000000
154.920013,4.322128,-552.987183,-0.002229,-0.002111,-0.053629,19.225786,0.979408,-0.536292,-552.987183,-0.054748,0.000000
154.930008,4.145264,-552.942688,-0.002251,-0.002113,-0.053664,18.439054,0.939330,-0.536639,-552.942688,-0.054765,0.000000
154.940002,4.024979,-553.076172,-0.002225,-0.002114,-0.053707,17.903999,0.912073,-0.537073,-553.076172,-0.054783,0.000000
154.950012,3.924072,-552.942688,-0.002233,-0.002115,-0.053725,17.455145,0.889207,-0.537246,-552.942688,-0.054800,0.000000
154.960007,3.832092,-552.987183,-0.002233,-0.002116,-0.053751,17.045998,0.868365,-0.537507,-552.987183,-0.054817,0.000000
154.970001,3.759476,-553.031677,-0.002251,-0.002117,-0.053777,16.722982,0.851909,-0.537767,-553.031677,-0.054835,0.000000
154.980011,3.687241,-552.898193,-0.002255,-0.002119,-0.053811,16.401665,0.835541,-0.538114,-552.898193,-0.054852,0.000000
154.990005,3.612015,-552.987183,-0.002272,-0.002119,-0.053820,16.067043,0.818494,-0.538200,-552.987183,-0.054861,0.000000
155.000000,3.552063,-552.942688,-0.002255,-0.002119,-0.053820,15.800365,0.804909,-0.538200,-552.942688,-0.054878,0.000000
155.010010,3.517807,-552.987183,-0.002268,-0.002119,-0.053829,15.647987,0.797146,-0.538287,-552.987183,-0.054895,0.000000
155.020004,3.498444,-552.987183,-0.002199,-0.002119,-0.053829,15.561854,0.792759,-0.538287,-552.987183,-0.054913,0.000000
155.030014,3.491745,-552.942688,-0.002151,-0.002119,-0.053829,15.532058,0.791241,-0.538287,-552.942688,-0.054930,0.000000
155.040009,3.478333,-553.076172,-0.002195,-0.002119,-0.053829,15.472396,0.788201,-0.538287,-553.076172,-0.054947,0.000000
155.050003,3.457855,-552.898193,-0.002233,-0.002119,-0.053829,15.381309,0.783561,-0.538287,-552.898193,-0.054965,0.000000
155.060013,3.442596,-553.031677,-0.002251,-0.002119,-0.053829,15.313434,0.780104,-0.538287,-553.031677,-0.054982,0.000000
155.070007,3.436264,-552.987183,-0.002276,-0.002120,-0.053837,15.285266,0.778669,-0.538374,-552.987183,-0.054999,0.000000
155.080002,3.421738,-552.987183,-0.002229,-0.002120,-0.053837,15.220650,0.775377,-0.538374,-552.987183,-0.055017,0.000000
155.090012,3.399765,-552.987183,-0.002199,-0.002121,-0.053863,15.122910,0.770398,-0.538634,-552.987183,-0.055034,0.000000
155.100006,3.377426,-552.942688,-0.002147,-0.002124,-0.053941,15.023541,0.765336,-0.539414,-552.942688,-0.055051,0.000000
155.110001,3.308914,-553.031677,-0.002164,-0.002127,-0.054019,14.718785,0.749811,-0.540195,-553.031677,-0.055069,0.000000
155.120010,3.150284,-553.031677,-0.002164,-0.002129,-0.054072,14.013163,0.713865,-0.540715,-553.031677,-0.055078,0.000000
155.130005,2.995377,-552.942688,-0.002160,-0.002129,-0.054089,13.324100,0.678762,-0.540889,-552.942688,-0.055095,0.000000
155.140015,2.900787,-553.031677,-0.002199,-0.002129,-0.054089,12.903347,0.657328,-0.540889,-553.031677,-0.055112,0.000000
155.150009,2.850891,-552.987183,-0.002216,-0.002130,-0.054098,12.681397,0.646021,-0.540975,-552.987183,-0.055130,0.000000
155.160004,2.826309,-552.987183,-0.002238,-0.002130,-0.054098,12.572051,0.640451,-0.540975,-552.987183,-0.055147,0.000000
155.170013,2.803604,-553.031677,-0.002294,-0.002130,-0.054106,12.471054,0.635306,-0.541062,-553.031677,-0.055164,0.000000
155.180008,2.796158,-552.942688,-0.002255,-0.002130,-0.054106,12.437931,0.633618,-0.541062,-552.942688,-0.055182,0.000000
155.190002,2.779770,-553.031677,-0.002251,-0.002131,-0.054115,12.365034,0.629905,-0.541149,-553.031677,-0.055199,0.000000
155.200012,2.757050,-552.942688,-0.002272,-0.002131,-0.054132,12.263969,0.624756,-0.541322,-552.942688,-0.055216,0.000000
155.210007,2.724289,-553.031677,-0.002212,-0.002133,-0.054167,12.118242,0.617333,-0.541669,-553.031677,-0.055234,0.000000
155.220001,2.683319,-553.031677,-0.002160,-0.002134,-0.054210,11.936000,0.608049,-0.542103,-553.031677,-0.055251,0.000000
155.230011,2.611832,-552.898193,-0.002160,-0.002136,-0.054245,11.618008,0.591850,-0.542450,-552.898193,-0.055268,0.000000
155.240005,2.528793,-553.031677,-0.002182,-0.002136,-0.054245,11.248634,0.573033,-0.542450,-553.031677,-0.055286,0.000000
155.250000,2.461761,-552.942688,-0.002164,-0.002136,-0.054262,10.950462,0.557843,-0.542623,-552.942688,-0.055294,0.000000
155.260010,2.437180,-553.031677,-0.002147,-0.002137,-0.054271,10.841116,0.552273,-0.542710,-553.031677,-0.055312,0.000000
155.270004,2.410751,-552.987183,-0.002186,-0.002137,-0.054271,10.723557,0.546284,-0.542710,-552.987183,-0.055329,0.000000
155.280014,2.389145,-552.942688,-0.002203,-0.002137,-0.054271,10.627447,0.541388,-0.542710,-552.942688,-0.055346,0.000000
155.290009,2.370163,-553.076172,-0.002225,-0.002137,-0.054288,10.543012,0.537087,-0.542883,-553.076172,-0.055364,0.000000
155.300003,2.351532,-552.987183,-0.002238,-0.002138,-0.054297,10.460136,0.532865,-0.542970,-552.987183,-0.055381,0.000000
155.310013,2.318405,-553.076172,-0.002285,-0.002138,-0.054297,10.312781,0.525358,-0.542970,-553.076172,-0.055398,0.000000
155.320007,2.304993,-553.031677,-0.002276,-0.002138,-0.054297,10.253119,0.522319,-0.542970,-553.031677,-0.055416,0.000000
155.330002,2.295319,-552.898193,-0.002272,-0.002138,-0.054297,10.210087,0.520127,-0.542970,-552.898193,-0.055433,0.000000
155.340012,2.289352,-553.031677,-0.002233,-0.002138,-0.054297,10.183548,0.518775,-0.542970,-553.031677,-0.055450,0.000000
155.350006,2.288605,-552.942688,-0.002203,-0.002138,-0.054297,10.180223,0.518605,-0.542970,-552.942688,-0.055468,0.000000
155.360001,2.277435,-552.987183,-0.002207,-0.002138,-0.054297,10.130538,0.516074,-0.542970,-552.987183,-0.055485,0.000000
155.370010,2.262909,-553.031677,-0.002229,-0.002138,-0.054297,10.065922,0.512783,-0.542970,-553.031677,-0.055502,0.000000
155.380005,2.255096,-552.987183,-0.002169,-0.002138,-0.054297,10.031170,0.511012,-0.542970,-552.987183,-0.055511,0.000000
155.390015,2.250626,-553.031677,-0.002164,-0.002138,-0.054297,10.011283,0.509999,-0.542970,-553.031677,-0.055528,0.000000
155.400009,2.238342,-553.031677,-0.002177,-0.002138,-0.054297,9.956644,0.507216,-0.542970,-553.031677,-0.055546,0.000000
155.410004,2.233871,-553.031677,-0.002220,-0.002138,-0.054297,9.936756,0.506203,-0.542970,-553.031677,-0.055563,0.000000
155.420013,2.227173,-553.076172,-0.002268,-0.002138,-0.054297,9.906960,0.504685,-0.542970,-553.076172,-0.055580,0.000000
155.430008,2.221954,-552.942688,-0.002238,-0.002138,-0.054297,9.883746,0.503502,-0.542970,-552.942688,-0.055598,0.000000
155.440002,2.207428,-553.076172,-0.002182,-0.002138,-0.054297,9.819130,0.500210,-0.542970,-553.076172,-0.055615,0.000000
155.450012,2.208923,-552.942688,-0.002186,-0.002138,-0.054297,9.825782,0.500549,-0.542970,-552.942688,-0.055633,0.000000
155.460007,2.208923,-553.031677,-0.002251,-0.002138,-0.054297,9.825782,0.500549,-0.542970,-553.031677,-0.055650,0.000000
155.470001,2.209671,-552.987183,-0.002298,-0.002138,-0.054297,9.829107,0.500719,-0.542970,-552.987183,-0.055667,0.000000
155.480011,2.206314,-552.987183,-0.002281,-0.002138,-0.054297,9.814176,0.499958,-0.542970,-552.987183,-0.055685,0.000000
155.490005,2.200363,-553.076172,-0.002238,-0.002140,-0.054349,9.787704,0.498609,-0.543490,-553.076172,-0.055702,0.000000
155.500000,2.182480,-552.987183,-0.002225,-0.002145,-0.054479,9.708156,0.494557,-0.544791,-552.987183,-0.055719,0.000000
155.510010,2.030548,-552.987183,-0.002190,-0.002151,-0.054627,9.032329,0.460129,-0.546265,-552.987183,-0.055728,0.000000
155.520004,1.771378,-553.031677,-0.002195,-0.002155,-0.054731,7.879481,0.401400,-0.547306,-553.031677,-0.055745,0.000000
155.530014,1.521149,-552.942688,-0.002182,-0.002156,-0.054757,6.766407,0.344697,-0.547566,-552.942688,-0.055763,0.000000
155.540009,1.374435,-553.076172,-0.002186,-0.002156,-0.054757,6.113794,0.311452,-0.547566,-553.076172,-0.055780,0.000000
155.550003,1.321182,-552.987183,-0.002195,-0.002156,-0.054757,5.876912,0.299384,-0.547566,-552.987183,-0.055797,0.000000
155.560013,1.295486,-552.987183,-0.002186,-0.002156,-0.054757,5.762611,0.293561,-0.547566,-552.987183,-0.055815,0.000000
155.570007,1.284698,-553.076172,-0.002212,-0.002156,-0.054757,5.714624,0.291117,-0.547566,-553.076172,-0.055832,0.000000
155.580002,1.273895,-552.987183,-0.002220,-0.002156,-0.054757,5.666569,0.288669,-0.547566,-552.987183,-0.055849,0.000000
155.590012,1.261978,-553.165100,-0.002238,-0.002156,-0.054757,5.613559,0.285968,-0.547566,-553.165100,-0.055867,0.000000
155.600006,1.241119,-553.031677,-0.002242,-0.002156,-0.054765,5.520775,0.281242,-0.547653,-553.031677,-0.055884,0.000000
155.610001,1.238892,-553.076172,-0.002255,-0.002158,-0.054809,5.510865,0.280737,-0.548087,-553.076172,-0.055901,0.000000
155.620010,1.215424,-553.031677,-0.002285,-0.002160,-0.054852,5.406474,0.275419,-0.548520,-553.031677,-0.055919,0.000000
155.630005,1.146164,-552.987183,-0.002276,-0.002160,-0.054869,5.098392,0.259724,-0.548694,-552.987183,-0.055936,0.000000
155.640015,1.088821,-553.076172,-0.002272,-0.002160,-0.054861,4.843319,0.246730,-0.548607,-553.076172,-0.055945,0.000000
155.650009,1.103348,-552.987183,-0.002298,-0.002158,-0.054809,4.907936,0.250022,-0.548087,-552.987183,-0.054869,0.000000
155.660004,1.105209,-553.076172,-0.002289,-0.002157,-0.054783,4.916217,0.250444,-0.547826,-553.076172,-0.054869,0.000000
155.670013,1.111542,-552.987183,-0.002251,-0.002157,-0.054783,4.944385,0.251879,-0.547826,-552.987183,-0.054869,0.000000
155.680008,1.113022,-552.942688,-0.002246,-0.002156,-0.054774,4.950968,0.252214,-0.547740,-552.942688,-0.054869,0.000000
155.690002,1.115265,-553.031677,-0.002242,-0.002156,-0.054774,4.960946,0.252723,-0.547740,-553.031677,-0.054869,0.000000
155.700012,1.113022,-552.942688,-0.002272,-0.002156,-0.054774,4.950968,0.252214,-0.547740,-552.942688,-0.054869,0.000000
155.710007,1.116379,-553.031677,-0.002164,-0.002156,-0.054774,4.965901,0.252975,-0.547740,-553.031677,-0.054869,0.000000
155.720001,1.107819,-553.031677,-0.002164,-0.002156,-0.054774,4.927823,0.251035,-0.547740,-553.031677,-0.054869,0.000000
155.730011,1.111542,-552.942688,-0.002195,-0.002156,-0.054774,4.944385,0.251879,-0.547740,-552.942688,-0.054869,0.000000
155.740005,1.112656,-553.031677,-0.002190,-0.002156,-0.054774,4.949339,0.252131,-0.547740,-553.031677,-0.054869,0.000000
155.750000,1.109299,-552.898193,-0.002199,-0.002156,-0.054774,4.934407,0.251371,-0.547740,-552.898193,-0.054869,0.000000
155.760010,1.124207,-553.031677,-0.002289,-0.002156,-0.054774,5.000721,0.254749,-0.547740,-553.031677,-0.054869,0.000000
155.770004,1.114151,-553.031677,-0.002302,-0.002156,-0.054774,4.955991,0.252470,-0.547740,-553.031677,-0.054869,0.000000
155.780014,1.114883,-552.942688,-0.002259,-0.002156,-0.054774,4.959249,0.252636,-0.547740,-552.942688,-0.054869,0.000000
155.790009,1.115631,-553.120605,-0.002272,-0.002156,-0.054774,4.962575,0.252806,-0.547740,-553.120605,-0.054869,0.000000
155.800003,1.116013,-552.987183,-0.002281,-0.002156,-0.054774,4.964272,0.252892,-0.547740,-552.987183,-0.054869,0.000000
155.900009,1.117493,-552.987183,-0.002225,-0.002156,-0.054765,4.970856,0.253227,-0.547653,-552.987183,-0.054869,0.000000
156.000000,1.130157,-552.987183,-0.002207,-0.002156,-0.054765,5.027192,0.256097,-0.547653,-552.987183,-0.054869,0.000000
156.100006,-0.032761,-552.942688,-0.004980,-0.004820,-0.122426,-0.145727,-0.007424,-1.224262,-552.942688,-0.132712,0.000000
156.200012,-0.100540,-552.987183,-0.008364,-0.008068,-0.204917,-0.447225,-0.022783,-2.049168,-552.987183,-0.216009,0.000000
156.300003,-0.135162,-552.987183,-0.011602,-0.011348,-0.288231,-0.601232,-0.030628,-2.882311,-552.987183,-0.299306,0.000000
156.400009,-0.407364,-553.031677,-0.012249,-0.014629,-0.371580,-1.812045,-0.092310,-3.715802,-553.031677,-0.382603,0.000000
156.500000,-0.446472,-552.987183,-0.012219,-0.017908,-0.454851,-1.986007,-0.101172,-4.548512,-552.987183,-0.465900,0.000000
156.600006,-0.436417,-553.076172,-0.012219,-0.021188,-0.538166,-1.941278,-0.098893,-5.381656,-553.076172,-0.549197,0.000000
156.700012,-0.440506,-553.031677,-0.012227,-0.024468,-0.621489,-1.959468,-0.099820,-6.214887,-553.031677,-0.632494,0.000000
156.800003,-0.477371,-553.031677,-0.012219,-0.027746,-0.704742,-2.123453,-0.108174,-7.047423,-553.031677,-0.715791,0.000000
156.900009,-0.457260,-552.987183,-0.012335,-0.031026,-0.788057,-2.033995,-0.103617,-7.880567,-552.987183,-0.799088,0.000000
157.000000,-0.467316,-552.942688,-0.012275,-0.034306,-0.871371,-2.078724,-0.105895,-8.713711,-552.942688,-0.882385,0.000000
157.100006,-0.494507,-552.987183,-0.012206,-0.037584,-0.954625,-2.199676,-0.112057,-9.546247,-552.987183,-0.965682,0.000000
157.200012,-0.468445,-553.031677,-0.012292,-0.040863,-1.037930,-2.083747,-0.106151,-10.379304,-553.031677,-1.048979,0.000000
157.300003,-0.486679,-552.987183,-0.012253,-0.044144,-1.121253,-2.164857,-0.110283,-11.212535,-552.987183,-1.132276,0.000000
157.400009,-0.520569,-553.031677,-0.012288,-0.047422,-1.204507,-2.315606,-0.117963,-12.045072,-553.031677,-1.215573,0.000000
157.500000,-0.481842,-553.031677,-0.012309,-0.050702,-1.287839,-2.143340,-0.109187,-12.878389,-553.031677,-1.298870,0.000000
157.600006,-0.522797,-553.031677,-0.012344,-0.053982,-1.371136,-2.325516,-0.118467,-13.711359,-553.031677,-1.382167,0.000000
157.700012,-0.523926,-552.942688,-0.012210,-0.057260,-1.454407,-2.330538,-0.118723,-14.544069,-552.942688,-1.465464,0.000000
157.800003,-0.498596,-552.987183,-0.012284,-0.060541,-1.537730,-2.217867,-0.112984,-15.377299,-552.987183,-1.548761,0.000000
157.900009,-0.541428,-553.031677,-0.012288,-0.063819,-1.621001,-2.408390,-0.122689,-16.210009,-553.031677,-1.632058,0.000000
158.000000,-0.541794,-553.031677,-0.012184,-0.067098,-1.704289,-2.410019,-0.122772,-17.042894,-553.031677,-1.715355,0.000000
158.100006,-0.520569,-553.031677,-0.012327,-0.070379,-1.787621,-2.315606,-0.117963,-17.876211,-553.031677,-1.798652,0.000000
158.200012,-0.552963,-553.031677,-0.012322,-0.073657,-1.870883,-2.459703,-0.125303,-18.708834,-553.031677,-1.881949,0.000000
158.300003,-0.560410,-553.076172,-0.012236,-0.076936,-1.954180,-2.492826,-0.126991,-19.541805,-553.076172,-1.965246,0.000000
158.400009,-0.533981,-553.076172,-0.012327,-0.080216,-2.037495,-2.375268,-0.121002,-20.374947,-553.076172,-2.048543,0.000000
158.500000,-0.584610,-553.120605,-0.012227,-0.083494,-2.120757,-2.600475,-0.132475,-21.207571,-553.120605,-2.131840,0.000000
158.600006,-0.557800,-553.076172,-0.012301,-0.086773,-2.204045,-2.481220,-0.126399,-22.040453,-553.076172,-2.215137,0.000000
158.700012,-0.559662,-553.031677,-0.012322,-0.090054,-2.287377,-2.489500,-0.126821,-22.873772,-553.031677,-2.298434,0.000000
158.800003,-0.593933,-553.076172,-0.012318,-0.093332,-2.370639,-2.641946,-0.134587,-23.706394,-553.076172,-2.381731,0.000000
158.900009,-0.583130,-553.031677,-0.012305,-0.096612,-2.453937,-2.593891,-0.132139,-24.539366,-553.031677,-2.465028,0.000000
159.000000,-0.587601,-553.076172,-0.012219,-0.099892,-2.537260,-2.613779,-0.133152,-25.372597,-553.076172,-2.548326,0.000000
159.100006,-0.616272,-553.076172,-0.012245,-0.103170,-2.620531,-2.741315,-0.139649,-26.205307,-553.076172,-2.631475,0.000000
159.200012,-0.593552,-553.076172,-0.012232,-0.106450,-2.703819,-2.640249,-0.134501,-27.038191,-553.076172,-2.714772,0.000000
159.300003,-0.604721,-553.031677,-0.012210,-0.109730,-2.787133,-2.689934,-0.137032,-27.871332,-553.031677,-2.798069,0.000000
159.400009,-0.625214,-553.076172,-0.012314,-0.113008,-2.870396,-2.781089,-0.141675,-28.703957,-553.076172,-2.881366,0.000000
159.500000,-0.598389,-553.031677,-0.012348,-0.116287,-2.953684,-2.661766,-0.135597,-29.536840,-553.031677,-2.964663,0.000000
159.600006,-0.621857,-553.076172,-0.012236,-0.119568,-3.037016,-2.766157,-0.140915,-30.370157,-553.076172,-3.047960,0.000000
159.700012,-0.651276,-553.120605,-0.012296,-0.122846,-3.120278,-2.897019,-0.147581,-31.202780,-553.120605,-3.131257,0.000000
159.800003,-0.625946,-553.076172,-0.012232,-0.126125,-3.203575,-2.784347,-0.141841,-32.035751,-553.076172,-3.214554,0.000000
159.900009,-0.635254,-553.076172,-0.012258,-0.129405,-3.286889,-2.825751,-0.143951,-32.868893,-553.076172,-3.297851,0.000000
160.000000,-0.652390,-553.076172,-0.012296,-0.132683,-3.370152,-2.901973,-0.147834,-33.701519,-553.076172,-3.381148,0.000000
160.100006,-0.630798,-553.076172,-0.012322,-0.135963,-3.453457,-2.805931,-0.142941,-34.534573,-553.076172,-3.464445,0.000000
160.200012,-0.657974,-553.120605,-0.012193,-0.139243,-3.536763,-2.926816,-0.149099,-35.367634,-553.120605,-3.547742,0.000000
160.300003,-0.650894,-553.165100,-0.012219,-0.142521,-3.620034,-2.895322,-0.147495,-36.200344,-553.165100,-3.631039,0.000000
160.400009,-0.624084,-553.031677,-0.012202,-0.145801,-3.703349,-2.776066,-0.141420,-37.033485,-553.031677,-3.714336,0.000000
160.500000,-0.657608,-553.120605,-0.012245,-0.149080,-3.786637,-2.925187,-0.149016,-37.866371,-553.120605,-3.797633,0.000000
160.600006,-0.659088,-553.120605,-0.012258,-0.152359,-3.869916,-2.931771,-0.149352,-38.699165,-553.120605,-3.880930,0.000000
160.700012,-0.622223,-553.120605,-0.012266,-0.155639,-3.953231,-2.767786,-0.140998,-39.532310,-553.120605,-3.964227,0.000000
160.800003,-0.666168,-553.120605,-0.012215,-0.158919,-4.036537,-2.963264,-0.150956,-40.365368,-553.120605,-4.047524,0.000000
160.900009,-0.660202,-553.120605,-0.012279,-0.162197,-4.119808,-2.936725,-0.149604,-41.198078,-553.120605,-4.130821,0.000000
161.000015,-0.650894,-553.120605,-0.012210,-0.165477,-4.203104,-2.895322,-0.147495,-42.031048,-553.120605,-4.214118,0.000000
161.100006,-0.690002,-553.120605,-0.012288,-0.168756,-4.286393,-3.069284,-0.156357,-42.863930,-553.120605,-4.297415,0.000000
161.200012,-0.677338,-553.120605,-0.012318,-0.172035,-4.369681,-3.012948,-0.153487,-43.696815,-553.120605,-4.380713,0.000000
161.300003,-0.652756,-553.165100,-0.012279,-0.175315,-4.453013,-2.903603,-0.147917,-44.530132,-553.165100,-4.464009,0.000000
161.400009,-0.699677,-553.120605,-0.012253,-0.178594,-4.536293,-3.112317,-0.158549,-45.362926,-553.120605,-4.547307,0.000000
161.500015,-0.676971,-553.076172,-0.012202,-0.181873,-4.619564,-3.011319,-0.153404,-46.195637,-553.076172,-4.630603,0.000000
161.600006,-0.666916,-553.209595,-0.012206,-0.185154,-4.702904,-2.966590,-0.151125,-47.029041,-553.209595,-4.713901,0.000000
161.700012,-0.695587,-553.209595,-0.012301,-0.188430,-4.786132,-3.094126,-0.157622,-47.861317,-553.209595,-4.797197,0.000000
161.800003,-0.678452,-553.165100,-0.012223,-0.191710,-4.869438,-3.017903,-0.153739,-48.694378,-553.165100,-4.880495,0.000000
161.900009,-0.677338,-553.209595,-0.012236,-0.194991,-4.952769,-3.012948,-0.153487,-49.527695,-553.209595,-4.963792,0.000000
162.000015,-0.706390,-553.209595,-0.012193,-0.198269,-5.036023,-3.142181,-0.160070,-50.360229,-553.209595,-5.047089,0.000000
162.100006,-0.691116,-553.254089,-0.012202,-0.201548,-5.119320,-3.074239,-0.156609,-51.193203,-553.254089,-5.130386,0.000000
162.200012,-0.691483,-553.165100,-0.012301,-0.204828,-5.202643,-3.075868,-0.156692,-52.026432,-553.165100,-5.213683,0.000000
162.300003,-0.717926,-553.209595,-0.012348,-0.208105,-5.285879,-3.193495,-0.162684,-52.858795,-553.209595,-5.296980,0.000000
162.400009,-0.681808,-553.165100,-0.012292,-0.211386,-5.369211,-3.032835,-0.154500,-53.692112,-553.165100,-5.380277,0.000000
162.500015,-0.706390,-553.209595,-0.012210,-0.214666,-5.452525,-3.142181,-0.160070,-54.525253,-553.209595,-5.463574,0.000000
162.600006,-0.707504,-553.120605,-0.012223,-0.217944,-5.535779,-3.147136,-0.160323,-55.357792,-553.120605,-5.546871,0.000000
162.700012,-0.686279,-553.165100,-0.012202,-0.221225,-5.619111,-3.052723,-0.155513,-56.191113,-553.165100,-5.630021,0.000000
162.800003,-0.689621,-553.209595,-0.012322,-0.224504,-5.702390,-3.067587,-0.156270,-57.023907,-553.209595,-5.713317,0.000000
162.900009,-0.722015,-553.209595,-0.012309,-0.227782,-5.785653,-3.211685,-0.163611,-57.856529,-553.209595,-5.796615,0.000000
163.000015,-0.681427,-553.209595,-0.012348,-0.231062,-5.868984,-3.031139,-0.154414,-58.689846,-553.209595,-5.879911,0.000000
163.100006,-0.698929,-553.120605,-0.012327,-0.234342,-5.952281,-3.108991,-0.158380,-59.522816,-553.120605,-5.963209,0.000000
163.200012,-0.705261,-553.254089,-0.012279,-0.237619,-6.035527,-3.137159,-0.159814,-60.355267,-553.254089,-6.046505,0.000000
163.300003,-0.680313,-553.209595,-0.012309,-0.240900,-6.118858,-3.026184,-0.154161,-61.188583,-553.209595,-6.129803,0.000000
163.400009,-0.716064,-553.254089,-0.012305,-0.244179,-6.202147,-3.185214,-0.162263,-62.021469,-553.254089,-6.213099,0.000000
163.500015,-0.704529,-553.254089,-0.012210,-0.247458,-6.285426,-3.133901,-0.159649,-62.854263,-553.254089,-6.296397,0.000000
163.600006,-0.679199,-553.209595,-0.012314,-0.250738,-6.368749,-3.021229,-0.153909,-63.687489,-553.209595,-6.379693,0.000000
163.700012,-0.713837,-553.209595,-0.012202,-0.254017,-6.452029,-3.175304,-0.161758,-64.520287,-553.209595,-6.462990,0.000000
163.800003,-0.710846,-553.120605,-0.012223,-0.257296,-6.535308,-3.162001,-0.161080,-65.353088,-553.120605,-6.546288,0.000000
163.900009,-0.664673,-553.209595,-0.012253,-0.260575,-6.618614,-2.956613,-0.150617,-66.186142,-553.209595,-6.629585,0.000000
164.000015,-0.701920,-553.254089,-0.012318,-0.263854,-6.701902,-3.122294,-0.159057,-67.019020,-553.254089,-6.712881,0.000000
164.100006,-0.698929,-553.209595,-0.012215,-0.267134,-6.785191,-3.108991,-0.158380,-67.851913,-553.209595,-6.796178,0.000000
164.200012,-0.673615,-553.254089,-0.012340,-0.270414,-6.868522,-2.996387,-0.152643,-68.685226,-553.254089,-6.879476,0.000000
164.300003,-0.714569,-553.254089,-0.012249,-0.273693,-6.951794,-3.178562,-0.161924,-69.517937,-553.254089,-6.962773,0.000000
164.400009,-0.690002,-553.298523,-0.012296,-0.276972,-7.035082,-3.069284,-0.156357,-70.350822,-553.298523,-7.046069,0.000000
164.500015,-0.681427,-553.254089,-0.012240,-0.280253,-7.118414,-3.031139,-0.154414,-71.184143,-553.254089,-7.129366,0.000000
164.600006,-0.719421,-553.209595,-0.012357,-0.283530,-7.201667,-3.200146,-0.163023,-72.016670,-553.209595,-7.212664,0.000000
164.700012,-0.697815,-553.254089,-0.012305,-0.286810,-7.284964,-3.104036,-0.158127,-72.849648,-553.254089,-7.295961,0.000000
164.800003,-0.697449,-553.254089,-0.012370,-0.290090,-7.368287,-3.102407,-0.158044,-73.682877,-553.254089,-7.379257,0.000000
164.900009,-0.725372,-553.254089,-0.012352,-0.293368,-7.451558,-3.226617,-0.164372,-74.515579,-553.254089,-7.462554,0.000000
165.000015,-0.699310,-553.254089,-0.012288,-0.296648,-7.534855,-3.110687,-0.158466,-75.348557,-553.254089,-7.545852,0.000000
165.100006,-0.707504,-553.209595,-0.012253,-0.299928,-7.618170,-3.147136,-0.160323,-76.181702,-553.209595,-7.629149,0.000000
165.200012,-0.714569,-553.254089,-0.012340,-0.303206,-7.701423,-3.178562,-0.161924,-77.014229,-553.254089,-7.712445,0.000000
165.300003,-0.703400,-553.298523,-0.012314,-0.306485,-7.784720,-3.128878,-0.159393,-77.847206,-553.298523,-7.795743,0.000000
165.400009,-0.701172,-553.254089,-0.012249,-0.309766,-7.868061,-3.118968,-0.158888,-78.680611,-553.254089,-7.879040,0.000000
165.500015,-0.724625,-553.254089,-0.012245,-0.313044,-7.951306,-3.223291,-0.164202,-79.513062,-553.254089,-7.962337,0.000000
165.600006,-0.659470,-553.254089,-0.012206,-0.314985,-8.000625,-2.933467,-0.149438,-80.006256,-553.254089,-8.000096,0.000000
165.700012,-0.630417,-553.298523,-0.012271,-0.314960,-7.999974,-2.804234,-0.142854,-79.999741,-553.298523,-8.000096,0.000000
